Input	Output
turn opposite right thrice and turn opposite left	I_TURN_RIGHT I_TURN_RIGHT I_TURN_RIGHT I_TURN_RIGHT I_TURN_RIGHT I_TURN_RIGHT I_TURN_LEFT I_TURN_LEFT
run right twice after walk right twice	I_TURN_RIGHT I_WALK I_TURN_RIGHT I_WALK I_TURN_RIGHT I_RUN I_TURN_RIGHT I_RUN
look around right twice and turn left thrice	I_TURN_RIGHT I_LOOK I_TURN_RIGHT I_LOOK I_TURN_RIGHT I_LOOK I_TURN_RIGHT I_LOOK I_TURN_RIGHT I_LOOK I_TURN_RIGHT I_LOOK I_TURN_RIGHT I_LOOK I_TURN_RIGHT I_LOOK I_TURN_LEFT I_TURN_LEFT I_TURN_LEFT
jump around left thrice and run right thrice	I_TURN_LEFT I_JUMP I_TURN_LEFT I_JUMP I_TURN_LEFT I_JUMP I_TURN_LEFT I_JUMP I_TURN_LEFT I_JUMP I_TURN_LEFT I_JUMP I_TURN_LEFT I_JUMP I_TURN_LEFT I_JUMP I_TURN_LEFT I_JUMP I_TURN_LEFT I_JUMP I_TURN_LEFT I_JUMP I_TURN_LEFT I_JUMP I_TURN_RIGHT I_RUN I_TURN_RIGHT I_RUN I_TURN_RIGHT I_RUN
run thrice and walk opposite left	I_RUN I_RUN I_RUN I_TURN_LEFT I_TURN_LEFT I_WALK
jump opposite right after walk around right thrice	I_TURN_RIGHT I_WALK I_TURN_RIGHT I_WALK I_TURN_RIGHT I_WALK I_TURN_RIGHT I_WALK I_TURN_RIGHT I_WALK I_TURN_RIGHT I_WALK I_TURN_RIGHT I_WALK I_TURN_RIGHT I_WALK I_TURN_RIGHT I_WALK I_TURN_RIGHT I_WALK I_TURN_RIGHT I_WALK I_TURN_RIGHT I_WALK I_TURN_RIGHT I_TURN_RIGHT I_JUMP
look around left after jump around left twice	I_TURN_LEFT I_JUMP I_TURN_LEFT I_JUMP I_TURN_LEFT I_JUMP I_TURN_LEFT I_JUMP I_TURN_LEFT I_JUMP I_TURN_LEFT I_JUMP I_TURN_LEFT I_JUMP I_TURN_LEFT I_JUMP I_TURN_LEFT I_LOOK I_TURN_LEFT I_LOOK I_TURN_LEFT I_LOOK I_TURN_LEFT I_LOOK
look opposite right twice and jump opposite left twice	I_TURN_RIGHT I_TURN_RIGHT I_LOOK I_TURN_RIGHT I_TURN_RIGHT I_LOOK I_TURN_LEFT I_TURN_LEFT I_JUMP I_TURN_LEFT I_TURN_LEFT I_JUMP
look opposite right thrice after look around left	I_TURN_LEFT I_LOOK I_TURN_LEFT I_LOOK I_TURN_LEFT I_LOOK I_TURN_LEFT I_LOOK I_TURN_RIGHT I_TURN_RIGHT I_LOOK I_TURN_RIGHT I_TURN_RIGHT I_LOOK I_TURN_RIGHT I_TURN_RIGHT I_LOOK
walk twice after look opposite left	I_TURN_LEFT I_TURN_LEFT I_LOOK I_WALK I_WALK
turn right twice after run opposite right thrice	I_TURN_RIGHT I_TURN_RIGHT I_RUN I_TURN_RIGHT I_TURN_RIGHT I_RUN I_TURN_RIGHT I_TURN_RIGHT I_RUN I_TURN_RIGHT I_TURN_RIGHT
turn opposite right after look twice	I_LOOK I_LOOK I_TURN_RIGHT I_TURN_RIGHT
jump around left twice after walk opposite left thrice	I_TURN_LEFT I_TURN_LEFT I_WALK I_TURN_LEFT I_TURN_LEFT I_WALK I_TURN_LEFT I_TURN_LEFT I_WALK I_TURN_LEFT I_JUMP I_TURN_LEFT I_JUMP I_TURN_LEFT I_JUMP I_TURN_LEFT I_JUMP I_TURN_LEFT I_JUMP I_TURN_LEFT I_JUMP I_TURN_LEFT I_JUMP I_TURN_LEFT I_JUMP
jump around right thrice after look left thrice	I_TURN_LEFT I_LOOK I_TURN_LEFT I_LOOK I_TURN_LEFT I_LOOK I_TURN_RIGHT I_JUMP I_TURN_RIGHT I_JUMP I_TURN_RIGHT I_JUMP I_TURN_RIGHT I_JUMP I_TURN_RIGHT I_JUMP I_TURN_RIGHT I_JUMP I_TURN_RIGHT I_JUMP I_TURN_RIGHT I_JUMP I_TURN_RIGHT I_JUMP I_TURN_RIGHT I_JUMP I_TURN_RIGHT I_JUMP I_TURN_RIGHT I_JUMP
walk left thrice after run twice	I_RUN I_RUN I_TURN_LEFT I_WALK I_TURN_LEFT I_WALK I_TURN_LEFT I_WALK
run around right thrice after jump opposite right	I_TURN_RIGHT I_TURN_RIGHT I_JUMP I_TURN_RIGHT I_RUN I_TURN_RIGHT I_RUN I_TURN_RIGHT I_RUN I_TURN_RIGHT I_RUN I_TURN_RIGHT I_RUN I_TURN_RIGHT I_RUN I_TURN_RIGHT I_RUN I_TURN_RIGHT I_RUN I_TURN_RIGHT I_RUN I_TURN_RIGHT I_RUN I_TURN_RIGHT I_RUN I_TURN_RIGHT I_RUN
run left twice after jump opposite left twice	I_TURN_LEFT I_TURN_LEFT I_JUMP I_TURN_LEFT I_TURN_LEFT I_JUMP I_TURN_LEFT I_RUN I_TURN_LEFT I_RUN
walk around right twice after run opposite left	I_TURN_LEFT I_TURN_LEFT I_RUN I_TURN_RIGHT I_WALK I_TURN_RIGHT I_WALK I_TURN_RIGHT I_WALK I_TURN_RIGHT I_WALK I_TURN_RIGHT I_WALK I_TURN_RIGHT I_WALK I_TURN_RIGHT I_WALK I_TURN_RIGHT I_WALK
run twice after turn right thrice	I_TURN_RIGHT I_TURN_RIGHT I_TURN_RIGHT I_RUN I_RUN
turn around left thrice after look	I_LOOK I_TURN_LEFT I_TURN_LEFT I_TURN_LEFT I_TURN_LEFT I_TURN_LEFT I_TURN_LEFT I_TURN_LEFT I_TURN_LEFT I_TURN_LEFT I_TURN_LEFT I_TURN_LEFT I_TURN_LEFT
turn right twice and turn around right twice	I_TURN_RIGHT I_TURN_RIGHT I_TURN_RIGHT I_TURN_RIGHT I_TURN_RIGHT I_TURN_RIGHT I_TURN_RIGHT I_TURN_RIGHT I_TURN_RIGHT I_TURN_RIGHT
turn right and turn around right thrice	I_TURN_RIGHT I_TURN_RIGHT I_TURN_RIGHT I_TURN_RIGHT I_TURN_RIGHT I_TURN_RIGHT I_TURN_RIGHT I_TURN_RIGHT I_TURN_RIGHT I_TURN_RIGHT I_TURN_RIGHT I_TURN_RIGHT I_TURN_RIGHT
turn right twice and look twice	I_TURN_RIGHT I_TURN_RIGHT I_LOOK I_LOOK
walk thrice and turn left	I_WALK I_WALK I_WALK I_TURN_LEFT
turn opposite right thrice and run right	I_TURN_RIGHT I_TURN_RIGHT I_TURN_RIGHT I_TURN_RIGHT I_TURN_RIGHT I_TURN_RIGHT I_TURN_RIGHT I_RUN
walk right twice and jump around right twice	I_TURN_RIGHT I_WALK I_TURN_RIGHT I_WALK I_TURN_RIGHT I_JUMP I_TURN_RIGHT I_JUMP I_TURN_RIGHT I_JUMP I_TURN_RIGHT I_JUMP I_TURN_RIGHT I_JUMP I_TURN_RIGHT I_JUMP I_TURN_RIGHT I_JUMP I_TURN_RIGHT I_JUMP
turn around right thrice after run opposite right	I_TURN_RIGHT I_TURN_RIGHT I_RUN I_TURN_RIGHT I_TURN_RIGHT I_TURN_RIGHT I_TURN_RIGHT I_TURN_RIGHT I_TURN_RIGHT I_TURN_RIGHT I_TURN_RIGHT I_TURN_RIGHT I_TURN_RIGHT I_TURN_RIGHT I_TURN_RIGHT
jump after jump around left twice	I_TURN_LEFT I_JUMP I_TURN_LEFT I_JUMP I_TURN_LEFT I_JUMP I_TURN_LEFT I_JUMP I_TURN_LEFT I_JUMP I_TURN_LEFT I_JUMP I_TURN_LEFT I_JUMP I_TURN_LEFT I_JUMP I_JUMP
turn right twice after walk around right twice	I_TURN_RIGHT I_WALK I_TURN_RIGHT I_WALK I_TURN_RIGHT I_WALK I_TURN_RIGHT I_WALK I_TURN_RIGHT I_WALK I_TURN_RIGHT I_WALK I_TURN_RIGHT I_WALK I_TURN_RIGHT I_WALK I_TURN_RIGHT I_TURN_RIGHT
turn opposite left twice and turn opposite left twice	I_TURN_LEFT I_TURN_LEFT I_TURN_LEFT I_TURN_LEFT I_TURN_LEFT I_TURN_LEFT I_TURN_LEFT I_TURN_LEFT
jump left and turn opposite left	I_TURN_LEFT I_JUMP I_TURN_LEFT I_TURN_LEFT
look around right and turn right thrice	I_TURN_RIGHT I_LOOK I_TURN_RIGHT I_LOOK I_TURN_RIGHT I_LOOK I_TURN_RIGHT I_LOOK I_TURN_RIGHT I_TURN_RIGHT I_TURN_RIGHT
turn around right twice and look left	I_TURN_RIGHT I_TURN_RIGHT I_TURN_RIGHT I_TURN_RIGHT I_TURN_RIGHT I_TURN_RIGHT I_TURN_RIGHT I_TURN_RIGHT I_TURN_LEFT I_LOOK
run opposite left twice and look opposite left	I_TURN_LEFT I_TURN_LEFT I_RUN I_TURN_LEFT I_TURN_LEFT I_RUN I_TURN_LEFT I_TURN_LEFT I_LOOK
walk opposite right and jump around left	I_TURN_RIGHT I_TURN_RIGHT I_WALK I_TURN_LEFT I_JUMP I_TURN_LEFT I_JUMP I_TURN_LEFT I_JUMP I_TURN_LEFT I_JUMP
turn left and run around right	I_TURN_LEFT I_TURN_RIGHT I_RUN I_TURN_RIGHT I_RUN I_TURN_RIGHT I_RUN I_TURN_RIGHT I_RUN
walk right and look opposite right thrice	I_TURN_RIGHT I_WALK I_TURN_RIGHT I_TURN_RIGHT I_LOOK I_TURN_RIGHT I_TURN_RIGHT I_LOOK I_TURN_RIGHT I_TURN_RIGHT I_LOOK
turn right thrice and run right twice	I_TURN_RIGHT I_TURN_RIGHT I_TURN_RIGHT I_TURN_RIGHT I_RUN I_TURN_RIGHT I_RUN
walk right thrice after run right twice	I_TURN_RIGHT I_RUN I_TURN_RIGHT I_RUN I_TURN_RIGHT I_WALK I_TURN_RIGHT I_WALK I_TURN_RIGHT I_WALK
walk left after jump around right twice	I_TURN_RIGHT I_JUMP I_TURN_RIGHT I_JUMP I_TURN_RIGHT I_JUMP I_TURN_RIGHT I_JUMP I_TURN_RIGHT I_JUMP I_TURN_RIGHT I_JUMP I_TURN_RIGHT I_JUMP I_TURN_RIGHT I_JUMP I_TURN_LEFT I_WALK
jump opposite left thrice and turn opposite left	I_TURN_LEFT I_TURN_LEFT I_JUMP I_TURN_LEFT I_TURN_LEFT I_JUMP I_TURN_LEFT I_TURN_LEFT I_JUMP I_TURN_LEFT I_TURN_LEFT
walk opposite right after run around right thrice	I_TURN_RIGHT I_RUN I_TURN_RIGHT I_RUN I_TURN_RIGHT I_RUN I_TURN_RIGHT I_RUN I_TURN_RIGHT I_RUN I_TURN_RIGHT I_RUN I_TURN_RIGHT I_RUN I_TURN_RIGHT I_RUN I_TURN_RIGHT I_RUN I_TURN_RIGHT I_RUN I_TURN_RIGHT I_RUN I_TURN_RIGHT I_RUN I_TURN_RIGHT I_TURN_RIGHT I_WALK
look around right twice and jump opposite left thrice	I_TURN_RIGHT I_LOOK I_TURN_RIGHT I_LOOK I_TURN_RIGHT I_LOOK I_TURN_RIGHT I_LOOK I_TURN_RIGHT I_LOOK I_TURN_RIGHT I_LOOK I_TURN_RIGHT I_LOOK I_TURN_RIGHT I_LOOK I_TURN_LEFT I_TURN_LEFT I_JUMP I_TURN_LEFT I_TURN_LEFT I_JUMP I_TURN_LEFT I_TURN_LEFT I_JUMP
turn opposite left thrice after look twice	I_LOOK I_LOOK I_TURN_LEFT I_TURN_LEFT I_TURN_LEFT I_TURN_LEFT I_TURN_LEFT I_TURN_LEFT
turn opposite right twice after look opposite left twice	I_TURN_LEFT I_TURN_LEFT I_LOOK I_TURN_LEFT I_TURN_LEFT I_LOOK I_TURN_RIGHT I_TURN_RIGHT I_TURN_RIGHT I_TURN_RIGHT
turn right thrice after turn opposite left thrice	I_TURN_LEFT I_TURN_LEFT I_TURN_LEFT I_TURN_LEFT I_TURN_LEFT I_TURN_LEFT I_TURN_RIGHT I_TURN_RIGHT I_TURN_RIGHT
run opposite left after walk opposite right thrice	I_TURN_RIGHT I_TURN_RIGHT I_WALK I_TURN_RIGHT I_TURN_RIGHT I_WALK I_TURN_RIGHT I_TURN_RIGHT I_WALK I_TURN_LEFT I_TURN_LEFT I_RUN
jump thrice after turn around right twice	I_TURN_RIGHT I_TURN_RIGHT I_TURN_RIGHT I_TURN_RIGHT I_TURN_RIGHT I_TURN_RIGHT I_TURN_RIGHT I_TURN_RIGHT I_JUMP I_JUMP I_JUMP
jump opposite right and run around left twice	I_TURN_RIGHT I_TURN_RIGHT I_JUMP I_TURN_LEFT I_RUN I_TURN_LEFT I_RUN I_TURN_LEFT I_RUN I_TURN_LEFT I_RUN I_TURN_LEFT I_RUN I_TURN_LEFT I_RUN I_TURN_LEFT I_RUN I_TURN_LEFT I_RUN
walk twice and jump twice	I_WALK I_WALK I_JUMP I_JUMP
walk left thrice after look around left thrice	I_TURN_LEFT I_LOOK I_TURN_LEFT I_LOOK I_TURN_LEFT I_LOOK I_TURN_LEFT I_LOOK I_TURN_LEFT I_LOOK I_TURN_LEFT I_LOOK I_TURN_LEFT I_LOOK I_TURN_LEFT I_LOOK I_TURN_LEFT I_LOOK I_TURN_LEFT I_LOOK I_TURN_LEFT I_LOOK I_TURN_LEFT I_LOOK I_TURN_LEFT I_WALK I_TURN_LEFT I_WALK I_TURN_LEFT I_WALK
walk opposite right and look around left twice	I_TURN_RIGHT I_TURN_RIGHT I_WALK I_TURN_LEFT I_LOOK I_TURN_LEFT I_LOOK I_TURN_LEFT I_LOOK I_TURN_LEFT I_LOOK I_TURN_LEFT I_LOOK I_TURN_LEFT I_LOOK I_TURN_LEFT I_LOOK I_TURN_LEFT I_LOOK
walk after look opposite left	I_TURN_LEFT I_TURN_LEFT I_LOOK I_WALK
look opposite right thrice after walk opposite left	I_TURN_LEFT I_TURN_LEFT I_WALK I_TURN_RIGHT I_TURN_RIGHT I_LOOK I_TURN_RIGHT I_TURN_RIGHT I_LOOK I_TURN_RIGHT I_TURN_RIGHT I_LOOK
run thrice and jump left thrice	I_RUN I_RUN I_RUN I_TURN_LEFT I_JUMP I_TURN_LEFT I_JUMP I_TURN_LEFT I_JUMP
walk opposite right twice after walk around right thrice	I_TURN_RIGHT I_WALK I_TURN_RIGHT I_WALK I_TURN_RIGHT I_WALK I_TURN_RIGHT I_WALK I_TURN_RIGHT I_WALK I_TURN_RIGHT I_WALK I_TURN_RIGHT I_WALK I_TURN_RIGHT I_WALK I_TURN_RIGHT I_WALK I_TURN_RIGHT I_WALK I_TURN_RIGHT I_WALK I_TURN_RIGHT I_WALK I_TURN_RIGHT I_TURN_RIGHT I_WALK I_TURN_RIGHT I_TURN_RIGHT I_WALK
turn around right twice after look around left	I_TURN_LEFT I_LOOK I_TURN_LEFT I_LOOK I_TURN_LEFT I_LOOK I_TURN_LEFT I_LOOK I_TURN_RIGHT I_TURN_RIGHT I_TURN_RIGHT I_TURN_RIGHT I_TURN_RIGHT I_TURN_RIGHT I_TURN_RIGHT I_TURN_RIGHT
jump around right twice and look right	I_TURN_RIGHT I_JUMP I_TURN_RIGHT I_JUMP I_TURN_RIGHT I_JUMP I_TURN_RIGHT I_JUMP I_TURN_RIGHT I_JUMP I_TURN_RIGHT I_JUMP I_TURN_RIGHT I_JUMP I_TURN_RIGHT I_JUMP I_TURN_RIGHT I_LOOK
walk twice and turn right thrice	I_WALK I_WALK I_TURN_RIGHT I_TURN_RIGHT I_TURN_RIGHT
look around right thrice after jump opposite left twice	I_TURN_LEFT I_TURN_LEFT I_JUMP I_TURN_LEFT I_TURN_LEFT I_JUMP I_TURN_RIGHT I_LOOK I_TURN_RIGHT I_LOOK I_TURN_RIGHT I_LOOK I_TURN_RIGHT I_LOOK I_TURN_RIGHT I_LOOK I_TURN_RIGHT I_LOOK I_TURN_RIGHT I_LOOK I_TURN_RIGHT I_LOOK I_TURN_RIGHT I_LOOK I_TURN_RIGHT I_LOOK I_TURN_RIGHT I_LOOK I_TURN_RIGHT I_LOOK
run opposite right twice and look right	I_TURN_RIGHT I_TURN_RIGHT I_RUN I_TURN_RIGHT I_TURN_RIGHT I_RUN I_TURN_RIGHT I_LOOK
run around left twice after walk opposite right twice	I_TURN_RIGHT I_TURN_RIGHT I_WALK I_TURN_RIGHT I_TURN_RIGHT I_WALK I_TURN_LEFT I_RUN I_TURN_LEFT I_RUN I_TURN_LEFT I_RUN I_TURN_LEFT I_RUN I_TURN_LEFT I_RUN I_TURN_LEFT I_RUN I_TURN_LEFT I_RUN I_TURN_LEFT I_RUN
walk twice after turn opposite right	I_TURN_RIGHT I_TURN_RIGHT I_WALK I_WALK
run opposite right thrice after turn left twice	I_TURN_LEFT I_TURN_LEFT I_TURN_RIGHT I_TURN_RIGHT I_RUN I_TURN_RIGHT I_TURN_RIGHT I_RUN I_TURN_RIGHT I_TURN_RIGHT I_RUN
look around left after turn right	I_TURN_RIGHT I_TURN_LEFT I_LOOK I_TURN_LEFT I_LOOK I_TURN_LEFT I_LOOK I_TURN_LEFT I_LOOK
turn around right and run thrice	I_TURN_RIGHT I_TURN_RIGHT I_TURN_RIGHT I_TURN_RIGHT I_RUN I_RUN I_RUN
look twice after look around left	I_TURN_LEFT I_LOOK I_TURN_LEFT I_LOOK I_TURN_LEFT I_LOOK I_TURN_LEFT I_LOOK I_LOOK I_LOOK
turn right twice after turn around left thrice	I_TURN_LEFT I_TURN_LEFT I_TURN_LEFT I_TURN_LEFT I_TURN_LEFT I_TURN_LEFT I_TURN_LEFT I_TURN_LEFT I_TURN_LEFT I_TURN_LEFT I_TURN_LEFT I_TURN_LEFT I_TURN_RIGHT I_TURN_RIGHT
walk opposite right after look around left	I_TURN_LEFT I_LOOK I_TURN_LEFT I_LOOK I_TURN_LEFT I_LOOK I_TURN_LEFT I_LOOK I_TURN_RIGHT I_TURN_RIGHT I_WALK
jump opposite right after run around right thrice	I_TURN_RIGHT I_RUN I_TURN_RIGHT I_RUN I_TURN_RIGHT I_RUN I_TURN_RIGHT I_RUN I_TURN_RIGHT I_RUN I_TURN_RIGHT I_RUN I_TURN_RIGHT I_RUN I_TURN_RIGHT I_RUN I_TURN_RIGHT I_RUN I_TURN_RIGHT I_RUN I_TURN_RIGHT I_RUN I_TURN_RIGHT I_RUN I_TURN_RIGHT I_TURN_RIGHT I_JUMP
turn around left twice and run right	I_TURN_LEFT I_TURN_LEFT I_TURN_LEFT I_TURN_LEFT I_TURN_LEFT I_TURN_LEFT I_TURN_LEFT I_TURN_LEFT I_TURN_RIGHT I_RUN
run opposite left twice and look left twice	I_TURN_LEFT I_TURN_LEFT I_RUN I_TURN_LEFT I_TURN_LEFT I_RUN I_TURN_LEFT I_LOOK I_TURN_LEFT I_LOOK
jump opposite right after jump opposite left twice	I_TURN_LEFT I_TURN_LEFT I_JUMP I_TURN_LEFT I_TURN_LEFT I_JUMP I_TURN_RIGHT I_TURN_RIGHT I_JUMP
look left and walk right	I_TURN_LEFT I_LOOK I_TURN_RIGHT I_WALK
walk left twice after run opposite right twice	I_TURN_RIGHT I_TURN_RIGHT I_RUN I_TURN_RIGHT I_TURN_RIGHT I_RUN I_TURN_LEFT I_WALK I_TURN_LEFT I_WALK
jump opposite left and jump around right thrice	I_TURN_LEFT I_TURN_LEFT I_JUMP I_TURN_RIGHT I_JUMP I_TURN_RIGHT I_JUMP I_TURN_RIGHT I_JUMP I_TURN_RIGHT I_JUMP I_TURN_RIGHT I_JUMP I_TURN_RIGHT I_JUMP I_TURN_RIGHT I_JUMP I_TURN_RIGHT I_JUMP I_TURN_RIGHT I_JUMP I_TURN_RIGHT I_JUMP I_TURN_RIGHT I_JUMP I_TURN_RIGHT I_JUMP
look opposite right twice and look opposite right	I_TURN_RIGHT I_TURN_RIGHT I_LOOK I_TURN_RIGHT I_TURN_RIGHT I_LOOK I_TURN_RIGHT I_TURN_RIGHT I_LOOK
run opposite right thrice after run left thrice	I_TURN_LEFT I_RUN I_TURN_LEFT I_RUN I_TURN_LEFT I_RUN I_TURN_RIGHT I_TURN_RIGHT I_RUN I_TURN_RIGHT I_TURN_RIGHT I_RUN I_TURN_RIGHT I_TURN_RIGHT I_RUN
walk opposite right thrice after look opposite right thrice	I_TURN_RIGHT I_TURN_RIGHT I_LOOK I_TURN_RIGHT I_TURN_RIGHT I_LOOK I_TURN_RIGHT I_TURN_RIGHT I_LOOK I_TURN_RIGHT I_TURN_RIGHT I_WALK I_TURN_RIGHT I_TURN_RIGHT I_WALK I_TURN_RIGHT I_TURN_RIGHT I_WALK
turn right twice and look opposite right	I_TURN_RIGHT I_TURN_RIGHT I_TURN_RIGHT I_TURN_RIGHT I_LOOK
turn around left and walk opposite right thrice	I_TURN_LEFT I_TURN_LEFT I_TURN_LEFT I_TURN_LEFT I_TURN_RIGHT I_TURN_RIGHT I_WALK I_TURN_RIGHT I_TURN_RIGHT I_WALK I_TURN_RIGHT I_TURN_RIGHT I_WALK
turn opposite left thrice and look right	I_TURN_LEFT I_TURN_LEFT I_TURN_LEFT I_TURN_LEFT I_TURN_LEFT I_TURN_LEFT I_TURN_RIGHT I_LOOK
jump thrice after turn opposite left	I_TURN_LEFT I_TURN_LEFT I_JUMP I_JUMP I_JUMP
look around right thrice and look opposite left thrice	I_TURN_RIGHT I_LOOK I_TURN_RIGHT I_LOOK I_TURN_RIGHT I_LOOK I_TURN_RIGHT I_LOOK I_TURN_RIGHT I_LOOK I_TURN_RIGHT I_LOOK I_TURN_RIGHT I_LOOK I_TURN_RIGHT I_LOOK I_TURN_RIGHT I_LOOK I_TURN_RIGHT I_LOOK I_TURN_RIGHT I_LOOK I_TURN_RIGHT I_LOOK I_TURN_LEFT I_TURN_LEFT I_LOOK I_TURN_LEFT I_TURN_LEFT I_LOOK I_TURN_LEFT I_TURN_LEFT I_LOOK
walk twice and jump thrice	I_WALK I_WALK I_JUMP I_JUMP I_JUMP
run left twice and jump thrice	I_TURN_LEFT I_RUN I_TURN_LEFT I_RUN I_JUMP I_JUMP I_JUMP
look opposite right twice and turn around left thrice	I_TURN_RIGHT I_TURN_RIGHT I_LOOK I_TURN_RIGHT I_TURN_RIGHT I_LOOK I_TURN_LEFT I_TURN_LEFT I_TURN_LEFT I_TURN_LEFT I_TURN_LEFT I_TURN_LEFT I_TURN_LEFT I_TURN_LEFT I_TURN_LEFT I_TURN_LEFT I_TURN_LEFT I_TURN_LEFT
jump around right thrice after jump around left twice	I_TURN_LEFT I_JUMP I_TURN_LEFT I_JUMP I_TURN_LEFT I_JUMP I_TURN_LEFT I_JUMP I_TURN_LEFT I_JUMP I_TURN_LEFT I_JUMP I_TURN_LEFT I_JUMP I_TURN_LEFT I_JUMP I_TURN_RIGHT I_JUMP I_TURN_RIGHT I_JUMP I_TURN_RIGHT I_JUMP I_TURN_RIGHT I_JUMP I_TURN_RIGHT I_JUMP I_TURN_RIGHT I_JUMP I_TURN_RIGHT I_JUMP I_TURN_RIGHT I_JUMP I_TURN_RIGHT I_JUMP I_TURN_RIGHT I_JUMP I_TURN_RIGHT I_JUMP I_TURN_RIGHT I_JUMP
turn around left thrice and walk opposite left twice	I_TURN_LEFT I_TURN_LEFT I_TURN_LEFT I_TURN_LEFT I_TURN_LEFT I_TURN_LEFT I_TURN_LEFT I_TURN_LEFT I_TURN_LEFT I_TURN_LEFT I_TURN_LEFT I_TURN_LEFT I_TURN_LEFT I_TURN_LEFT I_WALK I_TURN_LEFT I_TURN_LEFT I_WALK
turn around left twice after walk thrice	I_WALK I_WALK I_WALK I_TURN_LEFT I_TURN_LEFT I_TURN_LEFT I_TURN_LEFT I_TURN_LEFT I_TURN_LEFT I_TURN_LEFT I_TURN_LEFT
look twice after run right twice	I_TURN_RIGHT I_RUN I_TURN_RIGHT I_RUN I_LOOK I_LOOK
run left twice and run thrice	I_TURN_LEFT I_RUN I_TURN_LEFT I_RUN I_RUN I_RUN I_RUN
run opposite right and walk right twice	I_TURN_RIGHT I_TURN_RIGHT I_RUN I_TURN_RIGHT I_WALK I_TURN_RIGHT I_WALK
look around right after run left	I_TURN_LEFT I_RUN I_TURN_RIGHT I_LOOK I_TURN_RIGHT I_LOOK I_TURN_RIGHT I_LOOK I_TURN_RIGHT I_LOOK
run twice and turn opposite right thrice	I_RUN I_RUN I_TURN_RIGHT I_TURN_RIGHT I_TURN_RIGHT I_TURN_RIGHT I_TURN_RIGHT I_TURN_RIGHT
look right thrice after turn opposite left twice	I_TURN_LEFT I_TURN_LEFT I_TURN_LEFT I_TURN_LEFT I_TURN_RIGHT I_LOOK I_TURN_RIGHT I_LOOK I_TURN_RIGHT I_LOOK
turn around left and turn left twice	I_TURN_LEFT I_TURN_LEFT I_TURN_LEFT I_TURN_LEFT I_TURN_LEFT I_TURN_LEFT
run right thrice after walk right twice	I_TURN_RIGHT I_WALK I_TURN_RIGHT I_WALK I_TURN_RIGHT I_RUN I_TURN_RIGHT I_RUN I_TURN_RIGHT I_RUN
turn left thrice and run right thrice	I_TURN_LEFT I_TURN_LEFT I_TURN_LEFT I_TURN_RIGHT I_RUN I_TURN_RIGHT I_RUN I_TURN_RIGHT I_RUN
jump opposite right thrice after run around right	I_TURN_RIGHT I_RUN I_TURN_RIGHT I_RUN I_TURN_RIGHT I_RUN I_TURN_RIGHT I_RUN I_TURN_RIGHT I_TURN_RIGHT I_JUMP I_TURN_RIGHT I_TURN_RIGHT I_JUMP I_TURN_RIGHT I_TURN_RIGHT I_JUMP
run around right twice and look opposite left	I_TURN_RIGHT I_RUN I_TURN_RIGHT I_RUN I_TURN_RIGHT I_RUN I_TURN_RIGHT I_RUN I_TURN_RIGHT I_RUN I_TURN_RIGHT I_RUN I_TURN_RIGHT I_RUN I_TURN_RIGHT I_RUN I_TURN_LEFT I_TURN_LEFT I_LOOK
jump opposite left and look opposite left	I_TURN_LEFT I_TURN_LEFT I_JUMP I_TURN_LEFT I_TURN_LEFT I_LOOK
run around right thrice and run around left	I_TURN_RIGHT I_RUN I_TURN_RIGHT I_RUN I_TURN_RIGHT I_RUN I_TURN_RIGHT I_RUN I_TURN_RIGHT I_RUN I_TURN_RIGHT I_RUN I_TURN_RIGHT I_RUN I_TURN_RIGHT I_RUN I_TURN_RIGHT I_RUN I_TURN_RIGHT I_RUN I_TURN_RIGHT I_RUN I_TURN_RIGHT I_RUN I_TURN_LEFT I_RUN I_TURN_LEFT I_RUN I_TURN_LEFT I_RUN I_TURN_LEFT I_RUN
jump right twice after walk right thrice	I_TURN_RIGHT I_WALK I_TURN_RIGHT I_WALK I_TURN_RIGHT I_WALK I_TURN_RIGHT I_JUMP I_TURN_RIGHT I_JUMP
jump and run opposite left thrice	I_JUMP I_TURN_LEFT I_TURN_LEFT I_RUN I_TURN_LEFT I_TURN_LEFT I_RUN I_TURN_LEFT I_TURN_LEFT I_RUN
jump around right thrice after jump opposite right	I_TURN_RIGHT I_TURN_RIGHT I_JUMP I_TURN_RIGHT I_JUMP I_TURN_RIGHT I_JUMP I_TURN_RIGHT I_JUMP I_TURN_RIGHT I_JUMP I_TURN_RIGHT I_JUMP I_TURN_RIGHT I_JUMP I_TURN_RIGHT I_JUMP I_TURN_RIGHT I_JUMP I_TURN_RIGHT I_JUMP I_TURN_RIGHT I_JUMP I_TURN_RIGHT I_JUMP I_TURN_RIGHT I_JUMP
turn opposite right and run around left	I_TURN_RIGHT I_TURN_RIGHT I_TURN_LEFT I_RUN I_TURN_LEFT I_RUN I_TURN_LEFT I_RUN I_TURN_LEFT I_RUN
run right thrice after look	I_LOOK I_TURN_RIGHT I_RUN I_TURN_RIGHT I_RUN I_TURN_RIGHT I_RUN
run opposite right thrice after run right	I_TURN_RIGHT I_RUN I_TURN_RIGHT I_TURN_RIGHT I_RUN I_TURN_RIGHT I_TURN_RIGHT I_RUN I_TURN_RIGHT I_TURN_RIGHT I_RUN
jump twice and turn around right thrice	I_JUMP I_JUMP I_TURN_RIGHT I_TURN_RIGHT I_TURN_RIGHT I_TURN_RIGHT I_TURN_RIGHT I_TURN_RIGHT I_TURN_RIGHT I_TURN_RIGHT I_TURN_RIGHT I_TURN_RIGHT I_TURN_RIGHT I_TURN_RIGHT
turn left thrice after walk around right	I_TURN_RIGHT I_WALK I_TURN_RIGHT I_WALK I_TURN_RIGHT I_WALK I_TURN_RIGHT I_WALK I_TURN_LEFT I_TURN_LEFT I_TURN_LEFT
jump opposite right twice and run around left thrice	I_TURN_RIGHT I_TURN_RIGHT I_JUMP I_TURN_RIGHT I_TURN_RIGHT I_JUMP I_TURN_LEFT I_RUN I_TURN_LEFT I_RUN I_TURN_LEFT I_RUN I_TURN_LEFT I_RUN I_TURN_LEFT I_RUN I_TURN_LEFT I_RUN I_TURN_LEFT I_RUN I_TURN_LEFT I_RUN I_TURN_LEFT I_RUN I_TURN_LEFT I_RUN I_TURN_LEFT I_RUN I_TURN_LEFT I_RUN
jump opposite right twice and look around right twice	I_TURN_RIGHT I_TURN_RIGHT I_JUMP I_TURN_RIGHT I_TURN_RIGHT I_JUMP I_TURN_RIGHT I_LOOK I_TURN_RIGHT I_LOOK I_TURN_RIGHT I_LOOK I_TURN_RIGHT I_LOOK I_TURN_RIGHT I_LOOK I_TURN_RIGHT I_LOOK I_TURN_RIGHT I_LOOK I_TURN_RIGHT I_LOOK
look around left and run left thrice	I_TURN_LEFT I_LOOK I_TURN_LEFT I_LOOK I_TURN_LEFT I_LOOK I_TURN_LEFT I_LOOK I_TURN_LEFT I_RUN I_TURN_LEFT I_RUN I_TURN_LEFT I_RUN
turn right after run around right	I_TURN_RIGHT I_RUN I_TURN_RIGHT I_RUN I_TURN_RIGHT I_RUN I_TURN_RIGHT I_RUN I_TURN_RIGHT
jump left and look right	I_TURN_LEFT I_JUMP I_TURN_RIGHT I_LOOK
run left twice and walk around left twice	I_TURN_LEFT I_RUN I_TURN_LEFT I_RUN I_TURN_LEFT I_WALK I_TURN_LEFT I_WALK I_TURN_LEFT I_WALK I_TURN_LEFT I_WALK I_TURN_LEFT I_WALK I_TURN_LEFT I_WALK I_TURN_LEFT I_WALK I_TURN_LEFT I_WALK
run twice after jump around left	I_TURN_LEFT I_JUMP I_TURN_LEFT I_JUMP I_TURN_LEFT I_JUMP I_TURN_LEFT I_JUMP I_RUN I_RUN
run opposite left thrice after run opposite left	I_TURN_LEFT I_TURN_LEFT I_RUN I_TURN_LEFT I_TURN_LEFT I_RUN I_TURN_LEFT I_TURN_LEFT I_RUN I_TURN_LEFT I_TURN_LEFT I_RUN
jump around left thrice after turn opposite left thrice	I_TURN_LEFT I_TURN_LEFT I_TURN_LEFT I_TURN_LEFT I_TURN_LEFT I_TURN_LEFT I_TURN_LEFT I_JUMP I_TURN_LEFT I_JUMP I_TURN_LEFT I_JUMP I_TURN_LEFT I_JUMP I_TURN_LEFT I_JUMP I_TURN_LEFT I_JUMP I_TURN_LEFT I_JUMP I_TURN_LEFT I_JUMP I_TURN_LEFT I_JUMP I_TURN_LEFT I_JUMP I_TURN_LEFT I_JUMP I_TURN_LEFT I_JUMP
run twice and look	I_RUN I_RUN I_LOOK
look around right thrice and run around right thrice	I_TURN_RIGHT I_LOOK I_TURN_RIGHT I_LOOK I_TURN_RIGHT I_LOOK I_TURN_RIGHT I_LOOK I_TURN_RIGHT I_LOOK I_TURN_RIGHT I_LOOK I_TURN_RIGHT I_LOOK I_TURN_RIGHT I_LOOK I_TURN_RIGHT I_LOOK I_TURN_RIGHT I_LOOK I_TURN_RIGHT I_LOOK I_TURN_RIGHT I_LOOK I_TURN_RIGHT I_RUN I_TURN_RIGHT I_RUN I_TURN_RIGHT I_RUN I_TURN_RIGHT I_RUN I_TURN_RIGHT I_RUN I_TURN_RIGHT I_RUN I_TURN_RIGHT I_RUN I_TURN_RIGHT I_RUN I_TURN_RIGHT I_RUN I_TURN_RIGHT I_RUN I_TURN_RIGHT I_RUN I_TURN_RIGHT I_RUN
jump thrice after look opposite right twice	I_TURN_RIGHT I_TURN_RIGHT I_LOOK I_TURN_RIGHT I_TURN_RIGHT I_LOOK I_JUMP I_JUMP I_JUMP
run left twice and run opposite left	I_TURN_LEFT I_RUN I_TURN_LEFT I_RUN I_TURN_LEFT I_TURN_LEFT I_RUN
run around left and jump left	I_TURN_LEFT I_RUN I_TURN_LEFT I_RUN I_TURN_LEFT I_RUN I_TURN_LEFT I_RUN I_TURN_LEFT I_JUMP
jump opposite right and turn opposite left thrice	I_TURN_RIGHT I_TURN_RIGHT I_JUMP I_TURN_LEFT I_TURN_LEFT I_TURN_LEFT I_TURN_LEFT I_TURN_LEFT I_TURN_LEFT
walk around right thrice after jump around left thrice	I_TURN_LEFT I_JUMP I_TURN_LEFT I_JUMP I_TURN_LEFT I_JUMP I_TURN_LEFT I_JUMP I_TURN_LEFT I_JUMP I_TURN_LEFT I_JUMP I_TURN_LEFT I_JUMP I_TURN_LEFT I_JUMP I_TURN_LEFT I_JUMP I_TURN_LEFT I_JUMP I_TURN_LEFT I_JUMP I_TURN_LEFT I_JUMP I_TURN_RIGHT I_WALK I_TURN_RIGHT I_WALK I_TURN_RIGHT I_WALK I_TURN_RIGHT I_WALK I_TURN_RIGHT I_WALK I_TURN_RIGHT I_WALK I_TURN_RIGHT I_WALK I_TURN_RIGHT I_WALK I_TURN_RIGHT I_WALK I_TURN_RIGHT I_WALK I_TURN_RIGHT I_WALK I_TURN_RIGHT I_WALK
run right thrice after walk opposite right thrice	I_TURN_RIGHT I_TURN_RIGHT I_WALK I_TURN_RIGHT I_TURN_RIGHT I_WALK I_TURN_RIGHT I_TURN_RIGHT I_WALK I_TURN_RIGHT I_RUN I_TURN_RIGHT I_RUN I_TURN_RIGHT I_RUN
run around left after look around right thrice	I_TURN_RIGHT I_LOOK I_TURN_RIGHT I_LOOK I_TURN_RIGHT I_LOOK I_TURN_RIGHT I_LOOK I_TURN_RIGHT I_LOOK I_TURN_RIGHT I_LOOK I_TURN_RIGHT I_LOOK I_TURN_RIGHT I_LOOK I_TURN_RIGHT I_LOOK I_TURN_RIGHT I_LOOK I_TURN_RIGHT I_LOOK I_TURN_RIGHT I_LOOK I_TURN_LEFT I_RUN I_TURN_LEFT I_RUN I_TURN_LEFT I_RUN I_TURN_LEFT I_RUN
look right and turn opposite right thrice	I_TURN_RIGHT I_LOOK I_TURN_RIGHT I_TURN_RIGHT I_TURN_RIGHT I_TURN_RIGHT I_TURN_RIGHT I_TURN_RIGHT
turn around right twice after walk opposite left	I_TURN_LEFT I_TURN_LEFT I_WALK I_TURN_RIGHT I_TURN_RIGHT I_TURN_RIGHT I_TURN_RIGHT I_TURN_RIGHT I_TURN_RIGHT I_TURN_RIGHT I_TURN_RIGHT
jump opposite right thrice and look thrice	I_TURN_RIGHT I_TURN_RIGHT I_JUMP I_TURN_RIGHT I_TURN_RIGHT I_JUMP I_TURN_RIGHT I_TURN_RIGHT I_JUMP I_LOOK I_LOOK I_LOOK
walk twice and run left	I_WALK I_WALK I_TURN_LEFT I_RUN
jump opposite left twice after run thrice	I_RUN I_RUN I_RUN I_TURN_LEFT I_TURN_LEFT I_JUMP I_TURN_LEFT I_TURN_LEFT I_JUMP
look around left thrice after run right thrice	I_TURN_RIGHT I_RUN I_TURN_RIGHT I_RUN I_TURN_RIGHT I_RUN I_TURN_LEFT I_LOOK I_TURN_LEFT I_LOOK I_TURN_LEFT I_LOOK I_TURN_LEFT I_LOOK I_TURN_LEFT I_LOOK I_TURN_LEFT I_LOOK I_TURN_LEFT I_LOOK I_TURN_LEFT I_LOOK I_TURN_LEFT I_LOOK I_TURN_LEFT I_LOOK I_TURN_LEFT I_LOOK I_TURN_LEFT I_LOOK
run right thrice and run right thrice	I_TURN_RIGHT I_RUN I_TURN_RIGHT I_RUN I_TURN_RIGHT I_RUN I_TURN_RIGHT I_RUN I_TURN_RIGHT I_RUN I_TURN_RIGHT I_RUN
turn left thrice and jump twice	I_TURN_LEFT I_TURN_LEFT I_TURN_LEFT I_JUMP I_JUMP
look opposite left after walk left thrice	I_TURN_LEFT I_WALK I_TURN_LEFT I_WALK I_TURN_LEFT I_WALK I_TURN_LEFT I_TURN_LEFT I_LOOK
jump left thrice after turn around left twice	I_TURN_LEFT I_TURN_LEFT I_TURN_LEFT I_TURN_LEFT I_TURN_LEFT I_TURN_LEFT I_TURN_LEFT I_TURN_LEFT I_TURN_LEFT I_JUMP I_TURN_LEFT I_JUMP I_TURN_LEFT I_JUMP
walk right and run left twice	I_TURN_RIGHT I_WALK I_TURN_LEFT I_RUN I_TURN_LEFT I_RUN
jump twice and turn right twice	I_JUMP I_JUMP I_TURN_RIGHT I_TURN_RIGHT
jump opposite left thrice after look opposite right twice	I_TURN_RIGHT I_TURN_RIGHT I_LOOK I_TURN_RIGHT I_TURN_RIGHT I_LOOK I_TURN_LEFT I_TURN_LEFT I_JUMP I_TURN_LEFT I_TURN_LEFT I_JUMP I_TURN_LEFT I_TURN_LEFT I_JUMP
walk around left after look	I_LOOK I_TURN_LEFT I_WALK I_TURN_LEFT I_WALK I_TURN_LEFT I_WALK I_TURN_LEFT I_WALK
turn opposite right thrice and look around right	I_TURN_RIGHT I_TURN_RIGHT I_TURN_RIGHT I_TURN_RIGHT I_TURN_RIGHT I_TURN_RIGHT I_TURN_RIGHT I_LOOK I_TURN_RIGHT I_LOOK I_TURN_RIGHT I_LOOK I_TURN_RIGHT I_LOOK
jump opposite right twice and turn left twice	I_TURN_RIGHT I_TURN_RIGHT I_JUMP I_TURN_RIGHT I_TURN_RIGHT I_JUMP I_TURN_LEFT I_TURN_LEFT
turn left after look opposite right thrice	I_TURN_RIGHT I_TURN_RIGHT I_LOOK I_TURN_RIGHT I_TURN_RIGHT I_LOOK I_TURN_RIGHT I_TURN_RIGHT I_LOOK I_TURN_LEFT
walk around right thrice after walk around right	I_TURN_RIGHT I_WALK I_TURN_RIGHT I_WALK I_TURN_RIGHT I_WALK I_TURN_RIGHT I_WALK I_TURN_RIGHT I_WALK I_TURN_RIGHT I_WALK I_TURN_RIGHT I_WALK I_TURN_RIGHT I_WALK I_TURN_RIGHT I_WALK I_TURN_RIGHT I_WALK I_TURN_RIGHT I_WALK I_TURN_RIGHT I_WALK I_TURN_RIGHT I_WALK I_TURN_RIGHT I_WALK I_TURN_RIGHT I_WALK I_TURN_RIGHT I_WALK
jump right twice after look right	I_TURN_RIGHT I_LOOK I_TURN_RIGHT I_JUMP I_TURN_RIGHT I_JUMP
turn opposite right thrice and turn around right	I_TURN_RIGHT I_TURN_RIGHT I_TURN_RIGHT I_TURN_RIGHT I_TURN_RIGHT I_TURN_RIGHT I_TURN_RIGHT I_TURN_RIGHT I_TURN_RIGHT I_TURN_RIGHT
look left twice after turn around left twice	I_TURN_LEFT I_TURN_LEFT I_TURN_LEFT I_TURN_LEFT I_TURN_LEFT I_TURN_LEFT I_TURN_LEFT I_TURN_LEFT I_TURN_LEFT I_LOOK I_TURN_LEFT I_LOOK
walk left and walk opposite right twice	I_TURN_LEFT I_WALK I_TURN_RIGHT I_TURN_RIGHT I_WALK I_TURN_RIGHT I_TURN_RIGHT I_WALK
walk left thrice and look twice	I_TURN_LEFT I_WALK I_TURN_LEFT I_WALK I_TURN_LEFT I_WALK I_LOOK I_LOOK
run around right thrice after run	I_RUN I_TURN_RIGHT I_RUN I_TURN_RIGHT I_RUN I_TURN_RIGHT I_RUN I_TURN_RIGHT I_RUN I_TURN_RIGHT I_RUN I_TURN_RIGHT I_RUN I_TURN_RIGHT I_RUN I_TURN_RIGHT I_RUN I_TURN_RIGHT I_RUN I_TURN_RIGHT I_RUN I_TURN_RIGHT I_RUN I_TURN_RIGHT I_RUN
look opposite left thrice after jump right	I_TURN_RIGHT I_JUMP I_TURN_LEFT I_TURN_LEFT I_LOOK I_TURN_LEFT I_TURN_LEFT I_LOOK I_TURN_LEFT I_TURN_LEFT I_LOOK
jump around left thrice and run opposite left twice	I_TURN_LEFT I_JUMP I_TURN_LEFT I_JUMP I_TURN_LEFT I_JUMP I_TURN_LEFT I_JUMP I_TURN_LEFT I_JUMP I_TURN_LEFT I_JUMP I_TURN_LEFT I_JUMP I_TURN_LEFT I_JUMP I_TURN_LEFT I_JUMP I_TURN_LEFT I_JUMP I_TURN_LEFT I_JUMP I_TURN_LEFT I_JUMP I_TURN_LEFT I_TURN_LEFT I_RUN I_TURN_LEFT I_TURN_LEFT I_RUN
run left after run opposite left twice	I_TURN_LEFT I_TURN_LEFT I_RUN I_TURN_LEFT I_TURN_LEFT I_RUN I_TURN_LEFT I_RUN
run right twice after turn around left	I_TURN_LEFT I_TURN_LEFT I_TURN_LEFT I_TURN_LEFT I_TURN_RIGHT I_RUN I_TURN_RIGHT I_RUN
look right thrice and look	I_TURN_RIGHT I_LOOK I_TURN_RIGHT I_LOOK I_TURN_RIGHT I_LOOK I_LOOK
walk around right twice after walk around right thrice	I_TURN_RIGHT I_WALK I_TURN_RIGHT I_WALK I_TURN_RIGHT I_WALK I_TURN_RIGHT I_WALK I_TURN_RIGHT I_WALK I_TURN_RIGHT I_WALK I_TURN_RIGHT I_WALK I_TURN_RIGHT I_WALK I_TURN_RIGHT I_WALK I_TURN_RIGHT I_WALK I_TURN_RIGHT I_WALK I_TURN_RIGHT I_WALK I_TURN_RIGHT I_WALK I_TURN_RIGHT I_WALK I_TURN_RIGHT I_WALK I_TURN_RIGHT I_WALK I_TURN_RIGHT I_WALK I_TURN_RIGHT I_WALK I_TURN_RIGHT I_WALK I_TURN_RIGHT I_WALK
walk around right after run right	I_TURN_RIGHT I_RUN I_TURN_RIGHT I_WALK I_TURN_RIGHT I_WALK I_TURN_RIGHT I_WALK I_TURN_RIGHT I_WALK
look and look around right thrice	I_LOOK I_TURN_RIGHT I_LOOK I_TURN_RIGHT I_LOOK I_TURN_RIGHT I_LOOK I_TURN_RIGHT I_LOOK I_TURN_RIGHT I_LOOK I_TURN_RIGHT I_LOOK I_TURN_RIGHT I_LOOK I_TURN_RIGHT I_LOOK I_TURN_RIGHT I_LOOK I_TURN_RIGHT I_LOOK I_TURN_RIGHT I_LOOK I_TURN_RIGHT I_LOOK
run twice after look around left twice	I_TURN_LEFT I_LOOK I_TURN_LEFT I_LOOK I_TURN_LEFT I_LOOK I_TURN_LEFT I_LOOK I_TURN_LEFT I_LOOK I_TURN_LEFT I_LOOK I_TURN_LEFT I_LOOK I_TURN_LEFT I_LOOK I_RUN I_RUN
run around left thrice and look around right twice	I_TURN_LEFT I_RUN I_TURN_LEFT I_RUN I_TURN_LEFT I_RUN I_TURN_LEFT I_RUN I_TURN_LEFT I_RUN I_TURN_LEFT I_RUN I_TURN_LEFT I_RUN I_TURN_LEFT I_RUN I_TURN_LEFT I_RUN I_TURN_LEFT I_RUN I_TURN_LEFT I_RUN I_TURN_LEFT I_RUN I_TURN_RIGHT I_LOOK I_TURN_RIGHT I_LOOK I_TURN_RIGHT I_LOOK I_TURN_RIGHT I_LOOK I_TURN_RIGHT I_LOOK I_TURN_RIGHT I_LOOK I_TURN_RIGHT I_LOOK I_TURN_RIGHT I_LOOK
jump thrice after walk around right	I_TURN_RIGHT I_WALK I_TURN_RIGHT I_WALK I_TURN_RIGHT I_WALK I_TURN_RIGHT I_WALK I_JUMP I_JUMP I_JUMP
look twice after walk opposite left twice	I_TURN_LEFT I_TURN_LEFT I_WALK I_TURN_LEFT I_TURN_LEFT I_WALK I_LOOK I_LOOK
turn opposite right twice after turn around left	I_TURN_LEFT I_TURN_LEFT I_TURN_LEFT I_TURN_LEFT I_TURN_RIGHT I_TURN_RIGHT I_TURN_RIGHT I_TURN_RIGHT
turn opposite left after turn right thrice	I_TURN_RIGHT I_TURN_RIGHT I_TURN_RIGHT I_TURN_LEFT I_TURN_LEFT
turn opposite right twice and turn opposite right thrice	I_TURN_RIGHT I_TURN_RIGHT I_TURN_RIGHT I_TURN_RIGHT I_TURN_RIGHT I_TURN_RIGHT I_TURN_RIGHT I_TURN_RIGHT I_TURN_RIGHT I_TURN_RIGHT
jump opposite right and run opposite left thrice	I_TURN_RIGHT I_TURN_RIGHT I_JUMP I_TURN_LEFT I_TURN_LEFT I_RUN I_TURN_LEFT I_TURN_LEFT I_RUN I_TURN_LEFT I_TURN_LEFT I_RUN
turn opposite left thrice and walk around left twice	I_TURN_LEFT I_TURN_LEFT I_TURN_LEFT I_TURN_LEFT I_TURN_LEFT I_TURN_LEFT I_TURN_LEFT I_WALK I_TURN_LEFT I_WALK I_TURN_LEFT I_WALK I_TURN_LEFT I_WALK I_TURN_LEFT I_WALK I_TURN_LEFT I_WALK I_TURN_LEFT I_WALK I_TURN_LEFT I_WALK
run opposite left after jump around left twice	I_TURN_LEFT I_JUMP I_TURN_LEFT I_JUMP I_TURN_LEFT I_JUMP I_TURN_LEFT I_JUMP I_TURN_LEFT I_JUMP I_TURN_LEFT I_JUMP I_TURN_LEFT I_JUMP I_TURN_LEFT I_JUMP I_TURN_LEFT I_TURN_LEFT I_RUN
turn left twice and run twice	I_TURN_LEFT I_TURN_LEFT I_RUN I_RUN
jump opposite left after run twice	I_RUN I_RUN I_TURN_LEFT I_TURN_LEFT I_JUMP
run left twice and look opposite left	I_TURN_LEFT I_RUN I_TURN_LEFT I_RUN I_TURN_LEFT I_TURN_LEFT I_LOOK
turn left thrice and run opposite right twice	I_TURN_LEFT I_TURN_LEFT I_TURN_LEFT I_TURN_RIGHT I_TURN_RIGHT I_RUN I_TURN_RIGHT I_TURN_RIGHT I_RUN
turn around left and turn around right thrice	I_TURN_LEFT I_TURN_LEFT I_TURN_LEFT I_TURN_LEFT I_TURN_RIGHT I_TURN_RIGHT I_TURN_RIGHT I_TURN_RIGHT I_TURN_RIGHT I_TURN_RIGHT I_TURN_RIGHT I_TURN_RIGHT I_TURN_RIGHT I_TURN_RIGHT I_TURN_RIGHT I_TURN_RIGHT
look right thrice and turn opposite right thrice	I_TURN_RIGHT I_LOOK I_TURN_RIGHT I_LOOK I_TURN_RIGHT I_LOOK I_TURN_RIGHT I_TURN_RIGHT I_TURN_RIGHT I_TURN_RIGHT I_TURN_RIGHT I_TURN_RIGHT
look and jump right	I_LOOK I_TURN_RIGHT I_JUMP
turn around right twice and look around right twice	I_TURN_RIGHT I_TURN_RIGHT I_TURN_RIGHT I_TURN_RIGHT I_TURN_RIGHT I_TURN_RIGHT I_TURN_RIGHT I_TURN_RIGHT I_TURN_RIGHT I_LOOK I_TURN_RIGHT I_LOOK I_TURN_RIGHT I_LOOK I_TURN_RIGHT I_LOOK I_TURN_RIGHT I_LOOK I_TURN_RIGHT I_LOOK I_TURN_RIGHT I_LOOK I_TURN_RIGHT I_LOOK
run right twice and look thrice	I_TURN_RIGHT I_RUN I_TURN_RIGHT I_RUN I_LOOK I_LOOK I_LOOK
run opposite left after jump right twice	I_TURN_RIGHT I_JUMP I_TURN_RIGHT I_JUMP I_TURN_LEFT I_TURN_LEFT I_RUN
turn opposite left and turn opposite right thrice	I_TURN_LEFT I_TURN_LEFT I_TURN_RIGHT I_TURN_RIGHT I_TURN_RIGHT I_TURN_RIGHT I_TURN_RIGHT I_TURN_RIGHT
run around left thrice after walk opposite right twice	I_TURN_RIGHT I_TURN_RIGHT I_WALK I_TURN_RIGHT I_TURN_RIGHT I_WALK I_TURN_LEFT I_RUN I_TURN_LEFT I_RUN I_TURN_LEFT I_RUN I_TURN_LEFT I_RUN I_TURN_LEFT I_RUN I_TURN_LEFT I_RUN I_TURN_LEFT I_RUN I_TURN_LEFT I_RUN I_TURN_LEFT I_RUN I_TURN_LEFT I_RUN I_TURN_LEFT I_RUN I_TURN_LEFT I_RUN
run and run thrice	I_RUN I_RUN I_RUN I_RUN
jump around left twice and walk around left twice	I_TURN_LEFT I_JUMP I_TURN_LEFT I_JUMP I_TURN_LEFT I_JUMP I_TURN_LEFT I_JUMP I_TURN_LEFT I_JUMP I_TURN_LEFT I_JUMP I_TURN_LEFT I_JUMP I_TURN_LEFT I_JUMP I_TURN_LEFT I_WALK I_TURN_LEFT I_WALK I_TURN_LEFT I_WALK I_TURN_LEFT I_WALK I_TURN_LEFT I_WALK I_TURN_LEFT I_WALK I_TURN_LEFT I_WALK I_TURN_LEFT I_WALK
jump left twice after look opposite right twice	I_TURN_RIGHT I_TURN_RIGHT I_LOOK I_TURN_RIGHT I_TURN_RIGHT I_LOOK I_TURN_LEFT I_JUMP I_TURN_LEFT I_JUMP
look left thrice and run thrice	I_TURN_LEFT I_LOOK I_TURN_LEFT I_LOOK I_TURN_LEFT I_LOOK I_RUN I_RUN I_RUN
walk thrice and walk around left thrice	I_WALK I_WALK I_WALK I_TURN_LEFT I_WALK I_TURN_LEFT I_WALK I_TURN_LEFT I_WALK I_TURN_LEFT I_WALK I_TURN_LEFT I_WALK I_TURN_LEFT I_WALK I_TURN_LEFT I_WALK I_TURN_LEFT I_WALK I_TURN_LEFT I_WALK I_TURN_LEFT I_WALK I_TURN_LEFT I_WALK I_TURN_LEFT I_WALK
look right after turn opposite right twice	I_TURN_RIGHT I_TURN_RIGHT I_TURN_RIGHT I_TURN_RIGHT I_TURN_RIGHT I_LOOK
look around left thrice and look left	I_TURN_LEFT I_LOOK I_TURN_LEFT I_LOOK I_TURN_LEFT I_LOOK I_TURN_LEFT I_LOOK I_TURN_LEFT I_LOOK I_TURN_LEFT I_LOOK I_TURN_LEFT I_LOOK I_TURN_LEFT I_LOOK I_TURN_LEFT I_LOOK I_TURN_LEFT I_LOOK I_TURN_LEFT I_LOOK I_TURN_LEFT I_LOOK I_TURN_LEFT I_LOOK
walk right after look around right twice	I_TURN_RIGHT I_LOOK I_TURN_RIGHT I_LOOK I_TURN_RIGHT I_LOOK I_TURN_RIGHT I_LOOK I_TURN_RIGHT I_LOOK I_TURN_RIGHT I_LOOK I_TURN_RIGHT I_LOOK I_TURN_RIGHT I_LOOK I_TURN_RIGHT I_WALK
look thrice after look thrice	I_LOOK I_LOOK I_LOOK I_LOOK I_LOOK I_LOOK
turn opposite right after jump around right twice	I_TURN_RIGHT I_JUMP I_TURN_RIGHT I_JUMP I_TURN_RIGHT I_JUMP I_TURN_RIGHT I_JUMP I_TURN_RIGHT I_JUMP I_TURN_RIGHT I_JUMP I_TURN_RIGHT I_JUMP I_TURN_RIGHT I_JUMP I_TURN_RIGHT I_TURN_RIGHT
turn around left twice after jump opposite left thrice	I_TURN_LEFT I_TURN_LEFT I_JUMP I_TURN_LEFT I_TURN_LEFT I_JUMP I_TURN_LEFT I_TURN_LEFT I_JUMP I_TURN_LEFT I_TURN_LEFT I_TURN_LEFT I_TURN_LEFT I_TURN_LEFT I_TURN_LEFT I_TURN_LEFT I_TURN_LEFT
jump right and jump left thrice	I_TURN_RIGHT I_JUMP I_TURN_LEFT I_JUMP I_TURN_LEFT I_JUMP I_TURN_LEFT I_JUMP
jump around right and turn around left thrice	I_TURN_RIGHT I_JUMP I_TURN_RIGHT I_JUMP I_TURN_RIGHT I_JUMP I_TURN_RIGHT I_JUMP I_TURN_LEFT I_TURN_LEFT I_TURN_LEFT I_TURN_LEFT I_TURN_LEFT I_TURN_LEFT I_TURN_LEFT I_TURN_LEFT I_TURN_LEFT I_TURN_LEFT I_TURN_LEFT I_TURN_LEFT
look opposite right thrice after run opposite left twice	I_TURN_LEFT I_TURN_LEFT I_RUN I_TURN_LEFT I_TURN_LEFT I_RUN I_TURN_RIGHT I_TURN_RIGHT I_LOOK I_TURN_RIGHT I_TURN_RIGHT I_LOOK I_TURN_RIGHT I_TURN_RIGHT I_LOOK
run around right twice and turn around left	I_TURN_RIGHT I_RUN I_TURN_RIGHT I_RUN I_TURN_RIGHT I_RUN I_TURN_RIGHT I_RUN I_TURN_RIGHT I_RUN I_TURN_RIGHT I_RUN I_TURN_RIGHT I_RUN I_TURN_RIGHT I_RUN I_TURN_LEFT I_TURN_LEFT I_TURN_LEFT I_TURN_LEFT
look right twice and run opposite right	I_TURN_RIGHT I_LOOK I_TURN_RIGHT I_LOOK I_TURN_RIGHT I_TURN_RIGHT I_RUN
run around right and walk around right twice	I_TURN_RIGHT I_RUN I_TURN_RIGHT I_RUN I_TURN_RIGHT I_RUN I_TURN_RIGHT I_RUN I_TURN_RIGHT I_WALK I_TURN_RIGHT I_WALK I_TURN_RIGHT I_WALK I_TURN_RIGHT I_WALK I_TURN_RIGHT I_WALK I_TURN_RIGHT I_WALK I_TURN_RIGHT I_WALK I_TURN_RIGHT I_WALK
look right and jump left	I_TURN_RIGHT I_LOOK I_TURN_LEFT I_JUMP
jump around right after turn right thrice	I_TURN_RIGHT I_TURN_RIGHT I_TURN_RIGHT I_TURN_RIGHT I_JUMP I_TURN_RIGHT I_JUMP I_TURN_RIGHT I_JUMP I_TURN_RIGHT I_JUMP
look around left thrice after run left	I_TURN_LEFT I_RUN I_TURN_LEFT I_LOOK I_TURN_LEFT I_LOOK I_TURN_LEFT I_LOOK I_TURN_LEFT I_LOOK I_TURN_LEFT I_LOOK I_TURN_LEFT I_LOOK I_TURN_LEFT I_LOOK I_TURN_LEFT I_LOOK I_TURN_LEFT I_LOOK I_TURN_LEFT I_LOOK I_TURN_LEFT I_LOOK I_TURN_LEFT I_LOOK
turn right after jump opposite right	I_TURN_RIGHT I_TURN_RIGHT I_JUMP I_TURN_RIGHT
run right thrice after jump right	I_TURN_RIGHT I_JUMP I_TURN_RIGHT I_RUN I_TURN_RIGHT I_RUN I_TURN_RIGHT I_RUN
jump opposite left thrice after jump left thrice	I_TURN_LEFT I_JUMP I_TURN_LEFT I_JUMP I_TURN_LEFT I_JUMP I_TURN_LEFT I_TURN_LEFT I_JUMP I_TURN_LEFT I_TURN_LEFT I_JUMP I_TURN_LEFT I_TURN_LEFT I_JUMP
look left thrice and look around left thrice	I_TURN_LEFT I_LOOK I_TURN_LEFT I_LOOK I_TURN_LEFT I_LOOK I_TURN_LEFT I_LOOK I_TURN_LEFT I_LOOK I_TURN_LEFT I_LOOK I_TURN_LEFT I_LOOK I_TURN_LEFT I_LOOK I_TURN_LEFT I_LOOK I_TURN_LEFT I_LOOK I_TURN_LEFT I_LOOK I_TURN_LEFT I_LOOK I_TURN_LEFT I_LOOK I_TURN_LEFT I_LOOK I_TURN_LEFT I_LOOK
turn around left	I_TURN_LEFT I_TURN_LEFT I_TURN_LEFT I_TURN_LEFT
run left thrice after look thrice	I_LOOK I_LOOK I_LOOK I_TURN_LEFT I_RUN I_TURN_LEFT I_RUN I_TURN_LEFT I_RUN
walk opposite left twice after walk opposite left thrice	I_TURN_LEFT I_TURN_LEFT I_WALK I_TURN_LEFT I_TURN_LEFT I_WALK I_TURN_LEFT I_TURN_LEFT I_WALK I_TURN_LEFT I_TURN_LEFT I_WALK I_TURN_LEFT I_TURN_LEFT I_WALK
jump opposite left twice and run opposite right thrice	I_TURN_LEFT I_TURN_LEFT I_JUMP I_TURN_LEFT I_TURN_LEFT I_JUMP I_TURN_RIGHT I_TURN_RIGHT I_RUN I_TURN_RIGHT I_TURN_RIGHT I_RUN I_TURN_RIGHT I_TURN_RIGHT I_RUN
jump around right and turn around left	I_TURN_RIGHT I_JUMP I_TURN_RIGHT I_JUMP I_TURN_RIGHT I_JUMP I_TURN_RIGHT I_JUMP I_TURN_LEFT I_TURN_LEFT I_TURN_LEFT I_TURN_LEFT
look opposite right after run around right thrice	I_TURN_RIGHT I_RUN I_TURN_RIGHT I_RUN I_TURN_RIGHT I_RUN I_TURN_RIGHT I_RUN I_TURN_RIGHT I_RUN I_TURN_RIGHT I_RUN I_TURN_RIGHT I_RUN I_TURN_RIGHT I_RUN I_TURN_RIGHT I_RUN I_TURN_RIGHT I_RUN I_TURN_RIGHT I_RUN I_TURN_RIGHT I_RUN I_TURN_RIGHT I_TURN_RIGHT I_LOOK
jump around right twice and look opposite left	I_TURN_RIGHT I_JUMP I_TURN_RIGHT I_JUMP I_TURN_RIGHT I_JUMP I_TURN_RIGHT I_JUMP I_TURN_RIGHT I_JUMP I_TURN_RIGHT I_JUMP I_TURN_RIGHT I_JUMP I_TURN_RIGHT I_JUMP I_TURN_LEFT I_TURN_LEFT I_LOOK
run left twice and run right thrice	I_TURN_LEFT I_RUN I_TURN_LEFT I_RUN I_TURN_RIGHT I_RUN I_TURN_RIGHT I_RUN I_TURN_RIGHT I_RUN
jump opposite left twice after turn opposite right	I_TURN_RIGHT I_TURN_RIGHT I_TURN_LEFT I_TURN_LEFT I_JUMP I_TURN_LEFT I_TURN_LEFT I_JUMP
walk right after walk right twice	I_TURN_RIGHT I_WALK I_TURN_RIGHT I_WALK I_TURN_RIGHT I_WALK
turn around right after look thrice	I_LOOK I_LOOK I_LOOK I_TURN_RIGHT I_TURN_RIGHT I_TURN_RIGHT I_TURN_RIGHT
turn right after run left	I_TURN_LEFT I_RUN I_TURN_RIGHT
look opposite left thrice after turn right thrice	I_TURN_RIGHT I_TURN_RIGHT I_TURN_RIGHT I_TURN_LEFT I_TURN_LEFT I_LOOK I_TURN_LEFT I_TURN_LEFT I_LOOK I_TURN_LEFT I_TURN_LEFT I_LOOK
turn left and run opposite left twice	I_TURN_LEFT I_TURN_LEFT I_TURN_LEFT I_RUN I_TURN_LEFT I_TURN_LEFT I_RUN
jump opposite right twice and look left twice	I_TURN_RIGHT I_TURN_RIGHT I_JUMP I_TURN_RIGHT I_TURN_RIGHT I_JUMP I_TURN_LEFT I_LOOK I_TURN_LEFT I_LOOK
walk around left thrice and run left twice	I_TURN_LEFT I_WALK I_TURN_LEFT I_WALK I_TURN_LEFT I_WALK I_TURN_LEFT I_WALK I_TURN_LEFT I_WALK I_TURN_LEFT I_WALK I_TURN_LEFT I_WALK I_TURN_LEFT I_WALK I_TURN_LEFT I_WALK I_TURN_LEFT I_WALK I_TURN_LEFT I_WALK I_TURN_LEFT I_WALK I_TURN_LEFT I_RUN I_TURN_LEFT I_RUN
walk around right twice after look around right	I_TURN_RIGHT I_LOOK I_TURN_RIGHT I_LOOK I_TURN_RIGHT I_LOOK I_TURN_RIGHT I_LOOK I_TURN_RIGHT I_WALK I_TURN_RIGHT I_WALK I_TURN_RIGHT I_WALK I_TURN_RIGHT I_WALK I_TURN_RIGHT I_WALK I_TURN_RIGHT I_WALK I_TURN_RIGHT I_WALK I_TURN_RIGHT I_WALK
turn left after look around left twice	I_TURN_LEFT I_LOOK I_TURN_LEFT I_LOOK I_TURN_LEFT I_LOOK I_TURN_LEFT I_LOOK I_TURN_LEFT I_LOOK I_TURN_LEFT I_LOOK I_TURN_LEFT I_LOOK I_TURN_LEFT I_LOOK I_TURN_LEFT
look right and jump left twice	I_TURN_RIGHT I_LOOK I_TURN_LEFT I_JUMP I_TURN_LEFT I_JUMP
turn opposite right after jump around right	I_TURN_RIGHT I_JUMP I_TURN_RIGHT I_JUMP I_TURN_RIGHT I_JUMP I_TURN_RIGHT I_JUMP I_TURN_RIGHT I_TURN_RIGHT
turn right twice after run left	I_TURN_LEFT I_RUN I_TURN_RIGHT I_TURN_RIGHT
jump opposite left twice after run right thrice	I_TURN_RIGHT I_RUN I_TURN_RIGHT I_RUN I_TURN_RIGHT I_RUN I_TURN_LEFT I_TURN_LEFT I_JUMP I_TURN_LEFT I_TURN_LEFT I_JUMP
walk twice and turn opposite right thrice	I_WALK I_WALK I_TURN_RIGHT I_TURN_RIGHT I_TURN_RIGHT I_TURN_RIGHT I_TURN_RIGHT I_TURN_RIGHT
turn around right thrice after run around left twice	I_TURN_LEFT I_RUN I_TURN_LEFT I_RUN I_TURN_LEFT I_RUN I_TURN_LEFT I_RUN I_TURN_LEFT I_RUN I_TURN_LEFT I_RUN I_TURN_LEFT I_RUN I_TURN_LEFT I_RUN I_TURN_RIGHT I_TURN_RIGHT I_TURN_RIGHT I_TURN_RIGHT I_TURN_RIGHT I_TURN_RIGHT I_TURN_RIGHT I_TURN_RIGHT I_TURN_RIGHT I_TURN_RIGHT I_TURN_RIGHT I_TURN_RIGHT
jump right thrice after walk around left	I_TURN_LEFT I_WALK I_TURN_LEFT I_WALK I_TURN_LEFT I_WALK I_TURN_LEFT I_WALK I_TURN_RIGHT I_JUMP I_TURN_RIGHT I_JUMP I_TURN_RIGHT I_JUMP
turn opposite left twice and run	I_TURN_LEFT I_TURN_LEFT I_TURN_LEFT I_TURN_LEFT I_RUN
jump opposite left after look opposite left	I_TURN_LEFT I_TURN_LEFT I_LOOK I_TURN_LEFT I_TURN_LEFT I_JUMP
walk around left twice and look around right	I_TURN_LEFT I_WALK I_TURN_LEFT I_WALK I_TURN_LEFT I_WALK I_TURN_LEFT I_WALK I_TURN_LEFT I_WALK I_TURN_LEFT I_WALK I_TURN_LEFT I_WALK I_TURN_LEFT I_WALK I_TURN_RIGHT I_LOOK I_TURN_RIGHT I_LOOK I_TURN_RIGHT I_LOOK I_TURN_RIGHT I_LOOK
walk thrice after look twice	I_LOOK I_LOOK I_WALK I_WALK I_WALK
walk and look left thrice	I_WALK I_TURN_LEFT I_LOOK I_TURN_LEFT I_LOOK I_TURN_LEFT I_LOOK
run thrice and look around right	I_RUN I_RUN I_RUN I_TURN_RIGHT I_LOOK I_TURN_RIGHT I_LOOK I_TURN_RIGHT I_LOOK I_TURN_RIGHT I_LOOK
turn opposite right twice after walk right thrice	I_TURN_RIGHT I_WALK I_TURN_RIGHT I_WALK I_TURN_RIGHT I_WALK I_TURN_RIGHT I_TURN_RIGHT I_TURN_RIGHT I_TURN_RIGHT
run right twice and turn opposite left	I_TURN_RIGHT I_RUN I_TURN_RIGHT I_RUN I_TURN_LEFT I_TURN_LEFT
jump after run opposite left thrice	I_TURN_LEFT I_TURN_LEFT I_RUN I_TURN_LEFT I_TURN_LEFT I_RUN I_TURN_LEFT I_TURN_LEFT I_RUN I_JUMP
look left and walk left	I_TURN_LEFT I_LOOK I_TURN_LEFT I_WALK
look twice and jump around right thrice	I_LOOK I_LOOK I_TURN_RIGHT I_JUMP I_TURN_RIGHT I_JUMP I_TURN_RIGHT I_JUMP I_TURN_RIGHT I_JUMP I_TURN_RIGHT I_JUMP I_TURN_RIGHT I_JUMP I_TURN_RIGHT I_JUMP I_TURN_RIGHT I_JUMP I_TURN_RIGHT I_JUMP I_TURN_RIGHT I_JUMP I_TURN_RIGHT I_JUMP I_TURN_RIGHT I_JUMP
jump around left thrice and turn opposite right thrice	I_TURN_LEFT I_JUMP I_TURN_LEFT I_JUMP I_TURN_LEFT I_JUMP I_TURN_LEFT I_JUMP I_TURN_LEFT I_JUMP I_TURN_LEFT I_JUMP I_TURN_LEFT I_JUMP I_TURN_LEFT I_JUMP I_TURN_LEFT I_JUMP I_TURN_LEFT I_JUMP I_TURN_LEFT I_JUMP I_TURN_LEFT I_JUMP I_TURN_RIGHT I_TURN_RIGHT I_TURN_RIGHT I_TURN_RIGHT I_TURN_RIGHT I_TURN_RIGHT
jump around left after run around left thrice	I_TURN_LEFT I_RUN I_TURN_LEFT I_RUN I_TURN_LEFT I_RUN I_TURN_LEFT I_RUN I_TURN_LEFT I_RUN I_TURN_LEFT I_RUN I_TURN_LEFT I_RUN I_TURN_LEFT I_RUN I_TURN_LEFT I_RUN I_TURN_LEFT I_RUN I_TURN_LEFT I_RUN I_TURN_LEFT I_RUN I_TURN_LEFT I_JUMP I_TURN_LEFT I_JUMP I_TURN_LEFT I_JUMP I_TURN_LEFT I_JUMP
walk around right twice after walk thrice	I_WALK I_WALK I_WALK I_TURN_RIGHT I_WALK I_TURN_RIGHT I_WALK I_TURN_RIGHT I_WALK I_TURN_RIGHT I_WALK I_TURN_RIGHT I_WALK I_TURN_RIGHT I_WALK I_TURN_RIGHT I_WALK I_TURN_RIGHT I_WALK
turn around left thrice after walk right	I_TURN_RIGHT I_WALK I_TURN_LEFT I_TURN_LEFT I_TURN_LEFT I_TURN_LEFT I_TURN_LEFT I_TURN_LEFT I_TURN_LEFT I_TURN_LEFT I_TURN_LEFT I_TURN_LEFT I_TURN_LEFT I_TURN_LEFT
walk opposite right twice and look around right twice	I_TURN_RIGHT I_TURN_RIGHT I_WALK I_TURN_RIGHT I_TURN_RIGHT I_WALK I_TURN_RIGHT I_LOOK I_TURN_RIGHT I_LOOK I_TURN_RIGHT I_LOOK I_TURN_RIGHT I_LOOK I_TURN_RIGHT I_LOOK I_TURN_RIGHT I_LOOK I_TURN_RIGHT I_LOOK I_TURN_RIGHT I_LOOK
jump after walk around right thrice	I_TURN_RIGHT I_WALK I_TURN_RIGHT I_WALK I_TURN_RIGHT I_WALK I_TURN_RIGHT I_WALK I_TURN_RIGHT I_WALK I_TURN_RIGHT I_WALK I_TURN_RIGHT I_WALK I_TURN_RIGHT I_WALK I_TURN_RIGHT I_WALK I_TURN_RIGHT I_WALK I_TURN_RIGHT I_WALK I_TURN_RIGHT I_WALK I_JUMP
run around left and walk around right twice	I_TURN_LEFT I_RUN I_TURN_LEFT I_RUN I_TURN_LEFT I_RUN I_TURN_LEFT I_RUN I_TURN_RIGHT I_WALK I_TURN_RIGHT I_WALK I_TURN_RIGHT I_WALK I_TURN_RIGHT I_WALK I_TURN_RIGHT I_WALK I_TURN_RIGHT I_WALK I_TURN_RIGHT I_WALK I_TURN_RIGHT I_WALK
jump around right twice after look around right	I_TURN_RIGHT I_LOOK I_TURN_RIGHT I_LOOK I_TURN_RIGHT I_LOOK I_TURN_RIGHT I_LOOK I_TURN_RIGHT I_JUMP I_TURN_RIGHT I_JUMP I_TURN_RIGHT I_JUMP I_TURN_RIGHT I_JUMP I_TURN_RIGHT I_JUMP I_TURN_RIGHT I_JUMP I_TURN_RIGHT I_JUMP I_TURN_RIGHT I_JUMP
turn around right thrice after walk around right	I_TURN_RIGHT I_WALK I_TURN_RIGHT I_WALK I_TURN_RIGHT I_WALK I_TURN_RIGHT I_WALK I_TURN_RIGHT I_TURN_RIGHT I_TURN_RIGHT I_TURN_RIGHT I_TURN_RIGHT I_TURN_RIGHT I_TURN_RIGHT I_TURN_RIGHT I_TURN_RIGHT I_TURN_RIGHT I_TURN_RIGHT I_TURN_RIGHT
look around right and walk opposite left twice	I_TURN_RIGHT I_LOOK I_TURN_RIGHT I_LOOK I_TURN_RIGHT I_LOOK I_TURN_RIGHT I_LOOK I_TURN_LEFT I_TURN_LEFT I_WALK I_TURN_LEFT I_TURN_LEFT I_WALK
jump opposite right thrice and run around left twice	I_TURN_RIGHT I_TURN_RIGHT I_JUMP I_TURN_RIGHT I_TURN_RIGHT I_JUMP I_TURN_RIGHT I_TURN_RIGHT I_JUMP I_TURN_LEFT I_RUN I_TURN_LEFT I_RUN I_TURN_LEFT I_RUN I_TURN_LEFT I_RUN I_TURN_LEFT I_RUN I_TURN_LEFT I_RUN I_TURN_LEFT I_RUN I_TURN_LEFT I_RUN
jump right twice and run left	I_TURN_RIGHT I_JUMP I_TURN_RIGHT I_JUMP I_TURN_LEFT I_RUN
turn opposite right twice and run opposite right twice	I_TURN_RIGHT I_TURN_RIGHT I_TURN_RIGHT I_TURN_RIGHT I_TURN_RIGHT I_TURN_RIGHT I_RUN I_TURN_RIGHT I_TURN_RIGHT I_RUN
look opposite left and jump around left twice	I_TURN_LEFT I_TURN_LEFT I_LOOK I_TURN_LEFT I_JUMP I_TURN_LEFT I_JUMP I_TURN_LEFT I_JUMP I_TURN_LEFT I_JUMP I_TURN_LEFT I_JUMP I_TURN_LEFT I_JUMP I_TURN_LEFT I_JUMP I_TURN_LEFT I_JUMP
jump opposite left thrice and run around right thrice	I_TURN_LEFT I_TURN_LEFT I_JUMP I_TURN_LEFT I_TURN_LEFT I_JUMP I_TURN_LEFT I_TURN_LEFT I_JUMP I_TURN_RIGHT I_RUN I_TURN_RIGHT I_RUN I_TURN_RIGHT I_RUN I_TURN_RIGHT I_RUN I_TURN_RIGHT I_RUN I_TURN_RIGHT I_RUN I_TURN_RIGHT I_RUN I_TURN_RIGHT I_RUN I_TURN_RIGHT I_RUN I_TURN_RIGHT I_RUN I_TURN_RIGHT I_RUN I_TURN_RIGHT I_RUN
look opposite left and turn opposite left twice	I_TURN_LEFT I_TURN_LEFT I_LOOK I_TURN_LEFT I_TURN_LEFT I_TURN_LEFT I_TURN_LEFT
turn around right thrice and look around right thrice	I_TURN_RIGHT I_TURN_RIGHT I_TURN_RIGHT I_TURN_RIGHT I_TURN_RIGHT I_TURN_RIGHT I_TURN_RIGHT I_TURN_RIGHT I_TURN_RIGHT I_TURN_RIGHT I_TURN_RIGHT I_TURN_RIGHT I_TURN_RIGHT I_LOOK I_TURN_RIGHT I_LOOK I_TURN_RIGHT I_LOOK I_TURN_RIGHT I_LOOK I_TURN_RIGHT I_LOOK I_TURN_RIGHT I_LOOK I_TURN_RIGHT I_LOOK I_TURN_RIGHT I_LOOK I_TURN_RIGHT I_LOOK I_TURN_RIGHT I_LOOK I_TURN_RIGHT I_LOOK I_TURN_RIGHT I_LOOK
turn around right thrice after turn around right thrice	I_TURN_RIGHT I_TURN_RIGHT I_TURN_RIGHT I_TURN_RIGHT I_TURN_RIGHT I_TURN_RIGHT I_TURN_RIGHT I_TURN_RIGHT I_TURN_RIGHT I_TURN_RIGHT I_TURN_RIGHT I_TURN_RIGHT I_TURN_RIGHT I_TURN_RIGHT I_TURN_RIGHT I_TURN_RIGHT I_TURN_RIGHT I_TURN_RIGHT I_TURN_RIGHT I_TURN_RIGHT I_TURN_RIGHT I_TURN_RIGHT I_TURN_RIGHT I_TURN_RIGHT
walk opposite left twice after walk thrice	I_WALK I_WALK I_WALK I_TURN_LEFT I_TURN_LEFT I_WALK I_TURN_LEFT I_TURN_LEFT I_WALK
jump opposite right thrice and jump around left	I_TURN_RIGHT I_TURN_RIGHT I_JUMP I_TURN_RIGHT I_TURN_RIGHT I_JUMP I_TURN_RIGHT I_TURN_RIGHT I_JUMP I_TURN_LEFT I_JUMP I_TURN_LEFT I_JUMP I_TURN_LEFT I_JUMP I_TURN_LEFT I_JUMP
run right thrice and run around right twice	I_TURN_RIGHT I_RUN I_TURN_RIGHT I_RUN I_TURN_RIGHT I_RUN I_TURN_RIGHT I_RUN I_TURN_RIGHT I_RUN I_TURN_RIGHT I_RUN I_TURN_RIGHT I_RUN I_TURN_RIGHT I_RUN I_TURN_RIGHT I_RUN I_TURN_RIGHT I_RUN I_TURN_RIGHT I_RUN
turn around left thrice after look thrice	I_LOOK I_LOOK I_LOOK I_TURN_LEFT I_TURN_LEFT I_TURN_LEFT I_TURN_LEFT I_TURN_LEFT I_TURN_LEFT I_TURN_LEFT I_TURN_LEFT I_TURN_LEFT I_TURN_LEFT I_TURN_LEFT I_TURN_LEFT
look around right twice and jump around right	I_TURN_RIGHT I_LOOK I_TURN_RIGHT I_LOOK I_TURN_RIGHT I_LOOK I_TURN_RIGHT I_LOOK I_TURN_RIGHT I_LOOK I_TURN_RIGHT I_LOOK I_TURN_RIGHT I_LOOK I_TURN_RIGHT I_LOOK I_TURN_RIGHT I_JUMP I_TURN_RIGHT I_JUMP I_TURN_RIGHT I_JUMP I_TURN_RIGHT I_JUMP
look after walk around right twice	I_TURN_RIGHT I_WALK I_TURN_RIGHT I_WALK I_TURN_RIGHT I_WALK I_TURN_RIGHT I_WALK I_TURN_RIGHT I_WALK I_TURN_RIGHT I_WALK I_TURN_RIGHT I_WALK I_TURN_RIGHT I_WALK I_LOOK
jump opposite right and run opposite left twice	I_TURN_RIGHT I_TURN_RIGHT I_JUMP I_TURN_LEFT I_TURN_LEFT I_RUN I_TURN_LEFT I_TURN_LEFT I_RUN
jump after walk right thrice	I_TURN_RIGHT I_WALK I_TURN_RIGHT I_WALK I_TURN_RIGHT I_WALK I_JUMP
turn opposite left twice and run left	I_TURN_LEFT I_TURN_LEFT I_TURN_LEFT I_TURN_LEFT I_TURN_LEFT I_RUN
turn opposite right after walk around right twice	I_TURN_RIGHT I_WALK I_TURN_RIGHT I_WALK I_TURN_RIGHT I_WALK I_TURN_RIGHT I_WALK I_TURN_RIGHT I_WALK I_TURN_RIGHT I_WALK I_TURN_RIGHT I_WALK I_TURN_RIGHT I_WALK I_TURN_RIGHT I_TURN_RIGHT
look opposite right thrice and walk thrice	I_TURN_RIGHT I_TURN_RIGHT I_LOOK I_TURN_RIGHT I_TURN_RIGHT I_LOOK I_TURN_RIGHT I_TURN_RIGHT I_LOOK I_WALK I_WALK I_WALK
run opposite right twice and look right thrice	I_TURN_RIGHT I_TURN_RIGHT I_RUN I_TURN_RIGHT I_TURN_RIGHT I_RUN I_TURN_RIGHT I_LOOK I_TURN_RIGHT I_LOOK I_TURN_RIGHT I_LOOK
jump left twice after walk opposite left twice	I_TURN_LEFT I_TURN_LEFT I_WALK I_TURN_LEFT I_TURN_LEFT I_WALK I_TURN_LEFT I_JUMP I_TURN_LEFT I_JUMP
run left thrice and jump opposite right twice	I_TURN_LEFT I_RUN I_TURN_LEFT I_RUN I_TURN_LEFT I_RUN I_TURN_RIGHT I_TURN_RIGHT I_JUMP I_TURN_RIGHT I_TURN_RIGHT I_JUMP
walk opposite right twice and jump right twice	I_TURN_RIGHT I_TURN_RIGHT I_WALK I_TURN_RIGHT I_TURN_RIGHT I_WALK I_TURN_RIGHT I_JUMP I_TURN_RIGHT I_JUMP
look twice and turn around left	I_LOOK I_LOOK I_TURN_LEFT I_TURN_LEFT I_TURN_LEFT I_TURN_LEFT
walk left after look opposite left	I_TURN_LEFT I_TURN_LEFT I_LOOK I_TURN_LEFT I_WALK
walk around right thrice and turn opposite left	I_TURN_RIGHT I_WALK I_TURN_RIGHT I_WALK I_TURN_RIGHT I_WALK I_TURN_RIGHT I_WALK I_TURN_RIGHT I_WALK I_TURN_RIGHT I_WALK I_TURN_RIGHT I_WALK I_TURN_RIGHT I_WALK I_TURN_RIGHT I_WALK I_TURN_RIGHT I_WALK I_TURN_RIGHT I_WALK I_TURN_RIGHT I_WALK I_TURN_LEFT I_TURN_LEFT
walk around right thrice after jump opposite right thrice	I_TURN_RIGHT I_TURN_RIGHT I_JUMP I_TURN_RIGHT I_TURN_RIGHT I_JUMP I_TURN_RIGHT I_TURN_RIGHT I_JUMP I_TURN_RIGHT I_WALK I_TURN_RIGHT I_WALK I_TURN_RIGHT I_WALK I_TURN_RIGHT I_WALK I_TURN_RIGHT I_WALK I_TURN_RIGHT I_WALK I_TURN_RIGHT I_WALK I_TURN_RIGHT I_WALK I_TURN_RIGHT I_WALK I_TURN_RIGHT I_WALK I_TURN_RIGHT I_WALK I_TURN_RIGHT I_WALK
run around left twice and walk opposite right thrice	I_TURN_LEFT I_RUN I_TURN_LEFT I_RUN I_TURN_LEFT I_RUN I_TURN_LEFT I_RUN I_TURN_LEFT I_RUN I_TURN_LEFT I_RUN I_TURN_LEFT I_RUN I_TURN_LEFT I_RUN I_TURN_RIGHT I_TURN_RIGHT I_WALK I_TURN_RIGHT I_TURN_RIGHT I_WALK I_TURN_RIGHT I_TURN_RIGHT I_WALK
run twice and run around left	I_RUN I_RUN I_TURN_LEFT I_RUN I_TURN_LEFT I_RUN I_TURN_LEFT I_RUN I_TURN_LEFT I_RUN
walk and turn opposite right twice	I_WALK I_TURN_RIGHT I_TURN_RIGHT I_TURN_RIGHT I_TURN_RIGHT
walk after walk left thrice	I_TURN_LEFT I_WALK I_TURN_LEFT I_WALK I_TURN_LEFT I_WALK I_WALK
run left thrice and turn opposite right twice	I_TURN_LEFT I_RUN I_TURN_LEFT I_RUN I_TURN_LEFT I_RUN I_TURN_RIGHT I_TURN_RIGHT I_TURN_RIGHT I_TURN_RIGHT
look opposite left twice and look right twice	I_TURN_LEFT I_TURN_LEFT I_LOOK I_TURN_LEFT I_TURN_LEFT I_LOOK I_TURN_RIGHT I_LOOK I_TURN_RIGHT I_LOOK
turn around left thrice after run around left	I_TURN_LEFT I_RUN I_TURN_LEFT I_RUN I_TURN_LEFT I_RUN I_TURN_LEFT I_RUN I_TURN_LEFT I_TURN_LEFT I_TURN_LEFT I_TURN_LEFT I_TURN_LEFT I_TURN_LEFT I_TURN_LEFT I_TURN_LEFT I_TURN_LEFT I_TURN_LEFT I_TURN_LEFT I_TURN_LEFT
run after look opposite right twice	I_TURN_RIGHT I_TURN_RIGHT I_LOOK I_TURN_RIGHT I_TURN_RIGHT I_LOOK I_RUN
walk opposite right twice after run opposite right twice	I_TURN_RIGHT I_TURN_RIGHT I_RUN I_TURN_RIGHT I_TURN_RIGHT I_RUN I_TURN_RIGHT I_TURN_RIGHT I_WALK I_TURN_RIGHT I_TURN_RIGHT I_WALK
turn around left and jump	I_TURN_LEFT I_TURN_LEFT I_TURN_LEFT I_TURN_LEFT I_JUMP
walk around right and jump around right	I_TURN_RIGHT I_WALK I_TURN_RIGHT I_WALK I_TURN_RIGHT I_WALK I_TURN_RIGHT I_WALK I_TURN_RIGHT I_JUMP I_TURN_RIGHT I_JUMP I_TURN_RIGHT I_JUMP I_TURN_RIGHT I_JUMP
look left thrice after jump left thrice	I_TURN_LEFT I_JUMP I_TURN_LEFT I_JUMP I_TURN_LEFT I_JUMP I_TURN_LEFT I_LOOK I_TURN_LEFT I_LOOK I_TURN_LEFT I_LOOK
walk thrice after run around left	I_TURN_LEFT I_RUN I_TURN_LEFT I_RUN I_TURN_LEFT I_RUN I_TURN_LEFT I_RUN I_WALK I_WALK I_WALK
run right twice after walk opposite left	I_TURN_LEFT I_TURN_LEFT I_WALK I_TURN_RIGHT I_RUN I_TURN_RIGHT I_RUN
look left and look opposite left twice	I_TURN_LEFT I_LOOK I_TURN_LEFT I_TURN_LEFT I_LOOK I_TURN_LEFT I_TURN_LEFT I_LOOK
run left thrice and walk opposite left thrice	I_TURN_LEFT I_RUN I_TURN_LEFT I_RUN I_TURN_LEFT I_RUN I_TURN_LEFT I_TURN_LEFT I_WALK I_TURN_LEFT I_TURN_LEFT I_WALK I_TURN_LEFT I_TURN_LEFT I_WALK
turn around left twice and run twice	I_TURN_LEFT I_TURN_LEFT I_TURN_LEFT I_TURN_LEFT I_TURN_LEFT I_TURN_LEFT I_TURN_LEFT I_TURN_LEFT I_RUN I_RUN
run right and run left twice	I_TURN_RIGHT I_RUN I_TURN_LEFT I_RUN I_TURN_LEFT I_RUN
jump around left thrice and walk left twice	I_TURN_LEFT I_JUMP I_TURN_LEFT I_JUMP I_TURN_LEFT I_JUMP I_TURN_LEFT I_JUMP I_TURN_LEFT I_JUMP I_TURN_LEFT I_JUMP I_TURN_LEFT I_JUMP I_TURN_LEFT I_JUMP I_TURN_LEFT I_JUMP I_TURN_LEFT I_JUMP I_TURN_LEFT I_JUMP I_TURN_LEFT I_JUMP I_TURN_LEFT I_WALK I_TURN_LEFT I_WALK
run around left after look opposite left	I_TURN_LEFT I_TURN_LEFT I_LOOK I_TURN_LEFT I_RUN I_TURN_LEFT I_RUN I_TURN_LEFT I_RUN I_TURN_LEFT I_RUN
walk thrice after run thrice	I_RUN I_RUN I_RUN I_WALK I_WALK I_WALK
run and turn right thrice	I_RUN I_TURN_RIGHT I_TURN_RIGHT I_TURN_RIGHT
turn opposite left twice and look opposite right	I_TURN_LEFT I_TURN_LEFT I_TURN_LEFT I_TURN_LEFT I_TURN_RIGHT I_TURN_RIGHT I_LOOK
run around right thrice and walk around right twice	I_TURN_RIGHT I_RUN I_TURN_RIGHT I_RUN I_TURN_RIGHT I_RUN I_TURN_RIGHT I_RUN I_TURN_RIGHT I_RUN I_TURN_RIGHT I_RUN I_TURN_RIGHT I_RUN I_TURN_RIGHT I_RUN I_TURN_RIGHT I_RUN I_TURN_RIGHT I_RUN I_TURN_RIGHT I_RUN I_TURN_RIGHT I_RUN I_TURN_RIGHT I_WALK I_TURN_RIGHT I_WALK I_TURN_RIGHT I_WALK I_TURN_RIGHT I_WALK I_TURN_RIGHT I_WALK I_TURN_RIGHT I_WALK I_TURN_RIGHT I_WALK I_TURN_RIGHT I_WALK
look thrice after run right	I_TURN_RIGHT I_RUN I_LOOK I_LOOK I_LOOK
turn around right twice and jump right twice	I_TURN_RIGHT I_TURN_RIGHT I_TURN_RIGHT I_TURN_RIGHT I_TURN_RIGHT I_TURN_RIGHT I_TURN_RIGHT I_TURN_RIGHT I_TURN_RIGHT I_JUMP I_TURN_RIGHT I_JUMP
jump around left and look around left twice	I_TURN_LEFT I_JUMP I_TURN_LEFT I_JUMP I_TURN_LEFT I_JUMP I_TURN_LEFT I_JUMP I_TURN_LEFT I_LOOK I_TURN_LEFT I_LOOK I_TURN_LEFT I_LOOK I_TURN_LEFT I_LOOK I_TURN_LEFT I_LOOK I_TURN_LEFT I_LOOK I_TURN_LEFT I_LOOK I_TURN_LEFT I_LOOK
run right after run opposite left	I_TURN_LEFT I_TURN_LEFT I_RUN I_TURN_RIGHT I_RUN
walk opposite right and walk left thrice	I_TURN_RIGHT I_TURN_RIGHT I_WALK I_TURN_LEFT I_WALK I_TURN_LEFT I_WALK I_TURN_LEFT I_WALK
jump around right twice and run opposite left twice	I_TURN_RIGHT I_JUMP I_TURN_RIGHT I_JUMP I_TURN_RIGHT I_JUMP I_TURN_RIGHT I_JUMP I_TURN_RIGHT I_JUMP I_TURN_RIGHT I_JUMP I_TURN_RIGHT I_JUMP I_TURN_RIGHT I_JUMP I_TURN_LEFT I_TURN_LEFT I_RUN I_TURN_LEFT I_TURN_LEFT I_RUN
look around right twice after jump around left twice	I_TURN_LEFT I_JUMP I_TURN_LEFT I_JUMP I_TURN_LEFT I_JUMP I_TURN_LEFT I_JUMP I_TURN_LEFT I_JUMP I_TURN_LEFT I_JUMP I_TURN_LEFT I_JUMP I_TURN_LEFT I_JUMP I_TURN_RIGHT I_LOOK I_TURN_RIGHT I_LOOK I_TURN_RIGHT I_LOOK I_TURN_RIGHT I_LOOK I_TURN_RIGHT I_LOOK I_TURN_RIGHT I_LOOK I_TURN_RIGHT I_LOOK I_TURN_RIGHT I_LOOK
look opposite left thrice after look opposite left twice	I_TURN_LEFT I_TURN_LEFT I_LOOK I_TURN_LEFT I_TURN_LEFT I_LOOK I_TURN_LEFT I_TURN_LEFT I_LOOK I_TURN_LEFT I_TURN_LEFT I_LOOK I_TURN_LEFT I_TURN_LEFT I_LOOK
turn around right thrice after turn around left twice	I_TURN_LEFT I_TURN_LEFT I_TURN_LEFT I_TURN_LEFT I_TURN_LEFT I_TURN_LEFT I_TURN_LEFT I_TURN_LEFT I_TURN_RIGHT I_TURN_RIGHT I_TURN_RIGHT I_TURN_RIGHT I_TURN_RIGHT I_TURN_RIGHT I_TURN_RIGHT I_TURN_RIGHT I_TURN_RIGHT I_TURN_RIGHT I_TURN_RIGHT I_TURN_RIGHT
jump thrice after jump opposite right thrice	I_TURN_RIGHT I_TURN_RIGHT I_JUMP I_TURN_RIGHT I_TURN_RIGHT I_JUMP I_TURN_RIGHT I_TURN_RIGHT I_JUMP I_JUMP I_JUMP I_JUMP
run around left after turn right twice	I_TURN_RIGHT I_TURN_RIGHT I_TURN_LEFT I_RUN I_TURN_LEFT I_RUN I_TURN_LEFT I_RUN I_TURN_LEFT I_RUN
jump around left twice after run around left	I_TURN_LEFT I_RUN I_TURN_LEFT I_RUN I_TURN_LEFT I_RUN I_TURN_LEFT I_RUN I_TURN_LEFT I_JUMP I_TURN_LEFT I_JUMP I_TURN_LEFT I_JUMP I_TURN_LEFT I_JUMP I_TURN_LEFT I_JUMP I_TURN_LEFT I_JUMP I_TURN_LEFT I_JUMP I_TURN_LEFT I_JUMP
run opposite right after turn right	I_TURN_RIGHT I_TURN_RIGHT I_TURN_RIGHT I_RUN
jump right twice and turn opposite left twice	I_TURN_RIGHT I_JUMP I_TURN_RIGHT I_JUMP I_TURN_LEFT I_TURN_LEFT I_TURN_LEFT I_TURN_LEFT
walk around right and run around right thrice	I_TURN_RIGHT I_WALK I_TURN_RIGHT I_WALK I_TURN_RIGHT I_WALK I_TURN_RIGHT I_WALK I_TURN_RIGHT I_RUN I_TURN_RIGHT I_RUN I_TURN_RIGHT I_RUN I_TURN_RIGHT I_RUN I_TURN_RIGHT I_RUN I_TURN_RIGHT I_RUN I_TURN_RIGHT I_RUN I_TURN_RIGHT I_RUN I_TURN_RIGHT I_RUN I_TURN_RIGHT I_RUN I_TURN_RIGHT I_RUN I_TURN_RIGHT I_RUN
look right twice after turn right thrice	I_TURN_RIGHT I_TURN_RIGHT I_TURN_RIGHT I_TURN_RIGHT I_LOOK I_TURN_RIGHT I_LOOK
run opposite left after look opposite left	I_TURN_LEFT I_TURN_LEFT I_LOOK I_TURN_LEFT I_TURN_LEFT I_RUN
run opposite left thrice and look left thrice	I_TURN_LEFT I_TURN_LEFT I_RUN I_TURN_LEFT I_TURN_LEFT I_RUN I_TURN_LEFT I_TURN_LEFT I_RUN I_TURN_LEFT I_LOOK I_TURN_LEFT I_LOOK I_TURN_LEFT I_LOOK
run around left twice	I_TURN_LEFT I_RUN I_TURN_LEFT I_RUN I_TURN_LEFT I_RUN I_TURN_LEFT I_RUN I_TURN_LEFT I_RUN I_TURN_LEFT I_RUN I_TURN_LEFT I_RUN I_TURN_LEFT I_RUN
walk around left and jump around left thrice	I_TURN_LEFT I_WALK I_TURN_LEFT I_WALK I_TURN_LEFT I_WALK I_TURN_LEFT I_WALK I_TURN_LEFT I_JUMP I_TURN_LEFT I_JUMP I_TURN_LEFT I_JUMP I_TURN_LEFT I_JUMP I_TURN_LEFT I_JUMP I_TURN_LEFT I_JUMP I_TURN_LEFT I_JUMP I_TURN_LEFT I_JUMP I_TURN_LEFT I_JUMP I_TURN_LEFT I_JUMP I_TURN_LEFT I_JUMP I_TURN_LEFT I_JUMP
look left twice after run right twice	I_TURN_RIGHT I_RUN I_TURN_RIGHT I_RUN I_TURN_LEFT I_LOOK I_TURN_LEFT I_LOOK
jump right after look around right	I_TURN_RIGHT I_LOOK I_TURN_RIGHT I_LOOK I_TURN_RIGHT I_LOOK I_TURN_RIGHT I_LOOK I_TURN_RIGHT I_JUMP
run around right twice and jump right	I_TURN_RIGHT I_RUN I_TURN_RIGHT I_RUN I_TURN_RIGHT I_RUN I_TURN_RIGHT I_RUN I_TURN_RIGHT I_RUN I_TURN_RIGHT I_RUN I_TURN_RIGHT I_RUN I_TURN_RIGHT I_RUN I_TURN_RIGHT I_JUMP
run around right after walk around left	I_TURN_LEFT I_WALK I_TURN_LEFT I_WALK I_TURN_LEFT I_WALK I_TURN_LEFT I_WALK I_TURN_RIGHT I_RUN I_TURN_RIGHT I_RUN I_TURN_RIGHT I_RUN I_TURN_RIGHT I_RUN
look opposite left after jump left twice	I_TURN_LEFT I_JUMP I_TURN_LEFT I_JUMP I_TURN_LEFT I_TURN_LEFT I_LOOK
run opposite left thrice and walk opposite left twice	I_TURN_LEFT I_TURN_LEFT I_RUN I_TURN_LEFT I_TURN_LEFT I_RUN I_TURN_LEFT I_TURN_LEFT I_RUN I_TURN_LEFT I_TURN_LEFT I_WALK I_TURN_LEFT I_TURN_LEFT I_WALK
run opposite left thrice and run right thrice	I_TURN_LEFT I_TURN_LEFT I_RUN I_TURN_LEFT I_TURN_LEFT I_RUN I_TURN_LEFT I_TURN_LEFT I_RUN I_TURN_RIGHT I_RUN I_TURN_RIGHT I_RUN I_TURN_RIGHT I_RUN
jump left twice after walk left	I_TURN_LEFT I_WALK I_TURN_LEFT I_JUMP I_TURN_LEFT I_JUMP
run around left twice after walk around right twice	I_TURN_RIGHT I_WALK I_TURN_RIGHT I_WALK I_TURN_RIGHT I_WALK I_TURN_RIGHT I_WALK I_TURN_RIGHT I_WALK I_TURN_RIGHT I_WALK I_TURN_RIGHT I_WALK I_TURN_RIGHT I_WALK I_TURN_LEFT I_RUN I_TURN_LEFT I_RUN I_TURN_LEFT I_RUN I_TURN_LEFT I_RUN I_TURN_LEFT I_RUN I_TURN_LEFT I_RUN I_TURN_LEFT I_RUN I_TURN_LEFT I_RUN
walk left twice after turn around right twice	I_TURN_RIGHT I_TURN_RIGHT I_TURN_RIGHT I_TURN_RIGHT I_TURN_RIGHT I_TURN_RIGHT I_TURN_RIGHT I_TURN_RIGHT I_TURN_LEFT I_WALK I_TURN_LEFT I_WALK
look opposite left thrice after jump right thrice	I_TURN_RIGHT I_JUMP I_TURN_RIGHT I_JUMP I_TURN_RIGHT I_JUMP I_TURN_LEFT I_TURN_LEFT I_LOOK I_TURN_LEFT I_TURN_LEFT I_LOOK I_TURN_LEFT I_TURN_LEFT I_LOOK
look around right thrice after run around right twice	I_TURN_RIGHT I_RUN I_TURN_RIGHT I_RUN I_TURN_RIGHT I_RUN I_TURN_RIGHT I_RUN I_TURN_RIGHT I_RUN I_TURN_RIGHT I_RUN I_TURN_RIGHT I_RUN I_TURN_RIGHT I_RUN I_TURN_RIGHT I_LOOK I_TURN_RIGHT I_LOOK I_TURN_RIGHT I_LOOK I_TURN_RIGHT I_LOOK I_TURN_RIGHT I_LOOK I_TURN_RIGHT I_LOOK I_TURN_RIGHT I_LOOK I_TURN_RIGHT I_LOOK I_TURN_RIGHT I_LOOK I_TURN_RIGHT I_LOOK I_TURN_RIGHT I_LOOK I_TURN_RIGHT I_LOOK
run opposite right thrice after jump around right	I_TURN_RIGHT I_JUMP I_TURN_RIGHT I_JUMP I_TURN_RIGHT I_JUMP I_TURN_RIGHT I_JUMP I_TURN_RIGHT I_TURN_RIGHT I_RUN I_TURN_RIGHT I_TURN_RIGHT I_RUN I_TURN_RIGHT I_TURN_RIGHT I_RUN
run opposite right twice after jump opposite right	I_TURN_RIGHT I_TURN_RIGHT I_JUMP I_TURN_RIGHT I_TURN_RIGHT I_RUN I_TURN_RIGHT I_TURN_RIGHT I_RUN
run left twice after look right thrice	I_TURN_RIGHT I_LOOK I_TURN_RIGHT I_LOOK I_TURN_RIGHT I_LOOK I_TURN_LEFT I_RUN I_TURN_LEFT I_RUN
walk right twice and turn right twice	I_TURN_RIGHT I_WALK I_TURN_RIGHT I_WALK I_TURN_RIGHT I_TURN_RIGHT
turn left twice and jump around left twice	I_TURN_LEFT I_TURN_LEFT I_TURN_LEFT I_JUMP I_TURN_LEFT I_JUMP I_TURN_LEFT I_JUMP I_TURN_LEFT I_JUMP I_TURN_LEFT I_JUMP I_TURN_LEFT I_JUMP I_TURN_LEFT I_JUMP I_TURN_LEFT I_JUMP
run twice after turn left thrice	I_TURN_LEFT I_TURN_LEFT I_TURN_LEFT I_RUN I_RUN
jump around left twice and turn opposite left thrice	I_TURN_LEFT I_JUMP I_TURN_LEFT I_JUMP I_TURN_LEFT I_JUMP I_TURN_LEFT I_JUMP I_TURN_LEFT I_JUMP I_TURN_LEFT I_JUMP I_TURN_LEFT I_JUMP I_TURN_LEFT I_JUMP I_TURN_LEFT I_TURN_LEFT I_TURN_LEFT I_TURN_LEFT I_TURN_LEFT I_TURN_LEFT
run and turn around right	I_RUN I_TURN_RIGHT I_TURN_RIGHT I_TURN_RIGHT I_TURN_RIGHT
look opposite left thrice after turn right twice	I_TURN_RIGHT I_TURN_RIGHT I_TURN_LEFT I_TURN_LEFT I_LOOK I_TURN_LEFT I_TURN_LEFT I_LOOK I_TURN_LEFT I_TURN_LEFT I_LOOK
turn opposite right twice after run right	I_TURN_RIGHT I_RUN I_TURN_RIGHT I_TURN_RIGHT I_TURN_RIGHT I_TURN_RIGHT
walk left after look around left thrice	I_TURN_LEFT I_LOOK I_TURN_LEFT I_LOOK I_TURN_LEFT I_LOOK I_TURN_LEFT I_LOOK I_TURN_LEFT I_LOOK I_TURN_LEFT I_LOOK I_TURN_LEFT I_LOOK I_TURN_LEFT I_LOOK I_TURN_LEFT I_LOOK I_TURN_LEFT I_LOOK I_TURN_LEFT I_LOOK I_TURN_LEFT I_LOOK I_TURN_LEFT I_WALK
look thrice after turn around right thrice	I_TURN_RIGHT I_TURN_RIGHT I_TURN_RIGHT I_TURN_RIGHT I_TURN_RIGHT I_TURN_RIGHT I_TURN_RIGHT I_TURN_RIGHT I_TURN_RIGHT I_TURN_RIGHT I_TURN_RIGHT I_TURN_RIGHT I_LOOK I_LOOK I_LOOK
look right and run left thrice	I_TURN_RIGHT I_LOOK I_TURN_LEFT I_RUN I_TURN_LEFT I_RUN I_TURN_LEFT I_RUN
look around left after turn around left thrice	I_TURN_LEFT I_TURN_LEFT I_TURN_LEFT I_TURN_LEFT I_TURN_LEFT I_TURN_LEFT I_TURN_LEFT I_TURN_LEFT I_TURN_LEFT I_TURN_LEFT I_TURN_LEFT I_TURN_LEFT I_TURN_LEFT I_LOOK I_TURN_LEFT I_LOOK I_TURN_LEFT I_LOOK I_TURN_LEFT I_LOOK
walk around left thrice after walk right	I_TURN_RIGHT I_WALK I_TURN_LEFT I_WALK I_TURN_LEFT I_WALK I_TURN_LEFT I_WALK I_TURN_LEFT I_WALK I_TURN_LEFT I_WALK I_TURN_LEFT I_WALK I_TURN_LEFT I_WALK I_TURN_LEFT I_WALK I_TURN_LEFT I_WALK I_TURN_LEFT I_WALK I_TURN_LEFT I_WALK I_TURN_LEFT I_WALK
run opposite left twice and run right thrice	I_TURN_LEFT I_TURN_LEFT I_RUN I_TURN_LEFT I_TURN_LEFT I_RUN I_TURN_RIGHT I_RUN I_TURN_RIGHT I_RUN I_TURN_RIGHT I_RUN
run left twice after run right	I_TURN_RIGHT I_RUN I_TURN_LEFT I_RUN I_TURN_LEFT I_RUN
walk right thrice and jump thrice	I_TURN_RIGHT I_WALK I_TURN_RIGHT I_WALK I_TURN_RIGHT I_WALK I_JUMP I_JUMP I_JUMP
run around right thrice and run opposite right twice	I_TURN_RIGHT I_RUN I_TURN_RIGHT I_RUN I_TURN_RIGHT I_RUN I_TURN_RIGHT I_RUN I_TURN_RIGHT I_RUN I_TURN_RIGHT I_RUN I_TURN_RIGHT I_RUN I_TURN_RIGHT I_RUN I_TURN_RIGHT I_RUN I_TURN_RIGHT I_RUN I_TURN_RIGHT I_RUN I_TURN_RIGHT I_RUN I_TURN_RIGHT I_TURN_RIGHT I_RUN I_TURN_RIGHT I_TURN_RIGHT I_RUN
run around left twice and walk opposite left	I_TURN_LEFT I_RUN I_TURN_LEFT I_RUN I_TURN_LEFT I_RUN I_TURN_LEFT I_RUN I_TURN_LEFT I_RUN I_TURN_LEFT I_RUN I_TURN_LEFT I_RUN I_TURN_LEFT I_RUN I_TURN_LEFT I_TURN_LEFT I_WALK
turn left and walk around left twice	I_TURN_LEFT I_TURN_LEFT I_WALK I_TURN_LEFT I_WALK I_TURN_LEFT I_WALK I_TURN_LEFT I_WALK I_TURN_LEFT I_WALK I_TURN_LEFT I_WALK I_TURN_LEFT I_WALK I_TURN_LEFT I_WALK
run around right and walk thrice	I_TURN_RIGHT I_RUN I_TURN_RIGHT I_RUN I_TURN_RIGHT I_RUN I_TURN_RIGHT I_RUN I_WALK I_WALK I_WALK
run opposite left and turn around right	I_TURN_LEFT I_TURN_LEFT I_RUN I_TURN_RIGHT I_TURN_RIGHT I_TURN_RIGHT I_TURN_RIGHT
walk opposite right thrice and jump around right thrice	I_TURN_RIGHT I_TURN_RIGHT I_WALK I_TURN_RIGHT I_TURN_RIGHT I_WALK I_TURN_RIGHT I_TURN_RIGHT I_WALK I_TURN_RIGHT I_JUMP I_TURN_RIGHT I_JUMP I_TURN_RIGHT I_JUMP I_TURN_RIGHT I_JUMP I_TURN_RIGHT I_JUMP I_TURN_RIGHT I_JUMP I_TURN_RIGHT I_JUMP I_TURN_RIGHT I_JUMP I_TURN_RIGHT I_JUMP I_TURN_RIGHT I_JUMP I_TURN_RIGHT I_JUMP I_TURN_RIGHT I_JUMP
walk around left thrice after look right	I_TURN_RIGHT I_LOOK I_TURN_LEFT I_WALK I_TURN_LEFT I_WALK I_TURN_LEFT I_WALK I_TURN_LEFT I_WALK I_TURN_LEFT I_WALK I_TURN_LEFT I_WALK I_TURN_LEFT I_WALK I_TURN_LEFT I_WALK I_TURN_LEFT I_WALK I_TURN_LEFT I_WALK I_TURN_LEFT I_WALK I_TURN_LEFT I_WALK
look twice after look left	I_TURN_LEFT I_LOOK I_LOOK I_LOOK
walk opposite left and run right	I_TURN_LEFT I_TURN_LEFT I_WALK I_TURN_RIGHT I_RUN
look around left after turn around right	I_TURN_RIGHT I_TURN_RIGHT I_TURN_RIGHT I_TURN_RIGHT I_TURN_LEFT I_LOOK I_TURN_LEFT I_LOOK I_TURN_LEFT I_LOOK I_TURN_LEFT I_LOOK
turn opposite left and turn left thrice	I_TURN_LEFT I_TURN_LEFT I_TURN_LEFT I_TURN_LEFT I_TURN_LEFT
look opposite left and jump left twice	I_TURN_LEFT I_TURN_LEFT I_LOOK I_TURN_LEFT I_JUMP I_TURN_LEFT I_JUMP
turn opposite left thrice after look opposite left twice	I_TURN_LEFT I_TURN_LEFT I_LOOK I_TURN_LEFT I_TURN_LEFT I_LOOK I_TURN_LEFT I_TURN_LEFT I_TURN_LEFT I_TURN_LEFT I_TURN_LEFT I_TURN_LEFT
look opposite right after jump right	I_TURN_RIGHT I_JUMP I_TURN_RIGHT I_TURN_RIGHT I_LOOK
walk opposite left and look opposite left twice	I_TURN_LEFT I_TURN_LEFT I_WALK I_TURN_LEFT I_TURN_LEFT I_LOOK I_TURN_LEFT I_TURN_LEFT I_LOOK
walk and run opposite right	I_WALK I_TURN_RIGHT I_TURN_RIGHT I_RUN
jump left twice and run opposite left	I_TURN_LEFT I_JUMP I_TURN_LEFT I_JUMP I_TURN_LEFT I_TURN_LEFT I_RUN
jump around left thrice after jump right thrice	I_TURN_RIGHT I_JUMP I_TURN_RIGHT I_JUMP I_TURN_RIGHT I_JUMP I_TURN_LEFT I_JUMP I_TURN_LEFT I_JUMP I_TURN_LEFT I_JUMP I_TURN_LEFT I_JUMP I_TURN_LEFT I_JUMP I_TURN_LEFT I_JUMP I_TURN_LEFT I_JUMP I_TURN_LEFT I_JUMP I_TURN_LEFT I_JUMP I_TURN_LEFT I_JUMP I_TURN_LEFT I_JUMP I_TURN_LEFT I_JUMP
walk around left twice and turn opposite left	I_TURN_LEFT I_WALK I_TURN_LEFT I_WALK I_TURN_LEFT I_WALK I_TURN_LEFT I_WALK I_TURN_LEFT I_WALK I_TURN_LEFT I_WALK I_TURN_LEFT I_WALK I_TURN_LEFT I_WALK I_TURN_LEFT I_TURN_LEFT
look left twice and turn around left twice	I_TURN_LEFT I_LOOK I_TURN_LEFT I_LOOK I_TURN_LEFT I_TURN_LEFT I_TURN_LEFT I_TURN_LEFT I_TURN_LEFT I_TURN_LEFT I_TURN_LEFT I_TURN_LEFT
jump right thrice and look opposite right twice	I_TURN_RIGHT I_JUMP I_TURN_RIGHT I_JUMP I_TURN_RIGHT I_JUMP I_TURN_RIGHT I_TURN_RIGHT I_LOOK I_TURN_RIGHT I_TURN_RIGHT I_LOOK
jump and look around left	I_JUMP I_TURN_LEFT I_LOOK I_TURN_LEFT I_LOOK I_TURN_LEFT I_LOOK I_TURN_LEFT I_LOOK
look opposite left thrice and walk around left	I_TURN_LEFT I_TURN_LEFT I_LOOK I_TURN_LEFT I_TURN_LEFT I_LOOK I_TURN_LEFT I_TURN_LEFT I_LOOK I_TURN_LEFT I_WALK I_TURN_LEFT I_WALK I_TURN_LEFT I_WALK I_TURN_LEFT I_WALK
look opposite left thrice after look twice	I_LOOK I_LOOK I_TURN_LEFT I_TURN_LEFT I_LOOK I_TURN_LEFT I_TURN_LEFT I_LOOK I_TURN_LEFT I_TURN_LEFT I_LOOK
run around left thrice and walk left twice	I_TURN_LEFT I_RUN I_TURN_LEFT I_RUN I_TURN_LEFT I_RUN I_TURN_LEFT I_RUN I_TURN_LEFT I_RUN I_TURN_LEFT I_RUN I_TURN_LEFT I_RUN I_TURN_LEFT I_RUN I_TURN_LEFT I_RUN I_TURN_LEFT I_RUN I_TURN_LEFT I_RUN I_TURN_LEFT I_RUN I_TURN_LEFT I_WALK I_TURN_LEFT I_WALK
turn right and look	I_TURN_RIGHT I_LOOK
jump left after run left	I_TURN_LEFT I_RUN I_TURN_LEFT I_JUMP
turn opposite left thrice and jump left	I_TURN_LEFT I_TURN_LEFT I_TURN_LEFT I_TURN_LEFT I_TURN_LEFT I_TURN_LEFT I_TURN_LEFT I_JUMP
run left thrice after run twice	I_RUN I_RUN I_TURN_LEFT I_RUN I_TURN_LEFT I_RUN I_TURN_LEFT I_RUN
turn left thrice and jump right thrice	I_TURN_LEFT I_TURN_LEFT I_TURN_LEFT I_TURN_RIGHT I_JUMP I_TURN_RIGHT I_JUMP I_TURN_RIGHT I_JUMP
jump around left thrice after look around left	I_TURN_LEFT I_LOOK I_TURN_LEFT I_LOOK I_TURN_LEFT I_LOOK I_TURN_LEFT I_LOOK I_TURN_LEFT I_JUMP I_TURN_LEFT I_JUMP I_TURN_LEFT I_JUMP I_TURN_LEFT I_JUMP I_TURN_LEFT I_JUMP I_TURN_LEFT I_JUMP I_TURN_LEFT I_JUMP I_TURN_LEFT I_JUMP I_TURN_LEFT I_JUMP I_TURN_LEFT I_JUMP I_TURN_LEFT I_JUMP I_TURN_LEFT I_JUMP
run left twice after walk left thrice	I_TURN_LEFT I_WALK I_TURN_LEFT I_WALK I_TURN_LEFT I_WALK I_TURN_LEFT I_RUN I_TURN_LEFT I_RUN
walk opposite left thrice after walk opposite right twice	I_TURN_RIGHT I_TURN_RIGHT I_WALK I_TURN_RIGHT I_TURN_RIGHT I_WALK I_TURN_LEFT I_TURN_LEFT I_WALK I_TURN_LEFT I_TURN_LEFT I_WALK I_TURN_LEFT I_TURN_LEFT I_WALK
turn around right thrice and jump	I_TURN_RIGHT I_TURN_RIGHT I_TURN_RIGHT I_TURN_RIGHT I_TURN_RIGHT I_TURN_RIGHT I_TURN_RIGHT I_TURN_RIGHT I_TURN_RIGHT I_TURN_RIGHT I_TURN_RIGHT I_TURN_RIGHT I_JUMP
look opposite right thrice after run opposite left thrice	I_TURN_LEFT I_TURN_LEFT I_RUN I_TURN_LEFT I_TURN_LEFT I_RUN I_TURN_LEFT I_TURN_LEFT I_RUN I_TURN_RIGHT I_TURN_RIGHT I_LOOK I_TURN_RIGHT I_TURN_RIGHT I_LOOK I_TURN_RIGHT I_TURN_RIGHT I_LOOK
turn opposite right thrice after turn around left twice	I_TURN_LEFT I_TURN_LEFT I_TURN_LEFT I_TURN_LEFT I_TURN_LEFT I_TURN_LEFT I_TURN_LEFT I_TURN_LEFT I_TURN_RIGHT I_TURN_RIGHT I_TURN_RIGHT I_TURN_RIGHT I_TURN_RIGHT I_TURN_RIGHT
turn right thrice after turn right thrice	I_TURN_RIGHT I_TURN_RIGHT I_TURN_RIGHT I_TURN_RIGHT I_TURN_RIGHT I_TURN_RIGHT
run opposite left and turn opposite right twice	I_TURN_LEFT I_TURN_LEFT I_RUN I_TURN_RIGHT I_TURN_RIGHT I_TURN_RIGHT I_TURN_RIGHT
turn around right thrice and look	I_TURN_RIGHT I_TURN_RIGHT I_TURN_RIGHT I_TURN_RIGHT I_TURN_RIGHT I_TURN_RIGHT I_TURN_RIGHT I_TURN_RIGHT I_TURN_RIGHT I_TURN_RIGHT I_TURN_RIGHT I_TURN_RIGHT I_LOOK
walk opposite right and jump around right	I_TURN_RIGHT I_TURN_RIGHT I_WALK I_TURN_RIGHT I_JUMP I_TURN_RIGHT I_JUMP I_TURN_RIGHT I_JUMP I_TURN_RIGHT I_JUMP
run thrice and run right twice	I_RUN I_RUN I_RUN I_TURN_RIGHT I_RUN I_TURN_RIGHT I_RUN
walk right after turn around right twice	I_TURN_RIGHT I_TURN_RIGHT I_TURN_RIGHT I_TURN_RIGHT I_TURN_RIGHT I_TURN_RIGHT I_TURN_RIGHT I_TURN_RIGHT I_TURN_RIGHT I_WALK
look and jump opposite left	I_LOOK I_TURN_LEFT I_TURN_LEFT I_JUMP
jump opposite left twice after turn opposite right twice	I_TURN_RIGHT I_TURN_RIGHT I_TURN_RIGHT I_TURN_RIGHT I_TURN_LEFT I_TURN_LEFT I_JUMP I_TURN_LEFT I_TURN_LEFT I_JUMP
turn around right thrice and walk left thrice	I_TURN_RIGHT I_TURN_RIGHT I_TURN_RIGHT I_TURN_RIGHT I_TURN_RIGHT I_TURN_RIGHT I_TURN_RIGHT I_TURN_RIGHT I_TURN_RIGHT I_TURN_RIGHT I_TURN_RIGHT I_TURN_RIGHT I_TURN_LEFT I_WALK I_TURN_LEFT I_WALK I_TURN_LEFT I_WALK
walk opposite left and look around left twice	I_TURN_LEFT I_TURN_LEFT I_WALK I_TURN_LEFT I_LOOK I_TURN_LEFT I_LOOK I_TURN_LEFT I_LOOK I_TURN_LEFT I_LOOK I_TURN_LEFT I_LOOK I_TURN_LEFT I_LOOK I_TURN_LEFT I_LOOK I_TURN_LEFT I_LOOK
jump left thrice and run around right twice	I_TURN_LEFT I_JUMP I_TURN_LEFT I_JUMP I_TURN_LEFT I_JUMP I_TURN_RIGHT I_RUN I_TURN_RIGHT I_RUN I_TURN_RIGHT I_RUN I_TURN_RIGHT I_RUN I_TURN_RIGHT I_RUN I_TURN_RIGHT I_RUN I_TURN_RIGHT I_RUN I_TURN_RIGHT I_RUN
turn right twice after walk right thrice	I_TURN_RIGHT I_WALK I_TURN_RIGHT I_WALK I_TURN_RIGHT I_WALK I_TURN_RIGHT I_TURN_RIGHT
look around right twice and look around right thrice	I_TURN_RIGHT I_LOOK I_TURN_RIGHT I_LOOK I_TURN_RIGHT I_LOOK I_TURN_RIGHT I_LOOK I_TURN_RIGHT I_LOOK I_TURN_RIGHT I_LOOK I_TURN_RIGHT I_LOOK I_TURN_RIGHT I_LOOK I_TURN_RIGHT I_LOOK I_TURN_RIGHT I_LOOK I_TURN_RIGHT I_LOOK I_TURN_RIGHT I_LOOK I_TURN_RIGHT I_LOOK I_TURN_RIGHT I_LOOK I_TURN_RIGHT I_LOOK I_TURN_RIGHT I_LOOK I_TURN_RIGHT I_LOOK I_TURN_RIGHT I_LOOK I_TURN_RIGHT I_LOOK I_TURN_RIGHT I_LOOK
turn opposite right thrice and look left twice	I_TURN_RIGHT I_TURN_RIGHT I_TURN_RIGHT I_TURN_RIGHT I_TURN_RIGHT I_TURN_RIGHT I_TURN_LEFT I_LOOK I_TURN_LEFT I_LOOK
walk around left after walk thrice	I_WALK I_WALK I_WALK I_TURN_LEFT I_WALK I_TURN_LEFT I_WALK I_TURN_LEFT I_WALK I_TURN_LEFT I_WALK
run right after look left thrice	I_TURN_LEFT I_LOOK I_TURN_LEFT I_LOOK I_TURN_LEFT I_LOOK I_TURN_RIGHT I_RUN
walk around right after look left	I_TURN_LEFT I_LOOK I_TURN_RIGHT I_WALK I_TURN_RIGHT I_WALK I_TURN_RIGHT I_WALK I_TURN_RIGHT I_WALK
run right twice and look right twice	I_TURN_RIGHT I_RUN I_TURN_RIGHT I_RUN I_TURN_RIGHT I_LOOK I_TURN_RIGHT I_LOOK
run around right after jump opposite left twice	I_TURN_LEFT I_TURN_LEFT I_JUMP I_TURN_LEFT I_TURN_LEFT I_JUMP I_TURN_RIGHT I_RUN I_TURN_RIGHT I_RUN I_TURN_RIGHT I_RUN I_TURN_RIGHT I_RUN
look thrice after jump right thrice	I_TURN_RIGHT I_JUMP I_TURN_RIGHT I_JUMP I_TURN_RIGHT I_JUMP I_LOOK I_LOOK I_LOOK
look right twice and run right twice	I_TURN_RIGHT I_LOOK I_TURN_RIGHT I_LOOK I_TURN_RIGHT I_RUN I_TURN_RIGHT I_RUN
walk right twice and look left thrice	I_TURN_RIGHT I_WALK I_TURN_RIGHT I_WALK I_TURN_LEFT I_LOOK I_TURN_LEFT I_LOOK I_TURN_LEFT I_LOOK
jump around left after run opposite right	I_TURN_RIGHT I_TURN_RIGHT I_RUN I_TURN_LEFT I_JUMP I_TURN_LEFT I_JUMP I_TURN_LEFT I_JUMP I_TURN_LEFT I_JUMP
run right twice and turn left	I_TURN_RIGHT I_RUN I_TURN_RIGHT I_RUN I_TURN_LEFT
walk thrice after look right thrice	I_TURN_RIGHT I_LOOK I_TURN_RIGHT I_LOOK I_TURN_RIGHT I_LOOK I_WALK I_WALK I_WALK
look opposite left twice after walk twice	I_WALK I_WALK I_TURN_LEFT I_TURN_LEFT I_LOOK I_TURN_LEFT I_TURN_LEFT I_LOOK
run around right thrice after walk left twice	I_TURN_LEFT I_WALK I_TURN_LEFT I_WALK I_TURN_RIGHT I_RUN I_TURN_RIGHT I_RUN I_TURN_RIGHT I_RUN I_TURN_RIGHT I_RUN I_TURN_RIGHT I_RUN I_TURN_RIGHT I_RUN I_TURN_RIGHT I_RUN I_TURN_RIGHT I_RUN I_TURN_RIGHT I_RUN I_TURN_RIGHT I_RUN I_TURN_RIGHT I_RUN I_TURN_RIGHT I_RUN
walk opposite left after walk right twice	I_TURN_RIGHT I_WALK I_TURN_RIGHT I_WALK I_TURN_LEFT I_TURN_LEFT I_WALK
walk around left after look opposite left	I_TURN_LEFT I_TURN_LEFT I_LOOK I_TURN_LEFT I_WALK I_TURN_LEFT I_WALK I_TURN_LEFT I_WALK I_TURN_LEFT I_WALK
run opposite left and turn opposite left twice	I_TURN_LEFT I_TURN_LEFT I_RUN I_TURN_LEFT I_TURN_LEFT I_TURN_LEFT I_TURN_LEFT
look opposite left twice and turn opposite left	I_TURN_LEFT I_TURN_LEFT I_LOOK I_TURN_LEFT I_TURN_LEFT I_LOOK I_TURN_LEFT I_TURN_LEFT
walk around right twice after turn opposite right thrice	I_TURN_RIGHT I_TURN_RIGHT I_TURN_RIGHT I_TURN_RIGHT I_TURN_RIGHT I_TURN_RIGHT I_TURN_RIGHT I_WALK I_TURN_RIGHT I_WALK I_TURN_RIGHT I_WALK I_TURN_RIGHT I_WALK I_TURN_RIGHT I_WALK I_TURN_RIGHT I_WALK I_TURN_RIGHT I_WALK I_TURN_RIGHT I_WALK
jump opposite right thrice and jump around left thrice	I_TURN_RIGHT I_TURN_RIGHT I_JUMP I_TURN_RIGHT I_TURN_RIGHT I_JUMP I_TURN_RIGHT I_TURN_RIGHT I_JUMP I_TURN_LEFT I_JUMP I_TURN_LEFT I_JUMP I_TURN_LEFT I_JUMP I_TURN_LEFT I_JUMP I_TURN_LEFT I_JUMP I_TURN_LEFT I_JUMP I_TURN_LEFT I_JUMP I_TURN_LEFT I_JUMP I_TURN_LEFT I_JUMP I_TURN_LEFT I_JUMP I_TURN_LEFT I_JUMP I_TURN_LEFT I_JUMP
turn left and jump right twice	I_TURN_LEFT I_TURN_RIGHT I_JUMP I_TURN_RIGHT I_JUMP
turn around right twice and jump left twice	I_TURN_RIGHT I_TURN_RIGHT I_TURN_RIGHT I_TURN_RIGHT I_TURN_RIGHT I_TURN_RIGHT I_TURN_RIGHT I_TURN_RIGHT I_TURN_LEFT I_JUMP I_TURN_LEFT I_JUMP
turn opposite right twice after turn right	I_TURN_RIGHT I_TURN_RIGHT I_TURN_RIGHT I_TURN_RIGHT I_TURN_RIGHT
run left twice after walk opposite right	I_TURN_RIGHT I_TURN_RIGHT I_WALK I_TURN_LEFT I_RUN I_TURN_LEFT I_RUN
jump left twice after walk thrice	I_WALK I_WALK I_WALK I_TURN_LEFT I_JUMP I_TURN_LEFT I_JUMP
run twice and look opposite left twice	I_RUN I_RUN I_TURN_LEFT I_TURN_LEFT I_LOOK I_TURN_LEFT I_TURN_LEFT I_LOOK
jump opposite left twice after turn right	I_TURN_RIGHT I_TURN_LEFT I_TURN_LEFT I_JUMP I_TURN_LEFT I_TURN_LEFT I_JUMP
look twice after turn around right	I_TURN_RIGHT I_TURN_RIGHT I_TURN_RIGHT I_TURN_RIGHT I_LOOK I_LOOK
walk around left twice and walk opposite left	I_TURN_LEFT I_WALK I_TURN_LEFT I_WALK I_TURN_LEFT I_WALK I_TURN_LEFT I_WALK I_TURN_LEFT I_WALK I_TURN_LEFT I_WALK I_TURN_LEFT I_WALK I_TURN_LEFT I_WALK I_TURN_LEFT I_TURN_LEFT I_WALK
run opposite right after look left twice	I_TURN_LEFT I_LOOK I_TURN_LEFT I_LOOK I_TURN_RIGHT I_TURN_RIGHT I_RUN
walk around left after walk opposite right thrice	I_TURN_RIGHT I_TURN_RIGHT I_WALK I_TURN_RIGHT I_TURN_RIGHT I_WALK I_TURN_RIGHT I_TURN_RIGHT I_WALK I_TURN_LEFT I_WALK I_TURN_LEFT I_WALK I_TURN_LEFT I_WALK I_TURN_LEFT I_WALK
jump opposite left and run around right thrice	I_TURN_LEFT I_TURN_LEFT I_JUMP I_TURN_RIGHT I_RUN I_TURN_RIGHT I_RUN I_TURN_RIGHT I_RUN I_TURN_RIGHT I_RUN I_TURN_RIGHT I_RUN I_TURN_RIGHT I_RUN I_TURN_RIGHT I_RUN I_TURN_RIGHT I_RUN I_TURN_RIGHT I_RUN I_TURN_RIGHT I_RUN I_TURN_RIGHT I_RUN I_TURN_RIGHT I_RUN
walk around right thrice after look twice	I_LOOK I_LOOK I_TURN_RIGHT I_WALK I_TURN_RIGHT I_WALK I_TURN_RIGHT I_WALK I_TURN_RIGHT I_WALK I_TURN_RIGHT I_WALK I_TURN_RIGHT I_WALK I_TURN_RIGHT I_WALK I_TURN_RIGHT I_WALK I_TURN_RIGHT I_WALK I_TURN_RIGHT I_WALK I_TURN_RIGHT I_WALK I_TURN_RIGHT I_WALK
look around left thrice and turn around right thrice	I_TURN_LEFT I_LOOK I_TURN_LEFT I_LOOK I_TURN_LEFT I_LOOK I_TURN_LEFT I_LOOK I_TURN_LEFT I_LOOK I_TURN_LEFT I_LOOK I_TURN_LEFT I_LOOK I_TURN_LEFT I_LOOK I_TURN_LEFT I_LOOK I_TURN_LEFT I_LOOK I_TURN_LEFT I_LOOK I_TURN_LEFT I_LOOK I_TURN_RIGHT I_TURN_RIGHT I_TURN_RIGHT I_TURN_RIGHT I_TURN_RIGHT I_TURN_RIGHT I_TURN_RIGHT I_TURN_RIGHT I_TURN_RIGHT I_TURN_RIGHT I_TURN_RIGHT I_TURN_RIGHT
walk around left and jump right	I_TURN_LEFT I_WALK I_TURN_LEFT I_WALK I_TURN_LEFT I_WALK I_TURN_LEFT I_WALK I_TURN_RIGHT I_JUMP
jump opposite left and look around left thrice	I_TURN_LEFT I_TURN_LEFT I_JUMP I_TURN_LEFT I_LOOK I_TURN_LEFT I_LOOK I_TURN_LEFT I_LOOK I_TURN_LEFT I_LOOK I_TURN_LEFT I_LOOK I_TURN_LEFT I_LOOK I_TURN_LEFT I_LOOK I_TURN_LEFT I_LOOK I_TURN_LEFT I_LOOK I_TURN_LEFT I_LOOK I_TURN_LEFT I_LOOK I_TURN_LEFT I_LOOK
turn right thrice and walk left thrice	I_TURN_RIGHT I_TURN_RIGHT I_TURN_RIGHT I_TURN_LEFT I_WALK I_TURN_LEFT I_WALK I_TURN_LEFT I_WALK
jump around left thrice and look around left thrice	I_TURN_LEFT I_JUMP I_TURN_LEFT I_JUMP I_TURN_LEFT I_JUMP I_TURN_LEFT I_JUMP I_TURN_LEFT I_JUMP I_TURN_LEFT I_JUMP I_TURN_LEFT I_JUMP I_TURN_LEFT I_JUMP I_TURN_LEFT I_JUMP I_TURN_LEFT I_JUMP I_TURN_LEFT I_JUMP I_TURN_LEFT I_JUMP I_TURN_LEFT I_LOOK I_TURN_LEFT I_LOOK I_TURN_LEFT I_LOOK I_TURN_LEFT I_LOOK I_TURN_LEFT I_LOOK I_TURN_LEFT I_LOOK I_TURN_LEFT I_LOOK I_TURN_LEFT I_LOOK I_TURN_LEFT I_LOOK I_TURN_LEFT I_LOOK I_TURN_LEFT I_LOOK I_TURN_LEFT I_LOOK
turn right twice after run right	I_TURN_RIGHT I_RUN I_TURN_RIGHT I_TURN_RIGHT
look and walk opposite left twice	I_LOOK I_TURN_LEFT I_TURN_LEFT I_WALK I_TURN_LEFT I_TURN_LEFT I_WALK
turn left after jump left twice	I_TURN_LEFT I_JUMP I_TURN_LEFT I_JUMP I_TURN_LEFT
jump twice after jump right thrice	I_TURN_RIGHT I_JUMP I_TURN_RIGHT I_JUMP I_TURN_RIGHT I_JUMP I_JUMP I_JUMP
turn right twice after jump twice	I_JUMP I_JUMP I_TURN_RIGHT I_TURN_RIGHT
walk after jump thrice	I_JUMP I_JUMP I_JUMP I_WALK
jump left twice and look opposite left thrice	I_TURN_LEFT I_JUMP I_TURN_LEFT I_JUMP I_TURN_LEFT I_TURN_LEFT I_LOOK I_TURN_LEFT I_TURN_LEFT I_LOOK I_TURN_LEFT I_TURN_LEFT I_LOOK
walk around left twice and jump left thrice	I_TURN_LEFT I_WALK I_TURN_LEFT I_WALK I_TURN_LEFT I_WALK I_TURN_LEFT I_WALK I_TURN_LEFT I_WALK I_TURN_LEFT I_WALK I_TURN_LEFT I_WALK I_TURN_LEFT I_WALK I_TURN_LEFT I_JUMP I_TURN_LEFT I_JUMP I_TURN_LEFT I_JUMP
look right and walk opposite left twice	I_TURN_RIGHT I_LOOK I_TURN_LEFT I_TURN_LEFT I_WALK I_TURN_LEFT I_TURN_LEFT I_WALK
look around left thrice after jump opposite right thrice	I_TURN_RIGHT I_TURN_RIGHT I_JUMP I_TURN_RIGHT I_TURN_RIGHT I_JUMP I_TURN_RIGHT I_TURN_RIGHT I_JUMP I_TURN_LEFT I_LOOK I_TURN_LEFT I_LOOK I_TURN_LEFT I_LOOK I_TURN_LEFT I_LOOK I_TURN_LEFT I_LOOK I_TURN_LEFT I_LOOK I_TURN_LEFT I_LOOK I_TURN_LEFT I_LOOK I_TURN_LEFT I_LOOK I_TURN_LEFT I_LOOK I_TURN_LEFT I_LOOK I_TURN_LEFT I_LOOK
walk around right and look opposite right thrice	I_TURN_RIGHT I_WALK I_TURN_RIGHT I_WALK I_TURN_RIGHT I_WALK I_TURN_RIGHT I_WALK I_TURN_RIGHT I_TURN_RIGHT I_LOOK I_TURN_RIGHT I_TURN_RIGHT I_LOOK I_TURN_RIGHT I_TURN_RIGHT I_LOOK
turn around left after jump around right thrice	I_TURN_RIGHT I_JUMP I_TURN_RIGHT I_JUMP I_TURN_RIGHT I_JUMP I_TURN_RIGHT I_JUMP I_TURN_RIGHT I_JUMP I_TURN_RIGHT I_JUMP I_TURN_RIGHT I_JUMP I_TURN_RIGHT I_JUMP I_TURN_RIGHT I_JUMP I_TURN_RIGHT I_JUMP I_TURN_RIGHT I_JUMP I_TURN_RIGHT I_JUMP I_TURN_LEFT I_TURN_LEFT I_TURN_LEFT I_TURN_LEFT
look thrice and look around left twice	I_LOOK I_LOOK I_LOOK I_TURN_LEFT I_LOOK I_TURN_LEFT I_LOOK I_TURN_LEFT I_LOOK I_TURN_LEFT I_LOOK I_TURN_LEFT I_LOOK I_TURN_LEFT I_LOOK I_TURN_LEFT I_LOOK I_TURN_LEFT I_LOOK
turn opposite left thrice and walk around right twice	I_TURN_LEFT I_TURN_LEFT I_TURN_LEFT I_TURN_LEFT I_TURN_LEFT I_TURN_LEFT I_TURN_RIGHT I_WALK I_TURN_RIGHT I_WALK I_TURN_RIGHT I_WALK I_TURN_RIGHT I_WALK I_TURN_RIGHT I_WALK I_TURN_RIGHT I_WALK I_TURN_RIGHT I_WALK I_TURN_RIGHT I_WALK
look around left after run opposite left thrice	I_TURN_LEFT I_TURN_LEFT I_RUN I_TURN_LEFT I_TURN_LEFT I_RUN I_TURN_LEFT I_TURN_LEFT I_RUN I_TURN_LEFT I_LOOK I_TURN_LEFT I_LOOK I_TURN_LEFT I_LOOK I_TURN_LEFT I_LOOK
look around right and jump opposite left thrice	I_TURN_RIGHT I_LOOK I_TURN_RIGHT I_LOOK I_TURN_RIGHT I_LOOK I_TURN_RIGHT I_LOOK I_TURN_LEFT I_TURN_LEFT I_JUMP I_TURN_LEFT I_TURN_LEFT I_JUMP I_TURN_LEFT I_TURN_LEFT I_JUMP
run thrice after walk opposite right thrice	I_TURN_RIGHT I_TURN_RIGHT I_WALK I_TURN_RIGHT I_TURN_RIGHT I_WALK I_TURN_RIGHT I_TURN_RIGHT I_WALK I_RUN I_RUN I_RUN
turn left thrice and jump around left twice	I_TURN_LEFT I_TURN_LEFT I_TURN_LEFT I_TURN_LEFT I_JUMP I_TURN_LEFT I_JUMP I_TURN_LEFT I_JUMP I_TURN_LEFT I_JUMP I_TURN_LEFT I_JUMP I_TURN_LEFT I_JUMP I_TURN_LEFT I_JUMP I_TURN_LEFT I_JUMP
jump around left twice and run around right thrice	I_TURN_LEFT I_JUMP I_TURN_LEFT I_JUMP I_TURN_LEFT I_JUMP I_TURN_LEFT I_JUMP I_TURN_LEFT I_JUMP I_TURN_LEFT I_JUMP I_TURN_LEFT I_JUMP I_TURN_LEFT I_JUMP I_TURN_RIGHT I_RUN I_TURN_RIGHT I_RUN I_TURN_RIGHT I_RUN I_TURN_RIGHT I_RUN I_TURN_RIGHT I_RUN I_TURN_RIGHT I_RUN I_TURN_RIGHT I_RUN I_TURN_RIGHT I_RUN I_TURN_RIGHT I_RUN I_TURN_RIGHT I_RUN I_TURN_RIGHT I_RUN I_TURN_RIGHT I_RUN
run opposite left thrice after look right thrice	I_TURN_RIGHT I_LOOK I_TURN_RIGHT I_LOOK I_TURN_RIGHT I_LOOK I_TURN_LEFT I_TURN_LEFT I_RUN I_TURN_LEFT I_TURN_LEFT I_RUN I_TURN_LEFT I_TURN_LEFT I_RUN
turn around left twice and look left thrice	I_TURN_LEFT I_TURN_LEFT I_TURN_LEFT I_TURN_LEFT I_TURN_LEFT I_TURN_LEFT I_TURN_LEFT I_TURN_LEFT I_TURN_LEFT I_LOOK I_TURN_LEFT I_LOOK I_TURN_LEFT I_LOOK
jump around right thrice and jump around left thrice	I_TURN_RIGHT I_JUMP I_TURN_RIGHT I_JUMP I_TURN_RIGHT I_JUMP I_TURN_RIGHT I_JUMP I_TURN_RIGHT I_JUMP I_TURN_RIGHT I_JUMP I_TURN_RIGHT I_JUMP I_TURN_RIGHT I_JUMP I_TURN_RIGHT I_JUMP I_TURN_RIGHT I_JUMP I_TURN_RIGHT I_JUMP I_TURN_RIGHT I_JUMP I_TURN_LEFT I_JUMP I_TURN_LEFT I_JUMP I_TURN_LEFT I_JUMP I_TURN_LEFT I_JUMP I_TURN_LEFT I_JUMP I_TURN_LEFT I_JUMP I_TURN_LEFT I_JUMP I_TURN_LEFT I_JUMP I_TURN_LEFT I_JUMP I_TURN_LEFT I_JUMP I_TURN_LEFT I_JUMP I_TURN_LEFT I_JUMP
turn right thrice after run thrice	I_RUN I_RUN I_RUN I_TURN_RIGHT I_TURN_RIGHT I_TURN_RIGHT
run around right twice and run opposite right	I_TURN_RIGHT I_RUN I_TURN_RIGHT I_RUN I_TURN_RIGHT I_RUN I_TURN_RIGHT I_RUN I_TURN_RIGHT I_RUN I_TURN_RIGHT I_RUN I_TURN_RIGHT I_RUN I_TURN_RIGHT I_RUN I_TURN_RIGHT I_TURN_RIGHT I_RUN
walk opposite right after walk around right	I_TURN_RIGHT I_WALK I_TURN_RIGHT I_WALK I_TURN_RIGHT I_WALK I_TURN_RIGHT I_WALK I_TURN_RIGHT I_TURN_RIGHT I_WALK
turn opposite right twice and jump around right twice	I_TURN_RIGHT I_TURN_RIGHT I_TURN_RIGHT I_TURN_RIGHT I_TURN_RIGHT I_JUMP I_TURN_RIGHT I_JUMP I_TURN_RIGHT I_JUMP I_TURN_RIGHT I_JUMP I_TURN_RIGHT I_JUMP I_TURN_RIGHT I_JUMP I_TURN_RIGHT I_JUMP I_TURN_RIGHT I_JUMP
look opposite right twice after turn opposite right twice	I_TURN_RIGHT I_TURN_RIGHT I_TURN_RIGHT I_TURN_RIGHT I_TURN_RIGHT I_TURN_RIGHT I_LOOK I_TURN_RIGHT I_TURN_RIGHT I_LOOK
walk around left and turn opposite left	I_TURN_LEFT I_WALK I_TURN_LEFT I_WALK I_TURN_LEFT I_WALK I_TURN_LEFT I_WALK I_TURN_LEFT I_TURN_LEFT
jump opposite right thrice and look around left	I_TURN_RIGHT I_TURN_RIGHT I_JUMP I_TURN_RIGHT I_TURN_RIGHT I_JUMP I_TURN_RIGHT I_TURN_RIGHT I_JUMP I_TURN_LEFT I_LOOK I_TURN_LEFT I_LOOK I_TURN_LEFT I_LOOK I_TURN_LEFT I_LOOK
walk right after look left twice	I_TURN_LEFT I_LOOK I_TURN_LEFT I_LOOK I_TURN_RIGHT I_WALK
walk left twice and turn left	I_TURN_LEFT I_WALK I_TURN_LEFT I_WALK I_TURN_LEFT
turn opposite left thrice and turn around left	I_TURN_LEFT I_TURN_LEFT I_TURN_LEFT I_TURN_LEFT I_TURN_LEFT I_TURN_LEFT I_TURN_LEFT I_TURN_LEFT I_TURN_LEFT I_TURN_LEFT
turn right thrice and jump opposite right twice	I_TURN_RIGHT I_TURN_RIGHT I_TURN_RIGHT I_TURN_RIGHT I_TURN_RIGHT I_JUMP I_TURN_RIGHT I_TURN_RIGHT I_JUMP
run right after jump opposite right	I_TURN_RIGHT I_TURN_RIGHT I_JUMP I_TURN_RIGHT I_RUN
walk left and run around right thrice	I_TURN_LEFT I_WALK I_TURN_RIGHT I_RUN I_TURN_RIGHT I_RUN I_TURN_RIGHT I_RUN I_TURN_RIGHT I_RUN I_TURN_RIGHT I_RUN I_TURN_RIGHT I_RUN I_TURN_RIGHT I_RUN I_TURN_RIGHT I_RUN I_TURN_RIGHT I_RUN I_TURN_RIGHT I_RUN I_TURN_RIGHT I_RUN I_TURN_RIGHT I_RUN
look right twice and jump opposite left twice	I_TURN_RIGHT I_LOOK I_TURN_RIGHT I_LOOK I_TURN_LEFT I_TURN_LEFT I_JUMP I_TURN_LEFT I_TURN_LEFT I_JUMP
run opposite left thrice after jump opposite right	I_TURN_RIGHT I_TURN_RIGHT I_JUMP I_TURN_LEFT I_TURN_LEFT I_RUN I_TURN_LEFT I_TURN_LEFT I_RUN I_TURN_LEFT I_TURN_LEFT I_RUN
turn left and walk around right	I_TURN_LEFT I_TURN_RIGHT I_WALK I_TURN_RIGHT I_WALK I_TURN_RIGHT I_WALK I_TURN_RIGHT I_WALK
walk opposite right and jump opposite left twice	I_TURN_RIGHT I_TURN_RIGHT I_WALK I_TURN_LEFT I_TURN_LEFT I_JUMP I_TURN_LEFT I_TURN_LEFT I_JUMP
run opposite left twice and run opposite left	I_TURN_LEFT I_TURN_LEFT I_RUN I_TURN_LEFT I_TURN_LEFT I_RUN I_TURN_LEFT I_TURN_LEFT I_RUN
look opposite left thrice and look left thrice	I_TURN_LEFT I_TURN_LEFT I_LOOK I_TURN_LEFT I_TURN_LEFT I_LOOK I_TURN_LEFT I_TURN_LEFT I_LOOK I_TURN_LEFT I_LOOK I_TURN_LEFT I_LOOK I_TURN_LEFT I_LOOK
walk left thrice and jump left twice	I_TURN_LEFT I_WALK I_TURN_LEFT I_WALK I_TURN_LEFT I_WALK I_TURN_LEFT I_JUMP I_TURN_LEFT I_JUMP
jump around right thrice after turn right	I_TURN_RIGHT I_TURN_RIGHT I_JUMP I_TURN_RIGHT I_JUMP I_TURN_RIGHT I_JUMP I_TURN_RIGHT I_JUMP I_TURN_RIGHT I_JUMP I_TURN_RIGHT I_JUMP I_TURN_RIGHT I_JUMP I_TURN_RIGHT I_JUMP I_TURN_RIGHT I_JUMP I_TURN_RIGHT I_JUMP I_TURN_RIGHT I_JUMP I_TURN_RIGHT I_JUMP
walk around left after run thrice	I_RUN I_RUN I_RUN I_TURN_LEFT I_WALK I_TURN_LEFT I_WALK I_TURN_LEFT I_WALK I_TURN_LEFT I_WALK
walk right thrice and walk around left	I_TURN_RIGHT I_WALK I_TURN_RIGHT I_WALK I_TURN_RIGHT I_WALK I_TURN_LEFT I_WALK I_TURN_LEFT I_WALK I_TURN_LEFT I_WALK I_TURN_LEFT I_WALK
walk left thrice after run opposite left	I_TURN_LEFT I_TURN_LEFT I_RUN I_TURN_LEFT I_WALK I_TURN_LEFT I_WALK I_TURN_LEFT I_WALK
walk around right twice and turn opposite left twice	I_TURN_RIGHT I_WALK I_TURN_RIGHT I_WALK I_TURN_RIGHT I_WALK I_TURN_RIGHT I_WALK I_TURN_RIGHT I_WALK I_TURN_RIGHT I_WALK I_TURN_RIGHT I_WALK I_TURN_RIGHT I_WALK I_TURN_LEFT I_TURN_LEFT I_TURN_LEFT I_TURN_LEFT
jump around right and turn right	I_TURN_RIGHT I_JUMP I_TURN_RIGHT I_JUMP I_TURN_RIGHT I_JUMP I_TURN_RIGHT I_JUMP I_TURN_RIGHT
turn opposite right twice and jump opposite right thrice	I_TURN_RIGHT I_TURN_RIGHT I_TURN_RIGHT I_TURN_RIGHT I_TURN_RIGHT I_TURN_RIGHT I_JUMP I_TURN_RIGHT I_TURN_RIGHT I_JUMP I_TURN_RIGHT I_TURN_RIGHT I_JUMP
turn around left and walk twice	I_TURN_LEFT I_TURN_LEFT I_TURN_LEFT I_TURN_LEFT I_WALK I_WALK
look right twice and turn opposite right twice	I_TURN_RIGHT I_LOOK I_TURN_RIGHT I_LOOK I_TURN_RIGHT I_TURN_RIGHT I_TURN_RIGHT I_TURN_RIGHT
look opposite left after turn opposite right twice	I_TURN_RIGHT I_TURN_RIGHT I_TURN_RIGHT I_TURN_RIGHT I_TURN_LEFT I_TURN_LEFT I_LOOK
look opposite left twice after run opposite left thrice	I_TURN_LEFT I_TURN_LEFT I_RUN I_TURN_LEFT I_TURN_LEFT I_RUN I_TURN_LEFT I_TURN_LEFT I_RUN I_TURN_LEFT I_TURN_LEFT I_LOOK I_TURN_LEFT I_TURN_LEFT I_LOOK
jump after turn opposite left thrice	I_TURN_LEFT I_TURN_LEFT I_TURN_LEFT I_TURN_LEFT I_TURN_LEFT I_TURN_LEFT I_JUMP
jump opposite left twice and run around right thrice	I_TURN_LEFT I_TURN_LEFT I_JUMP I_TURN_LEFT I_TURN_LEFT I_JUMP I_TURN_RIGHT I_RUN I_TURN_RIGHT I_RUN I_TURN_RIGHT I_RUN I_TURN_RIGHT I_RUN I_TURN_RIGHT I_RUN I_TURN_RIGHT I_RUN I_TURN_RIGHT I_RUN I_TURN_RIGHT I_RUN I_TURN_RIGHT I_RUN I_TURN_RIGHT I_RUN I_TURN_RIGHT I_RUN I_TURN_RIGHT I_RUN
turn left after walk opposite left twice	I_TURN_LEFT I_TURN_LEFT I_WALK I_TURN_LEFT I_TURN_LEFT I_WALK I_TURN_LEFT
run right and look opposite left thrice	I_TURN_RIGHT I_RUN I_TURN_LEFT I_TURN_LEFT I_LOOK I_TURN_LEFT I_TURN_LEFT I_LOOK I_TURN_LEFT I_TURN_LEFT I_LOOK
run opposite right after run around right	I_TURN_RIGHT I_RUN I_TURN_RIGHT I_RUN I_TURN_RIGHT I_RUN I_TURN_RIGHT I_RUN I_TURN_RIGHT I_TURN_RIGHT I_RUN
run right twice and look around left twice	I_TURN_RIGHT I_RUN I_TURN_RIGHT I_RUN I_TURN_LEFT I_LOOK I_TURN_LEFT I_LOOK I_TURN_LEFT I_LOOK I_TURN_LEFT I_LOOK I_TURN_LEFT I_LOOK I_TURN_LEFT I_LOOK I_TURN_LEFT I_LOOK I_TURN_LEFT I_LOOK
run opposite right after run around left	I_TURN_LEFT I_RUN I_TURN_LEFT I_RUN I_TURN_LEFT I_RUN I_TURN_LEFT I_RUN I_TURN_RIGHT I_TURN_RIGHT I_RUN
jump opposite left thrice after turn around left thrice	I_TURN_LEFT I_TURN_LEFT I_TURN_LEFT I_TURN_LEFT I_TURN_LEFT I_TURN_LEFT I_TURN_LEFT I_TURN_LEFT I_TURN_LEFT I_TURN_LEFT I_TURN_LEFT I_TURN_LEFT I_TURN_LEFT I_TURN_LEFT I_JUMP I_TURN_LEFT I_TURN_LEFT I_JUMP I_TURN_LEFT I_TURN_LEFT I_JUMP
look opposite right thrice after look opposite left	I_TURN_LEFT I_TURN_LEFT I_LOOK I_TURN_RIGHT I_TURN_RIGHT I_LOOK I_TURN_RIGHT I_TURN_RIGHT I_LOOK I_TURN_RIGHT I_TURN_RIGHT I_LOOK
run around left twice after turn opposite left thrice	I_TURN_LEFT I_TURN_LEFT I_TURN_LEFT I_TURN_LEFT I_TURN_LEFT I_TURN_LEFT I_TURN_LEFT I_RUN I_TURN_LEFT I_RUN I_TURN_LEFT I_RUN I_TURN_LEFT I_RUN I_TURN_LEFT I_RUN I_TURN_LEFT I_RUN I_TURN_LEFT I_RUN I_TURN_LEFT I_RUN
walk left twice after jump opposite right twice	I_TURN_RIGHT I_TURN_RIGHT I_JUMP I_TURN_RIGHT I_TURN_RIGHT I_JUMP I_TURN_LEFT I_WALK I_TURN_LEFT I_WALK
run right and jump right thrice	I_TURN_RIGHT I_RUN I_TURN_RIGHT I_JUMP I_TURN_RIGHT I_JUMP I_TURN_RIGHT I_JUMP
turn left twice and walk opposite left	I_TURN_LEFT I_TURN_LEFT I_TURN_LEFT I_TURN_LEFT I_WALK
walk opposite right thrice and jump opposite left	I_TURN_RIGHT I_TURN_RIGHT I_WALK I_TURN_RIGHT I_TURN_RIGHT I_WALK I_TURN_RIGHT I_TURN_RIGHT I_WALK I_TURN_LEFT I_TURN_LEFT I_JUMP
look left thrice and jump opposite left twice	I_TURN_LEFT I_LOOK I_TURN_LEFT I_LOOK I_TURN_LEFT I_LOOK I_TURN_LEFT I_TURN_LEFT I_JUMP I_TURN_LEFT I_TURN_LEFT I_JUMP
run opposite left twice after jump left	I_TURN_LEFT I_JUMP I_TURN_LEFT I_TURN_LEFT I_RUN I_TURN_LEFT I_TURN_LEFT I_RUN
look left and run	I_TURN_LEFT I_LOOK I_RUN
look right twice and jump opposite left thrice	I_TURN_RIGHT I_LOOK I_TURN_RIGHT I_LOOK I_TURN_LEFT I_TURN_LEFT I_JUMP I_TURN_LEFT I_TURN_LEFT I_JUMP I_TURN_LEFT I_TURN_LEFT I_JUMP
walk twice and walk	I_WALK I_WALK I_WALK
look around left twice after walk left	I_TURN_LEFT I_WALK I_TURN_LEFT I_LOOK I_TURN_LEFT I_LOOK I_TURN_LEFT I_LOOK I_TURN_LEFT I_LOOK I_TURN_LEFT I_LOOK I_TURN_LEFT I_LOOK I_TURN_LEFT I_LOOK I_TURN_LEFT I_LOOK
walk opposite right thrice after run right twice	I_TURN_RIGHT I_RUN I_TURN_RIGHT I_RUN I_TURN_RIGHT I_TURN_RIGHT I_WALK I_TURN_RIGHT I_TURN_RIGHT I_WALK I_TURN_RIGHT I_TURN_RIGHT I_WALK
run thrice and walk opposite right	I_RUN I_RUN I_RUN I_TURN_RIGHT I_TURN_RIGHT I_WALK
look opposite left twice and look twice	I_TURN_LEFT I_TURN_LEFT I_LOOK I_TURN_LEFT I_TURN_LEFT I_LOOK I_LOOK I_LOOK
jump left after run opposite left	I_TURN_LEFT I_TURN_LEFT I_RUN I_TURN_LEFT I_JUMP
turn right twice after turn opposite left thrice	I_TURN_LEFT I_TURN_LEFT I_TURN_LEFT I_TURN_LEFT I_TURN_LEFT I_TURN_LEFT I_TURN_RIGHT I_TURN_RIGHT
walk right twice and run around right thrice	I_TURN_RIGHT I_WALK I_TURN_RIGHT I_WALK I_TURN_RIGHT I_RUN I_TURN_RIGHT I_RUN I_TURN_RIGHT I_RUN I_TURN_RIGHT I_RUN I_TURN_RIGHT I_RUN I_TURN_RIGHT I_RUN I_TURN_RIGHT I_RUN I_TURN_RIGHT I_RUN I_TURN_RIGHT I_RUN I_TURN_RIGHT I_RUN I_TURN_RIGHT I_RUN I_TURN_RIGHT I_RUN
run opposite left thrice after jump around right thrice	I_TURN_RIGHT I_JUMP I_TURN_RIGHT I_JUMP I_TURN_RIGHT I_JUMP I_TURN_RIGHT I_JUMP I_TURN_RIGHT I_JUMP I_TURN_RIGHT I_JUMP I_TURN_RIGHT I_JUMP I_TURN_RIGHT I_JUMP I_TURN_RIGHT I_JUMP I_TURN_RIGHT I_JUMP I_TURN_RIGHT I_JUMP I_TURN_RIGHT I_JUMP I_TURN_LEFT I_TURN_LEFT I_RUN I_TURN_LEFT I_TURN_LEFT I_RUN I_TURN_LEFT I_TURN_LEFT I_RUN
walk opposite right and walk	I_TURN_RIGHT I_TURN_RIGHT I_WALK I_WALK
jump right twice after run around right twice	I_TURN_RIGHT I_RUN I_TURN_RIGHT I_RUN I_TURN_RIGHT I_RUN I_TURN_RIGHT I_RUN I_TURN_RIGHT I_RUN I_TURN_RIGHT I_RUN I_TURN_RIGHT I_RUN I_TURN_RIGHT I_RUN I_TURN_RIGHT I_JUMP I_TURN_RIGHT I_JUMP
look and turn around right thrice	I_LOOK I_TURN_RIGHT I_TURN_RIGHT I_TURN_RIGHT I_TURN_RIGHT I_TURN_RIGHT I_TURN_RIGHT I_TURN_RIGHT I_TURN_RIGHT I_TURN_RIGHT I_TURN_RIGHT I_TURN_RIGHT I_TURN_RIGHT
jump around right thrice and turn around left thrice	I_TURN_RIGHT I_JUMP I_TURN_RIGHT I_JUMP I_TURN_RIGHT I_JUMP I_TURN_RIGHT I_JUMP I_TURN_RIGHT I_JUMP I_TURN_RIGHT I_JUMP I_TURN_RIGHT I_JUMP I_TURN_RIGHT I_JUMP I_TURN_RIGHT I_JUMP I_TURN_RIGHT I_JUMP I_TURN_RIGHT I_JUMP I_TURN_RIGHT I_JUMP I_TURN_LEFT I_TURN_LEFT I_TURN_LEFT I_TURN_LEFT I_TURN_LEFT I_TURN_LEFT I_TURN_LEFT I_TURN_LEFT I_TURN_LEFT I_TURN_LEFT I_TURN_LEFT I_TURN_LEFT
walk around right thrice after look left	I_TURN_LEFT I_LOOK I_TURN_RIGHT I_WALK I_TURN_RIGHT I_WALK I_TURN_RIGHT I_WALK I_TURN_RIGHT I_WALK I_TURN_RIGHT I_WALK I_TURN_RIGHT I_WALK I_TURN_RIGHT I_WALK I_TURN_RIGHT I_WALK I_TURN_RIGHT I_WALK I_TURN_RIGHT I_WALK I_TURN_RIGHT I_WALK I_TURN_RIGHT I_WALK
jump twice after run left	I_TURN_LEFT I_RUN I_JUMP I_JUMP
walk twice after look right	I_TURN_RIGHT I_LOOK I_WALK I_WALK
turn opposite left thrice and jump opposite left	I_TURN_LEFT I_TURN_LEFT I_TURN_LEFT I_TURN_LEFT I_TURN_LEFT I_TURN_LEFT I_TURN_LEFT I_TURN_LEFT I_JUMP
run right twice and jump thrice	I_TURN_RIGHT I_RUN I_TURN_RIGHT I_RUN I_JUMP I_JUMP I_JUMP
look opposite right thrice after turn left thrice	I_TURN_LEFT I_TURN_LEFT I_TURN_LEFT I_TURN_RIGHT I_TURN_RIGHT I_LOOK I_TURN_RIGHT I_TURN_RIGHT I_LOOK I_TURN_RIGHT I_TURN_RIGHT I_LOOK
turn left after walk opposite left thrice	I_TURN_LEFT I_TURN_LEFT I_WALK I_TURN_LEFT I_TURN_LEFT I_WALK I_TURN_LEFT I_TURN_LEFT I_WALK I_TURN_LEFT
walk opposite left twice after run thrice	I_RUN I_RUN I_RUN I_TURN_LEFT I_TURN_LEFT I_WALK I_TURN_LEFT I_TURN_LEFT I_WALK
run right and look opposite right thrice	I_TURN_RIGHT I_RUN I_TURN_RIGHT I_TURN_RIGHT I_LOOK I_TURN_RIGHT I_TURN_RIGHT I_LOOK I_TURN_RIGHT I_TURN_RIGHT I_LOOK
walk around left twice and turn left twice	I_TURN_LEFT I_WALK I_TURN_LEFT I_WALK I_TURN_LEFT I_WALK I_TURN_LEFT I_WALK I_TURN_LEFT I_WALK I_TURN_LEFT I_WALK I_TURN_LEFT I_WALK I_TURN_LEFT I_WALK I_TURN_LEFT I_TURN_LEFT
walk opposite left twice and walk around left twice	I_TURN_LEFT I_TURN_LEFT I_WALK I_TURN_LEFT I_TURN_LEFT I_WALK I_TURN_LEFT I_WALK I_TURN_LEFT I_WALK I_TURN_LEFT I_WALK I_TURN_LEFT I_WALK I_TURN_LEFT I_WALK I_TURN_LEFT I_WALK I_TURN_LEFT I_WALK I_TURN_LEFT I_WALK
jump opposite right after walk opposite right thrice	I_TURN_RIGHT I_TURN_RIGHT I_WALK I_TURN_RIGHT I_TURN_RIGHT I_WALK I_TURN_RIGHT I_TURN_RIGHT I_WALK I_TURN_RIGHT I_TURN_RIGHT I_JUMP
walk left twice and look left thrice	I_TURN_LEFT I_WALK I_TURN_LEFT I_WALK I_TURN_LEFT I_LOOK I_TURN_LEFT I_LOOK I_TURN_LEFT I_LOOK
run opposite right thrice after look around left thrice	I_TURN_LEFT I_LOOK I_TURN_LEFT I_LOOK I_TURN_LEFT I_LOOK I_TURN_LEFT I_LOOK I_TURN_LEFT I_LOOK I_TURN_LEFT I_LOOK I_TURN_LEFT I_LOOK I_TURN_LEFT I_LOOK I_TURN_LEFT I_LOOK I_TURN_LEFT I_LOOK I_TURN_LEFT I_LOOK I_TURN_LEFT I_LOOK I_TURN_RIGHT I_TURN_RIGHT I_RUN I_TURN_RIGHT I_TURN_RIGHT I_RUN I_TURN_RIGHT I_TURN_RIGHT I_RUN
run left thrice and run opposite left twice	I_TURN_LEFT I_RUN I_TURN_LEFT I_RUN I_TURN_LEFT I_RUN I_TURN_LEFT I_TURN_LEFT I_RUN I_TURN_LEFT I_TURN_LEFT I_RUN
turn opposite left thrice and run opposite right	I_TURN_LEFT I_TURN_LEFT I_TURN_LEFT I_TURN_LEFT I_TURN_LEFT I_TURN_LEFT I_TURN_RIGHT I_TURN_RIGHT I_RUN
run opposite right and look opposite left twice	I_TURN_RIGHT I_TURN_RIGHT I_RUN I_TURN_LEFT I_TURN_LEFT I_LOOK I_TURN_LEFT I_TURN_LEFT I_LOOK
turn around right after look around right twice	I_TURN_RIGHT I_LOOK I_TURN_RIGHT I_LOOK I_TURN_RIGHT I_LOOK I_TURN_RIGHT I_LOOK I_TURN_RIGHT I_LOOK I_TURN_RIGHT I_LOOK I_TURN_RIGHT I_LOOK I_TURN_RIGHT I_LOOK I_TURN_RIGHT I_TURN_RIGHT I_TURN_RIGHT I_TURN_RIGHT
look left and run left	I_TURN_LEFT I_LOOK I_TURN_LEFT I_RUN
jump around left thrice after run opposite left thrice	I_TURN_LEFT I_TURN_LEFT I_RUN I_TURN_LEFT I_TURN_LEFT I_RUN I_TURN_LEFT I_TURN_LEFT I_RUN I_TURN_LEFT I_JUMP I_TURN_LEFT I_JUMP I_TURN_LEFT I_JUMP I_TURN_LEFT I_JUMP I_TURN_LEFT I_JUMP I_TURN_LEFT I_JUMP I_TURN_LEFT I_JUMP I_TURN_LEFT I_JUMP I_TURN_LEFT I_JUMP I_TURN_LEFT I_JUMP I_TURN_LEFT I_JUMP I_TURN_LEFT I_JUMP
walk around right thrice and look around right twice	I_TURN_RIGHT I_WALK I_TURN_RIGHT I_WALK I_TURN_RIGHT I_WALK I_TURN_RIGHT I_WALK I_TURN_RIGHT I_WALK I_TURN_RIGHT I_WALK I_TURN_RIGHT I_WALK I_TURN_RIGHT I_WALK I_TURN_RIGHT I_WALK I_TURN_RIGHT I_WALK I_TURN_RIGHT I_WALK I_TURN_RIGHT I_WALK I_TURN_RIGHT I_LOOK I_TURN_RIGHT I_LOOK I_TURN_RIGHT I_LOOK I_TURN_RIGHT I_LOOK I_TURN_RIGHT I_LOOK I_TURN_RIGHT I_LOOK I_TURN_RIGHT I_LOOK I_TURN_RIGHT I_LOOK
look right thrice after jump right	I_TURN_RIGHT I_JUMP I_TURN_RIGHT I_LOOK I_TURN_RIGHT I_LOOK I_TURN_RIGHT I_LOOK
run right twice and turn right thrice	I_TURN_RIGHT I_RUN I_TURN_RIGHT I_RUN I_TURN_RIGHT I_TURN_RIGHT I_TURN_RIGHT
jump opposite right twice and walk left	I_TURN_RIGHT I_TURN_RIGHT I_JUMP I_TURN_RIGHT I_TURN_RIGHT I_JUMP I_TURN_LEFT I_WALK
jump thrice and run left twice	I_JUMP I_JUMP I_JUMP I_TURN_LEFT I_RUN I_TURN_LEFT I_RUN
look right and look right thrice	I_TURN_RIGHT I_LOOK I_TURN_RIGHT I_LOOK I_TURN_RIGHT I_LOOK I_TURN_RIGHT I_LOOK
jump opposite left twice and run opposite right twice	I_TURN_LEFT I_TURN_LEFT I_JUMP I_TURN_LEFT I_TURN_LEFT I_JUMP I_TURN_RIGHT I_TURN_RIGHT I_RUN I_TURN_RIGHT I_TURN_RIGHT I_RUN
turn opposite left thrice after turn opposite left	I_TURN_LEFT I_TURN_LEFT I_TURN_LEFT I_TURN_LEFT I_TURN_LEFT I_TURN_LEFT I_TURN_LEFT I_TURN_LEFT
walk opposite right twice and run right thrice	I_TURN_RIGHT I_TURN_RIGHT I_WALK I_TURN_RIGHT I_TURN_RIGHT I_WALK I_TURN_RIGHT I_RUN I_TURN_RIGHT I_RUN I_TURN_RIGHT I_RUN
look left and turn right thrice	I_TURN_LEFT I_LOOK I_TURN_RIGHT I_TURN_RIGHT I_TURN_RIGHT
run right twice and run opposite right twice	I_TURN_RIGHT I_RUN I_TURN_RIGHT I_RUN I_TURN_RIGHT I_TURN_RIGHT I_RUN I_TURN_RIGHT I_TURN_RIGHT I_RUN
jump left twice after look around left thrice	I_TURN_LEFT I_LOOK I_TURN_LEFT I_LOOK I_TURN_LEFT I_LOOK I_TURN_LEFT I_LOOK I_TURN_LEFT I_LOOK I_TURN_LEFT I_LOOK I_TURN_LEFT I_LOOK I_TURN_LEFT I_LOOK I_TURN_LEFT I_LOOK I_TURN_LEFT I_LOOK I_TURN_LEFT I_LOOK I_TURN_LEFT I_LOOK I_TURN_LEFT I_JUMP I_TURN_LEFT I_JUMP
run left twice after look around right thrice	I_TURN_RIGHT I_LOOK I_TURN_RIGHT I_LOOK I_TURN_RIGHT I_LOOK I_TURN_RIGHT I_LOOK I_TURN_RIGHT I_LOOK I_TURN_RIGHT I_LOOK I_TURN_RIGHT I_LOOK I_TURN_RIGHT I_LOOK I_TURN_RIGHT I_LOOK I_TURN_RIGHT I_LOOK I_TURN_RIGHT I_LOOK I_TURN_RIGHT I_LOOK I_TURN_LEFT I_RUN I_TURN_LEFT I_RUN
run and jump right thrice	I_RUN I_TURN_RIGHT I_JUMP I_TURN_RIGHT I_JUMP I_TURN_RIGHT I_JUMP
jump around right twice and run around left thrice	I_TURN_RIGHT I_JUMP I_TURN_RIGHT I_JUMP I_TURN_RIGHT I_JUMP I_TURN_RIGHT I_JUMP I_TURN_RIGHT I_JUMP I_TURN_RIGHT I_JUMP I_TURN_RIGHT I_JUMP I_TURN_RIGHT I_JUMP I_TURN_LEFT I_RUN I_TURN_LEFT I_RUN I_TURN_LEFT I_RUN I_TURN_LEFT I_RUN I_TURN_LEFT I_RUN I_TURN_LEFT I_RUN I_TURN_LEFT I_RUN I_TURN_LEFT I_RUN I_TURN_LEFT I_RUN I_TURN_LEFT I_RUN I_TURN_LEFT I_RUN I_TURN_LEFT I_RUN
run right after turn around left	I_TURN_LEFT I_TURN_LEFT I_TURN_LEFT I_TURN_LEFT I_TURN_RIGHT I_RUN
walk right thrice and walk left twice	I_TURN_RIGHT I_WALK I_TURN_RIGHT I_WALK I_TURN_RIGHT I_WALK I_TURN_LEFT I_WALK I_TURN_LEFT I_WALK
walk and walk opposite left twice	I_WALK I_TURN_LEFT I_TURN_LEFT I_WALK I_TURN_LEFT I_TURN_LEFT I_WALK
look around right twice after turn around left	I_TURN_LEFT I_TURN_LEFT I_TURN_LEFT I_TURN_LEFT I_TURN_RIGHT I_LOOK I_TURN_RIGHT I_LOOK I_TURN_RIGHT I_LOOK I_TURN_RIGHT I_LOOK I_TURN_RIGHT I_LOOK I_TURN_RIGHT I_LOOK I_TURN_RIGHT I_LOOK I_TURN_RIGHT I_LOOK
turn opposite left thrice after run right	I_TURN_RIGHT I_RUN I_TURN_LEFT I_TURN_LEFT I_TURN_LEFT I_TURN_LEFT I_TURN_LEFT I_TURN_LEFT
jump opposite left after run around left thrice	I_TURN_LEFT I_RUN I_TURN_LEFT I_RUN I_TURN_LEFT I_RUN I_TURN_LEFT I_RUN I_TURN_LEFT I_RUN I_TURN_LEFT I_RUN I_TURN_LEFT I_RUN I_TURN_LEFT I_RUN I_TURN_LEFT I_RUN I_TURN_LEFT I_RUN I_TURN_LEFT I_RUN I_TURN_LEFT I_RUN I_TURN_LEFT I_TURN_LEFT I_JUMP
look around left twice after turn opposite left	I_TURN_LEFT I_TURN_LEFT I_TURN_LEFT I_LOOK I_TURN_LEFT I_LOOK I_TURN_LEFT I_LOOK I_TURN_LEFT I_LOOK I_TURN_LEFT I_LOOK I_TURN_LEFT I_LOOK I_TURN_LEFT I_LOOK I_TURN_LEFT I_LOOK
turn right and jump opposite right thrice	I_TURN_RIGHT I_TURN_RIGHT I_TURN_RIGHT I_JUMP I_TURN_RIGHT I_TURN_RIGHT I_JUMP I_TURN_RIGHT I_TURN_RIGHT I_JUMP
run left thrice after look right thrice	I_TURN_RIGHT I_LOOK I_TURN_RIGHT I_LOOK I_TURN_RIGHT I_LOOK I_TURN_LEFT I_RUN I_TURN_LEFT I_RUN I_TURN_LEFT I_RUN
walk opposite right twice after walk left twice	I_TURN_LEFT I_WALK I_TURN_LEFT I_WALK I_TURN_RIGHT I_TURN_RIGHT I_WALK I_TURN_RIGHT I_TURN_RIGHT I_WALK
walk opposite right twice after turn right thrice	I_TURN_RIGHT I_TURN_RIGHT I_TURN_RIGHT I_TURN_RIGHT I_TURN_RIGHT I_WALK I_TURN_RIGHT I_TURN_RIGHT I_WALK
look right twice and look thrice	I_TURN_RIGHT I_LOOK I_TURN_RIGHT I_LOOK I_LOOK I_LOOK I_LOOK
run right and jump around left thrice	I_TURN_RIGHT I_RUN I_TURN_LEFT I_JUMP I_TURN_LEFT I_JUMP I_TURN_LEFT I_JUMP I_TURN_LEFT I_JUMP I_TURN_LEFT I_JUMP I_TURN_LEFT I_JUMP I_TURN_LEFT I_JUMP I_TURN_LEFT I_JUMP I_TURN_LEFT I_JUMP I_TURN_LEFT I_JUMP I_TURN_LEFT I_JUMP I_TURN_LEFT I_JUMP
run right twice and run around left thrice	I_TURN_RIGHT I_RUN I_TURN_RIGHT I_RUN I_TURN_LEFT I_RUN I_TURN_LEFT I_RUN I_TURN_LEFT I_RUN I_TURN_LEFT I_RUN I_TURN_LEFT I_RUN I_TURN_LEFT I_RUN I_TURN_LEFT I_RUN I_TURN_LEFT I_RUN I_TURN_LEFT I_RUN I_TURN_LEFT I_RUN I_TURN_LEFT I_RUN I_TURN_LEFT I_RUN
look opposite right and jump opposite left	I_TURN_RIGHT I_TURN_RIGHT I_LOOK I_TURN_LEFT I_TURN_LEFT I_JUMP
run opposite right thrice after turn opposite left thrice	I_TURN_LEFT I_TURN_LEFT I_TURN_LEFT I_TURN_LEFT I_TURN_LEFT I_TURN_LEFT I_TURN_RIGHT I_TURN_RIGHT I_RUN I_TURN_RIGHT I_TURN_RIGHT I_RUN I_TURN_RIGHT I_TURN_RIGHT I_RUN
run around left twice after turn around right twice	I_TURN_RIGHT I_TURN_RIGHT I_TURN_RIGHT I_TURN_RIGHT I_TURN_RIGHT I_TURN_RIGHT I_TURN_RIGHT I_TURN_RIGHT I_TURN_LEFT I_RUN I_TURN_LEFT I_RUN I_TURN_LEFT I_RUN I_TURN_LEFT I_RUN I_TURN_LEFT I_RUN I_TURN_LEFT I_RUN I_TURN_LEFT I_RUN I_TURN_LEFT I_RUN
look around right twice and walk around left	I_TURN_RIGHT I_LOOK I_TURN_RIGHT I_LOOK I_TURN_RIGHT I_LOOK I_TURN_RIGHT I_LOOK I_TURN_RIGHT I_LOOK I_TURN_RIGHT I_LOOK I_TURN_RIGHT I_LOOK I_TURN_RIGHT I_LOOK I_TURN_LEFT I_WALK I_TURN_LEFT I_WALK I_TURN_LEFT I_WALK I_TURN_LEFT I_WALK
jump and walk opposite right thrice	I_JUMP I_TURN_RIGHT I_TURN_RIGHT I_WALK I_TURN_RIGHT I_TURN_RIGHT I_WALK I_TURN_RIGHT I_TURN_RIGHT I_WALK
run opposite right twice and look	I_TURN_RIGHT I_TURN_RIGHT I_RUN I_TURN_RIGHT I_TURN_RIGHT I_RUN I_LOOK
look around right thrice and run around left	I_TURN_RIGHT I_LOOK I_TURN_RIGHT I_LOOK I_TURN_RIGHT I_LOOK I_TURN_RIGHT I_LOOK I_TURN_RIGHT I_LOOK I_TURN_RIGHT I_LOOK I_TURN_RIGHT I_LOOK I_TURN_RIGHT I_LOOK I_TURN_RIGHT I_LOOK I_TURN_RIGHT I_LOOK I_TURN_RIGHT I_LOOK I_TURN_RIGHT I_LOOK I_TURN_LEFT I_RUN I_TURN_LEFT I_RUN I_TURN_LEFT I_RUN I_TURN_LEFT I_RUN
look around left after jump around right twice	I_TURN_RIGHT I_JUMP I_TURN_RIGHT I_JUMP I_TURN_RIGHT I_JUMP I_TURN_RIGHT I_JUMP I_TURN_RIGHT I_JUMP I_TURN_RIGHT I_JUMP I_TURN_RIGHT I_JUMP I_TURN_RIGHT I_JUMP I_TURN_LEFT I_LOOK I_TURN_LEFT I_LOOK I_TURN_LEFT I_LOOK I_TURN_LEFT I_LOOK
jump left thrice after jump	I_JUMP I_TURN_LEFT I_JUMP I_TURN_LEFT I_JUMP I_TURN_LEFT I_JUMP
walk left thrice after jump around left	I_TURN_LEFT I_JUMP I_TURN_LEFT I_JUMP I_TURN_LEFT I_JUMP I_TURN_LEFT I_JUMP I_TURN_LEFT I_WALK I_TURN_LEFT I_WALK I_TURN_LEFT I_WALK
jump right twice after walk opposite left thrice	I_TURN_LEFT I_TURN_LEFT I_WALK I_TURN_LEFT I_TURN_LEFT I_WALK I_TURN_LEFT I_TURN_LEFT I_WALK I_TURN_RIGHT I_JUMP I_TURN_RIGHT I_JUMP
look thrice after look left twice	I_TURN_LEFT I_LOOK I_TURN_LEFT I_LOOK I_LOOK I_LOOK I_LOOK
jump around right and look left	I_TURN_RIGHT I_JUMP I_TURN_RIGHT I_JUMP I_TURN_RIGHT I_JUMP I_TURN_RIGHT I_JUMP I_TURN_LEFT I_LOOK
turn left thrice and turn left	I_TURN_LEFT I_TURN_LEFT I_TURN_LEFT I_TURN_LEFT
jump around left thrice after turn right thrice	I_TURN_RIGHT I_TURN_RIGHT I_TURN_RIGHT I_TURN_LEFT I_JUMP I_TURN_LEFT I_JUMP I_TURN_LEFT I_JUMP I_TURN_LEFT I_JUMP I_TURN_LEFT I_JUMP I_TURN_LEFT I_JUMP I_TURN_LEFT I_JUMP I_TURN_LEFT I_JUMP I_TURN_LEFT I_JUMP I_TURN_LEFT I_JUMP I_TURN_LEFT I_JUMP I_TURN_LEFT I_JUMP
walk around right thrice after look around left twice	I_TURN_LEFT I_LOOK I_TURN_LEFT I_LOOK I_TURN_LEFT I_LOOK I_TURN_LEFT I_LOOK I_TURN_LEFT I_LOOK I_TURN_LEFT I_LOOK I_TURN_LEFT I_LOOK I_TURN_LEFT I_LOOK I_TURN_RIGHT I_WALK I_TURN_RIGHT I_WALK I_TURN_RIGHT I_WALK I_TURN_RIGHT I_WALK I_TURN_RIGHT I_WALK I_TURN_RIGHT I_WALK I_TURN_RIGHT I_WALK I_TURN_RIGHT I_WALK I_TURN_RIGHT I_WALK I_TURN_RIGHT I_WALK I_TURN_RIGHT I_WALK I_TURN_RIGHT I_WALK
look left twice after run around left	I_TURN_LEFT I_RUN I_TURN_LEFT I_RUN I_TURN_LEFT I_RUN I_TURN_LEFT I_RUN I_TURN_LEFT I_LOOK I_TURN_LEFT I_LOOK
turn opposite left twice after turn around left thrice	I_TURN_LEFT I_TURN_LEFT I_TURN_LEFT I_TURN_LEFT I_TURN_LEFT I_TURN_LEFT I_TURN_LEFT I_TURN_LEFT I_TURN_LEFT I_TURN_LEFT I_TURN_LEFT I_TURN_LEFT I_TURN_LEFT I_TURN_LEFT I_TURN_LEFT I_TURN_LEFT
walk left after look opposite right thrice	I_TURN_RIGHT I_TURN_RIGHT I_LOOK I_TURN_RIGHT I_TURN_RIGHT I_LOOK I_TURN_RIGHT I_TURN_RIGHT I_LOOK I_TURN_LEFT I_WALK
turn left twice and turn left twice	I_TURN_LEFT I_TURN_LEFT I_TURN_LEFT I_TURN_LEFT
turn opposite right twice and run left thrice	I_TURN_RIGHT I_TURN_RIGHT I_TURN_RIGHT I_TURN_RIGHT I_TURN_LEFT I_RUN I_TURN_LEFT I_RUN I_TURN_LEFT I_RUN
walk right thrice and jump around left thrice	I_TURN_RIGHT I_WALK I_TURN_RIGHT I_WALK I_TURN_RIGHT I_WALK I_TURN_LEFT I_JUMP I_TURN_LEFT I_JUMP I_TURN_LEFT I_JUMP I_TURN_LEFT I_JUMP I_TURN_LEFT I_JUMP I_TURN_LEFT I_JUMP I_TURN_LEFT I_JUMP I_TURN_LEFT I_JUMP I_TURN_LEFT I_JUMP I_TURN_LEFT I_JUMP I_TURN_LEFT I_JUMP I_TURN_LEFT I_JUMP
look around right twice and look around left twice	I_TURN_RIGHT I_LOOK I_TURN_RIGHT I_LOOK I_TURN_RIGHT I_LOOK I_TURN_RIGHT I_LOOK I_TURN_RIGHT I_LOOK I_TURN_RIGHT I_LOOK I_TURN_RIGHT I_LOOK I_TURN_RIGHT I_LOOK I_TURN_LEFT I_LOOK I_TURN_LEFT I_LOOK I_TURN_LEFT I_LOOK I_TURN_LEFT I_LOOK I_TURN_LEFT I_LOOK I_TURN_LEFT I_LOOK I_TURN_LEFT I_LOOK I_TURN_LEFT I_LOOK
turn opposite left and walk opposite left	I_TURN_LEFT I_TURN_LEFT I_TURN_LEFT I_TURN_LEFT I_WALK
turn left twice after walk opposite left twice	I_TURN_LEFT I_TURN_LEFT I_WALK I_TURN_LEFT I_TURN_LEFT I_WALK I_TURN_LEFT I_TURN_LEFT
look opposite right thrice and look	I_TURN_RIGHT I_TURN_RIGHT I_LOOK I_TURN_RIGHT I_TURN_RIGHT I_LOOK I_TURN_RIGHT I_TURN_RIGHT I_LOOK I_LOOK
walk around right and walk left thrice	I_TURN_RIGHT I_WALK I_TURN_RIGHT I_WALK I_TURN_RIGHT I_WALK I_TURN_RIGHT I_WALK I_TURN_LEFT I_WALK I_TURN_LEFT I_WALK I_TURN_LEFT I_WALK
walk around left thrice after turn left twice	I_TURN_LEFT I_TURN_LEFT I_TURN_LEFT I_WALK I_TURN_LEFT I_WALK I_TURN_LEFT I_WALK I_TURN_LEFT I_WALK I_TURN_LEFT I_WALK I_TURN_LEFT I_WALK I_TURN_LEFT I_WALK I_TURN_LEFT I_WALK I_TURN_LEFT I_WALK I_TURN_LEFT I_WALK I_TURN_LEFT I_WALK I_TURN_LEFT I_WALK
jump left twice and run around right thrice	I_TURN_LEFT I_JUMP I_TURN_LEFT I_JUMP I_TURN_RIGHT I_RUN I_TURN_RIGHT I_RUN I_TURN_RIGHT I_RUN I_TURN_RIGHT I_RUN I_TURN_RIGHT I_RUN I_TURN_RIGHT I_RUN I_TURN_RIGHT I_RUN I_TURN_RIGHT I_RUN I_TURN_RIGHT I_RUN I_TURN_RIGHT I_RUN I_TURN_RIGHT I_RUN I_TURN_RIGHT I_RUN
walk opposite left and walk opposite right twice	I_TURN_LEFT I_TURN_LEFT I_WALK I_TURN_RIGHT I_TURN_RIGHT I_WALK I_TURN_RIGHT I_TURN_RIGHT I_WALK
turn opposite left thrice after run thrice	I_RUN I_RUN I_RUN I_TURN_LEFT I_TURN_LEFT I_TURN_LEFT I_TURN_LEFT I_TURN_LEFT I_TURN_LEFT
walk thrice and jump opposite left twice	I_WALK I_WALK I_WALK I_TURN_LEFT I_TURN_LEFT I_JUMP I_TURN_LEFT I_TURN_LEFT I_JUMP
jump opposite right twice and jump thrice	I_TURN_RIGHT I_TURN_RIGHT I_JUMP I_TURN_RIGHT I_TURN_RIGHT I_JUMP I_JUMP I_JUMP I_JUMP
walk around left twice and turn opposite right thrice	I_TURN_LEFT I_WALK I_TURN_LEFT I_WALK I_TURN_LEFT I_WALK I_TURN_LEFT I_WALK I_TURN_LEFT I_WALK I_TURN_LEFT I_WALK I_TURN_LEFT I_WALK I_TURN_LEFT I_WALK I_TURN_RIGHT I_TURN_RIGHT I_TURN_RIGHT I_TURN_RIGHT I_TURN_RIGHT I_TURN_RIGHT
walk around right twice after run opposite right twice	I_TURN_RIGHT I_TURN_RIGHT I_RUN I_TURN_RIGHT I_TURN_RIGHT I_RUN I_TURN_RIGHT I_WALK I_TURN_RIGHT I_WALK I_TURN_RIGHT I_WALK I_TURN_RIGHT I_WALK I_TURN_RIGHT I_WALK I_TURN_RIGHT I_WALK I_TURN_RIGHT I_WALK I_TURN_RIGHT I_WALK
jump around right and jump opposite right twice	I_TURN_RIGHT I_JUMP I_TURN_RIGHT I_JUMP I_TURN_RIGHT I_JUMP I_TURN_RIGHT I_JUMP I_TURN_RIGHT I_TURN_RIGHT I_JUMP I_TURN_RIGHT I_TURN_RIGHT I_JUMP
turn opposite right twice after run opposite right thrice	I_TURN_RIGHT I_TURN_RIGHT I_RUN I_TURN_RIGHT I_TURN_RIGHT I_RUN I_TURN_RIGHT I_TURN_RIGHT I_RUN I_TURN_RIGHT I_TURN_RIGHT I_TURN_RIGHT I_TURN_RIGHT
run around right thrice after look opposite right	I_TURN_RIGHT I_TURN_RIGHT I_LOOK I_TURN_RIGHT I_RUN I_TURN_RIGHT I_RUN I_TURN_RIGHT I_RUN I_TURN_RIGHT I_RUN I_TURN_RIGHT I_RUN I_TURN_RIGHT I_RUN I_TURN_RIGHT I_RUN I_TURN_RIGHT I_RUN I_TURN_RIGHT I_RUN I_TURN_RIGHT I_RUN I_TURN_RIGHT I_RUN I_TURN_RIGHT I_RUN
jump thrice and look left twice	I_JUMP I_JUMP I_JUMP I_TURN_LEFT I_LOOK I_TURN_LEFT I_LOOK
look opposite left thrice after walk around right	I_TURN_RIGHT I_WALK I_TURN_RIGHT I_WALK I_TURN_RIGHT I_WALK I_TURN_RIGHT I_WALK I_TURN_LEFT I_TURN_LEFT I_LOOK I_TURN_LEFT I_TURN_LEFT I_LOOK I_TURN_LEFT I_TURN_LEFT I_LOOK
look left thrice after walk thrice	I_WALK I_WALK I_WALK I_TURN_LEFT I_LOOK I_TURN_LEFT I_LOOK I_TURN_LEFT I_LOOK
jump around left thrice after walk right twice	I_TURN_RIGHT I_WALK I_TURN_RIGHT I_WALK I_TURN_LEFT I_JUMP I_TURN_LEFT I_JUMP I_TURN_LEFT I_JUMP I_TURN_LEFT I_JUMP I_TURN_LEFT I_JUMP I_TURN_LEFT I_JUMP I_TURN_LEFT I_JUMP I_TURN_LEFT I_JUMP I_TURN_LEFT I_JUMP I_TURN_LEFT I_JUMP I_TURN_LEFT I_JUMP I_TURN_LEFT I_JUMP
run around right twice after run opposite right	I_TURN_RIGHT I_TURN_RIGHT I_RUN I_TURN_RIGHT I_RUN I_TURN_RIGHT I_RUN I_TURN_RIGHT I_RUN I_TURN_RIGHT I_RUN I_TURN_RIGHT I_RUN I_TURN_RIGHT I_RUN I_TURN_RIGHT I_RUN I_TURN_RIGHT I_RUN
run around right twice after look right thrice	I_TURN_RIGHT I_LOOK I_TURN_RIGHT I_LOOK I_TURN_RIGHT I_LOOK I_TURN_RIGHT I_RUN I_TURN_RIGHT I_RUN I_TURN_RIGHT I_RUN I_TURN_RIGHT I_RUN I_TURN_RIGHT I_RUN I_TURN_RIGHT I_RUN I_TURN_RIGHT I_RUN I_TURN_RIGHT I_RUN
walk left twice and run	I_TURN_LEFT I_WALK I_TURN_LEFT I_WALK I_RUN
look opposite right after jump around left twice	I_TURN_LEFT I_JUMP I_TURN_LEFT I_JUMP I_TURN_LEFT I_JUMP I_TURN_LEFT I_JUMP I_TURN_LEFT I_JUMP I_TURN_LEFT I_JUMP I_TURN_LEFT I_JUMP I_TURN_LEFT I_JUMP I_TURN_RIGHT I_TURN_RIGHT I_LOOK
jump around left twice and look right thrice	I_TURN_LEFT I_JUMP I_TURN_LEFT I_JUMP I_TURN_LEFT I_JUMP I_TURN_LEFT I_JUMP I_TURN_LEFT I_JUMP I_TURN_LEFT I_JUMP I_TURN_LEFT I_JUMP I_TURN_LEFT I_JUMP I_TURN_RIGHT I_LOOK I_TURN_RIGHT I_LOOK I_TURN_RIGHT I_LOOK
turn opposite right thrice after walk left twice	I_TURN_LEFT I_WALK I_TURN_LEFT I_WALK I_TURN_RIGHT I_TURN_RIGHT I_TURN_RIGHT I_TURN_RIGHT I_TURN_RIGHT I_TURN_RIGHT
run left after jump opposite right thrice	I_TURN_RIGHT I_TURN_RIGHT I_JUMP I_TURN_RIGHT I_TURN_RIGHT I_JUMP I_TURN_RIGHT I_TURN_RIGHT I_JUMP I_TURN_LEFT I_RUN
run after run right	I_TURN_RIGHT I_RUN I_RUN
jump opposite left twice and walk left twice	I_TURN_LEFT I_TURN_LEFT I_JUMP I_TURN_LEFT I_TURN_LEFT I_JUMP I_TURN_LEFT I_WALK I_TURN_LEFT I_WALK
turn right thrice after look around right thrice	I_TURN_RIGHT I_LOOK I_TURN_RIGHT I_LOOK I_TURN_RIGHT I_LOOK I_TURN_RIGHT I_LOOK I_TURN_RIGHT I_LOOK I_TURN_RIGHT I_LOOK I_TURN_RIGHT I_LOOK I_TURN_RIGHT I_LOOK I_TURN_RIGHT I_LOOK I_TURN_RIGHT I_LOOK I_TURN_RIGHT I_LOOK I_TURN_RIGHT I_LOOK I_TURN_RIGHT I_TURN_RIGHT I_TURN_RIGHT
run left twice after jump right twice	I_TURN_RIGHT I_JUMP I_TURN_RIGHT I_JUMP I_TURN_LEFT I_RUN I_TURN_LEFT I_RUN
look opposite left twice after turn around right	I_TURN_RIGHT I_TURN_RIGHT I_TURN_RIGHT I_TURN_RIGHT I_TURN_LEFT I_TURN_LEFT I_LOOK I_TURN_LEFT I_TURN_LEFT I_LOOK
walk after jump right thrice	I_TURN_RIGHT I_JUMP I_TURN_RIGHT I_JUMP I_TURN_RIGHT I_JUMP I_WALK
look opposite left thrice and run twice	I_TURN_LEFT I_TURN_LEFT I_LOOK I_TURN_LEFT I_TURN_LEFT I_LOOK I_TURN_LEFT I_TURN_LEFT I_LOOK I_RUN I_RUN
walk after run around left twice	I_TURN_LEFT I_RUN I_TURN_LEFT I_RUN I_TURN_LEFT I_RUN I_TURN_LEFT I_RUN I_TURN_LEFT I_RUN I_TURN_LEFT I_RUN I_TURN_LEFT I_RUN I_TURN_LEFT I_RUN I_WALK
look around left thrice and look around right thrice	I_TURN_LEFT I_LOOK I_TURN_LEFT I_LOOK I_TURN_LEFT I_LOOK I_TURN_LEFT I_LOOK I_TURN_LEFT I_LOOK I_TURN_LEFT I_LOOK I_TURN_LEFT I_LOOK I_TURN_LEFT I_LOOK I_TURN_LEFT I_LOOK I_TURN_LEFT I_LOOK I_TURN_LEFT I_LOOK I_TURN_LEFT I_LOOK I_TURN_RIGHT I_LOOK I_TURN_RIGHT I_LOOK I_TURN_RIGHT I_LOOK I_TURN_RIGHT I_LOOK I_TURN_RIGHT I_LOOK I_TURN_RIGHT I_LOOK I_TURN_RIGHT I_LOOK I_TURN_RIGHT I_LOOK I_TURN_RIGHT I_LOOK I_TURN_RIGHT I_LOOK I_TURN_RIGHT I_LOOK I_TURN_RIGHT I_LOOK
jump around right twice after look around left twice	I_TURN_LEFT I_LOOK I_TURN_LEFT I_LOOK I_TURN_LEFT I_LOOK I_TURN_LEFT I_LOOK I_TURN_LEFT I_LOOK I_TURN_LEFT I_LOOK I_TURN_LEFT I_LOOK I_TURN_LEFT I_LOOK I_TURN_RIGHT I_JUMP I_TURN_RIGHT I_JUMP I_TURN_RIGHT I_JUMP I_TURN_RIGHT I_JUMP I_TURN_RIGHT I_JUMP I_TURN_RIGHT I_JUMP I_TURN_RIGHT I_JUMP I_TURN_RIGHT I_JUMP
look left and walk	I_TURN_LEFT I_LOOK I_WALK
jump opposite left after turn around left twice	I_TURN_LEFT I_TURN_LEFT I_TURN_LEFT I_TURN_LEFT I_TURN_LEFT I_TURN_LEFT I_TURN_LEFT I_TURN_LEFT I_TURN_LEFT I_TURN_LEFT I_JUMP
run right thrice and turn right twice	I_TURN_RIGHT I_RUN I_TURN_RIGHT I_RUN I_TURN_RIGHT I_RUN I_TURN_RIGHT I_TURN_RIGHT
walk left thrice and jump right	I_TURN_LEFT I_WALK I_TURN_LEFT I_WALK I_TURN_LEFT I_WALK I_TURN_RIGHT I_JUMP
turn right after look around right	I_TURN_RIGHT I_LOOK I_TURN_RIGHT I_LOOK I_TURN_RIGHT I_LOOK I_TURN_RIGHT I_LOOK I_TURN_RIGHT
jump opposite left twice after turn opposite right thrice	I_TURN_RIGHT I_TURN_RIGHT I_TURN_RIGHT I_TURN_RIGHT I_TURN_RIGHT I_TURN_RIGHT I_TURN_LEFT I_TURN_LEFT I_JUMP I_TURN_LEFT I_TURN_LEFT I_JUMP
run around right twice after run opposite right thrice	I_TURN_RIGHT I_TURN_RIGHT I_RUN I_TURN_RIGHT I_TURN_RIGHT I_RUN I_TURN_RIGHT I_TURN_RIGHT I_RUN I_TURN_RIGHT I_RUN I_TURN_RIGHT I_RUN I_TURN_RIGHT I_RUN I_TURN_RIGHT I_RUN I_TURN_RIGHT I_RUN I_TURN_RIGHT I_RUN I_TURN_RIGHT I_RUN I_TURN_RIGHT I_RUN
jump left twice and jump opposite left thrice	I_TURN_LEFT I_JUMP I_TURN_LEFT I_JUMP I_TURN_LEFT I_TURN_LEFT I_JUMP I_TURN_LEFT I_TURN_LEFT I_JUMP I_TURN_LEFT I_TURN_LEFT I_JUMP
run thrice after look	I_LOOK I_RUN I_RUN I_RUN
run around left twice and turn opposite right	I_TURN_LEFT I_RUN I_TURN_LEFT I_RUN I_TURN_LEFT I_RUN I_TURN_LEFT I_RUN I_TURN_LEFT I_RUN I_TURN_LEFT I_RUN I_TURN_LEFT I_RUN I_TURN_LEFT I_RUN I_TURN_RIGHT I_TURN_RIGHT
look around left and jump left thrice	I_TURN_LEFT I_LOOK I_TURN_LEFT I_LOOK I_TURN_LEFT I_LOOK I_TURN_LEFT I_LOOK I_TURN_LEFT I_JUMP I_TURN_LEFT I_JUMP I_TURN_LEFT I_JUMP
look left thrice and jump thrice	I_TURN_LEFT I_LOOK I_TURN_LEFT I_LOOK I_TURN_LEFT I_LOOK I_JUMP I_JUMP I_JUMP
run opposite left thrice and walk right	I_TURN_LEFT I_TURN_LEFT I_RUN I_TURN_LEFT I_TURN_LEFT I_RUN I_TURN_LEFT I_TURN_LEFT I_RUN I_TURN_RIGHT I_WALK
turn opposite left twice and turn around right thrice	I_TURN_LEFT I_TURN_LEFT I_TURN_LEFT I_TURN_LEFT I_TURN_RIGHT I_TURN_RIGHT I_TURN_RIGHT I_TURN_RIGHT I_TURN_RIGHT I_TURN_RIGHT I_TURN_RIGHT I_TURN_RIGHT I_TURN_RIGHT I_TURN_RIGHT I_TURN_RIGHT I_TURN_RIGHT
run right thrice and walk left thrice	I_TURN_RIGHT I_RUN I_TURN_RIGHT I_RUN I_TURN_RIGHT I_RUN I_TURN_LEFT I_WALK I_TURN_LEFT I_WALK I_TURN_LEFT I_WALK
jump around right twice after walk opposite left	I_TURN_LEFT I_TURN_LEFT I_WALK I_TURN_RIGHT I_JUMP I_TURN_RIGHT I_JUMP I_TURN_RIGHT I_JUMP I_TURN_RIGHT I_JUMP I_TURN_RIGHT I_JUMP I_TURN_RIGHT I_JUMP I_TURN_RIGHT I_JUMP I_TURN_RIGHT I_JUMP
look left after walk left	I_TURN_LEFT I_WALK I_TURN_LEFT I_LOOK
jump around left twice and jump left twice	I_TURN_LEFT I_JUMP I_TURN_LEFT I_JUMP I_TURN_LEFT I_JUMP I_TURN_LEFT I_JUMP I_TURN_LEFT I_JUMP I_TURN_LEFT I_JUMP I_TURN_LEFT I_JUMP I_TURN_LEFT I_JUMP I_TURN_LEFT I_JUMP I_TURN_LEFT I_JUMP
run around left thrice after jump around left thrice	I_TURN_LEFT I_JUMP I_TURN_LEFT I_JUMP I_TURN_LEFT I_JUMP I_TURN_LEFT I_JUMP I_TURN_LEFT I_JUMP I_TURN_LEFT I_JUMP I_TURN_LEFT I_JUMP I_TURN_LEFT I_JUMP I_TURN_LEFT I_JUMP I_TURN_LEFT I_JUMP I_TURN_LEFT I_JUMP I_TURN_LEFT I_JUMP I_TURN_LEFT I_RUN I_TURN_LEFT I_RUN I_TURN_LEFT I_RUN I_TURN_LEFT I_RUN I_TURN_LEFT I_RUN I_TURN_LEFT I_RUN I_TURN_LEFT I_RUN I_TURN_LEFT I_RUN I_TURN_LEFT I_RUN I_TURN_LEFT I_RUN I_TURN_LEFT I_RUN I_TURN_LEFT I_RUN
turn opposite left after turn around left twice	I_TURN_LEFT I_TURN_LEFT I_TURN_LEFT I_TURN_LEFT I_TURN_LEFT I_TURN_LEFT I_TURN_LEFT I_TURN_LEFT I_TURN_LEFT I_TURN_LEFT
run opposite right after jump left twice	I_TURN_LEFT I_JUMP I_TURN_LEFT I_JUMP I_TURN_RIGHT I_TURN_RIGHT I_RUN
jump around right twice and jump left	I_TURN_RIGHT I_JUMP I_TURN_RIGHT I_JUMP I_TURN_RIGHT I_JUMP I_TURN_RIGHT I_JUMP I_TURN_RIGHT I_JUMP I_TURN_RIGHT I_JUMP I_TURN_RIGHT I_JUMP I_TURN_RIGHT I_JUMP I_TURN_LEFT I_JUMP
jump around left twice and run left twice	I_TURN_LEFT I_JUMP I_TURN_LEFT I_JUMP I_TURN_LEFT I_JUMP I_TURN_LEFT I_JUMP I_TURN_LEFT I_JUMP I_TURN_LEFT I_JUMP I_TURN_LEFT I_JUMP I_TURN_LEFT I_JUMP I_TURN_LEFT I_RUN I_TURN_LEFT I_RUN
jump around left and run around right twice	I_TURN_LEFT I_JUMP I_TURN_LEFT I_JUMP I_TURN_LEFT I_JUMP I_TURN_LEFT I_JUMP I_TURN_RIGHT I_RUN I_TURN_RIGHT I_RUN I_TURN_RIGHT I_RUN I_TURN_RIGHT I_RUN I_TURN_RIGHT I_RUN I_TURN_RIGHT I_RUN I_TURN_RIGHT I_RUN I_TURN_RIGHT I_RUN
run around right after look twice	I_LOOK I_LOOK I_TURN_RIGHT I_RUN I_TURN_RIGHT I_RUN I_TURN_RIGHT I_RUN I_TURN_RIGHT I_RUN
turn right twice and turn opposite right twice	I_TURN_RIGHT I_TURN_RIGHT I_TURN_RIGHT I_TURN_RIGHT I_TURN_RIGHT I_TURN_RIGHT
jump right twice after jump right twice	I_TURN_RIGHT I_JUMP I_TURN_RIGHT I_JUMP I_TURN_RIGHT I_JUMP I_TURN_RIGHT I_JUMP
jump left and jump opposite right twice	I_TURN_LEFT I_JUMP I_TURN_RIGHT I_TURN_RIGHT I_JUMP I_TURN_RIGHT I_TURN_RIGHT I_JUMP
run opposite left twice and walk right twice	I_TURN_LEFT I_TURN_LEFT I_RUN I_TURN_LEFT I_TURN_LEFT I_RUN I_TURN_RIGHT I_WALK I_TURN_RIGHT I_WALK
turn right twice and walk	I_TURN_RIGHT I_TURN_RIGHT I_WALK
turn opposite left thrice and turn opposite left twice	I_TURN_LEFT I_TURN_LEFT I_TURN_LEFT I_TURN_LEFT I_TURN_LEFT I_TURN_LEFT I_TURN_LEFT I_TURN_LEFT I_TURN_LEFT I_TURN_LEFT
jump opposite right and turn left	I_TURN_RIGHT I_TURN_RIGHT I_JUMP I_TURN_LEFT
look thrice after walk left thrice	I_TURN_LEFT I_WALK I_TURN_LEFT I_WALK I_TURN_LEFT I_WALK I_LOOK I_LOOK I_LOOK
jump right and jump around left thrice	I_TURN_RIGHT I_JUMP I_TURN_LEFT I_JUMP I_TURN_LEFT I_JUMP I_TURN_LEFT I_JUMP I_TURN_LEFT I_JUMP I_TURN_LEFT I_JUMP I_TURN_LEFT I_JUMP I_TURN_LEFT I_JUMP I_TURN_LEFT I_JUMP I_TURN_LEFT I_JUMP I_TURN_LEFT I_JUMP I_TURN_LEFT I_JUMP I_TURN_LEFT I_JUMP
look left after look opposite right	I_TURN_RIGHT I_TURN_RIGHT I_LOOK I_TURN_LEFT I_LOOK
turn around left after turn opposite right thrice	I_TURN_RIGHT I_TURN_RIGHT I_TURN_RIGHT I_TURN_RIGHT I_TURN_RIGHT I_TURN_RIGHT I_TURN_LEFT I_TURN_LEFT I_TURN_LEFT I_TURN_LEFT
jump opposite left after turn opposite right thrice	I_TURN_RIGHT I_TURN_RIGHT I_TURN_RIGHT I_TURN_RIGHT I_TURN_RIGHT I_TURN_RIGHT I_TURN_LEFT I_TURN_LEFT I_JUMP
run left and turn left thrice	I_TURN_LEFT I_RUN I_TURN_LEFT I_TURN_LEFT I_TURN_LEFT
turn around right thrice and walk	I_TURN_RIGHT I_TURN_RIGHT I_TURN_RIGHT I_TURN_RIGHT I_TURN_RIGHT I_TURN_RIGHT I_TURN_RIGHT I_TURN_RIGHT I_TURN_RIGHT I_TURN_RIGHT I_TURN_RIGHT I_TURN_RIGHT I_WALK
look right twice and turn opposite left twice	I_TURN_RIGHT I_LOOK I_TURN_RIGHT I_LOOK I_TURN_LEFT I_TURN_LEFT I_TURN_LEFT I_TURN_LEFT
walk thrice and walk around left	I_WALK I_WALK I_WALK I_TURN_LEFT I_WALK I_TURN_LEFT I_WALK I_TURN_LEFT I_WALK I_TURN_LEFT I_WALK
jump right after turn opposite right twice	I_TURN_RIGHT I_TURN_RIGHT I_TURN_RIGHT I_TURN_RIGHT I_TURN_RIGHT I_JUMP
jump thrice and walk opposite left	I_JUMP I_JUMP I_JUMP I_TURN_LEFT I_TURN_LEFT I_WALK
look around left twice and turn around right thrice	I_TURN_LEFT I_LOOK I_TURN_LEFT I_LOOK I_TURN_LEFT I_LOOK I_TURN_LEFT I_LOOK I_TURN_LEFT I_LOOK I_TURN_LEFT I_LOOK I_TURN_LEFT I_LOOK I_TURN_LEFT I_LOOK I_TURN_RIGHT I_TURN_RIGHT I_TURN_RIGHT I_TURN_RIGHT I_TURN_RIGHT I_TURN_RIGHT I_TURN_RIGHT I_TURN_RIGHT I_TURN_RIGHT I_TURN_RIGHT I_TURN_RIGHT I_TURN_RIGHT
walk opposite right twice and turn left twice	I_TURN_RIGHT I_TURN_RIGHT I_WALK I_TURN_RIGHT I_TURN_RIGHT I_WALK I_TURN_LEFT I_TURN_LEFT
run opposite left twice after turn right thrice	I_TURN_RIGHT I_TURN_RIGHT I_TURN_RIGHT I_TURN_LEFT I_TURN_LEFT I_RUN I_TURN_LEFT I_TURN_LEFT I_RUN
walk thrice and look opposite right	I_WALK I_WALK I_WALK I_TURN_RIGHT I_TURN_RIGHT I_LOOK
look right twice after run opposite right	I_TURN_RIGHT I_TURN_RIGHT I_RUN I_TURN_RIGHT I_LOOK I_TURN_RIGHT I_LOOK
turn right and jump left thrice	I_TURN_RIGHT I_TURN_LEFT I_JUMP I_TURN_LEFT I_JUMP I_TURN_LEFT I_JUMP
run right twice after turn right	I_TURN_RIGHT I_TURN_RIGHT I_RUN I_TURN_RIGHT I_RUN
run opposite right twice after look around left thrice	I_TURN_LEFT I_LOOK I_TURN_LEFT I_LOOK I_TURN_LEFT I_LOOK I_TURN_LEFT I_LOOK I_TURN_LEFT I_LOOK I_TURN_LEFT I_LOOK I_TURN_LEFT I_LOOK I_TURN_LEFT I_LOOK I_TURN_LEFT I_LOOK I_TURN_LEFT I_LOOK I_TURN_LEFT I_LOOK I_TURN_LEFT I_LOOK I_TURN_RIGHT I_TURN_RIGHT I_RUN I_TURN_RIGHT I_TURN_RIGHT I_RUN
look opposite left thrice and run left twice	I_TURN_LEFT I_TURN_LEFT I_LOOK I_TURN_LEFT I_TURN_LEFT I_LOOK I_TURN_LEFT I_TURN_LEFT I_LOOK I_TURN_LEFT I_RUN I_TURN_LEFT I_RUN
run opposite right after walk opposite right	I_TURN_RIGHT I_TURN_RIGHT I_WALK I_TURN_RIGHT I_TURN_RIGHT I_RUN
jump left thrice and walk opposite right thrice	I_TURN_LEFT I_JUMP I_TURN_LEFT I_JUMP I_TURN_LEFT I_JUMP I_TURN_RIGHT I_TURN_RIGHT I_WALK I_TURN_RIGHT I_TURN_RIGHT I_WALK I_TURN_RIGHT I_TURN_RIGHT I_WALK
look thrice after look around left thrice	I_TURN_LEFT I_LOOK I_TURN_LEFT I_LOOK I_TURN_LEFT I_LOOK I_TURN_LEFT I_LOOK I_TURN_LEFT I_LOOK I_TURN_LEFT I_LOOK I_TURN_LEFT I_LOOK I_TURN_LEFT I_LOOK I_TURN_LEFT I_LOOK I_TURN_LEFT I_LOOK I_TURN_LEFT I_LOOK I_TURN_LEFT I_LOOK I_LOOK I_LOOK I_LOOK
run twice after look	I_LOOK I_RUN I_RUN
turn opposite right twice after walk twice	I_WALK I_WALK I_TURN_RIGHT I_TURN_RIGHT I_TURN_RIGHT I_TURN_RIGHT
turn right and look right twice	I_TURN_RIGHT I_TURN_RIGHT I_LOOK I_TURN_RIGHT I_LOOK
look after turn left thrice	I_TURN_LEFT I_TURN_LEFT I_TURN_LEFT I_LOOK
look twice and look opposite right	I_LOOK I_LOOK I_TURN_RIGHT I_TURN_RIGHT I_LOOK
jump around right after look around right	I_TURN_RIGHT I_LOOK I_TURN_RIGHT I_LOOK I_TURN_RIGHT I_LOOK I_TURN_RIGHT I_LOOK I_TURN_RIGHT I_JUMP I_TURN_RIGHT I_JUMP I_TURN_RIGHT I_JUMP I_TURN_RIGHT I_JUMP
look opposite right thrice after walk twice	I_WALK I_WALK I_TURN_RIGHT I_TURN_RIGHT I_LOOK I_TURN_RIGHT I_TURN_RIGHT I_LOOK I_TURN_RIGHT I_TURN_RIGHT I_LOOK
run around right twice after walk around right thrice	I_TURN_RIGHT I_WALK I_TURN_RIGHT I_WALK I_TURN_RIGHT I_WALK I_TURN_RIGHT I_WALK I_TURN_RIGHT I_WALK I_TURN_RIGHT I_WALK I_TURN_RIGHT I_WALK I_TURN_RIGHT I_WALK I_TURN_RIGHT I_WALK I_TURN_RIGHT I_WALK I_TURN_RIGHT I_WALK I_TURN_RIGHT I_WALK I_TURN_RIGHT I_RUN I_TURN_RIGHT I_RUN I_TURN_RIGHT I_RUN I_TURN_RIGHT I_RUN I_TURN_RIGHT I_RUN I_TURN_RIGHT I_RUN I_TURN_RIGHT I_RUN I_TURN_RIGHT I_RUN
look left after turn around left	I_TURN_LEFT I_TURN_LEFT I_TURN_LEFT I_TURN_LEFT I_TURN_LEFT I_LOOK
turn opposite right and run opposite left twice	I_TURN_RIGHT I_TURN_RIGHT I_TURN_LEFT I_TURN_LEFT I_RUN I_TURN_LEFT I_TURN_LEFT I_RUN
jump opposite left after jump right	I_TURN_RIGHT I_JUMP I_TURN_LEFT I_TURN_LEFT I_JUMP
turn around right twice after walk opposite right twice	I_TURN_RIGHT I_TURN_RIGHT I_WALK I_TURN_RIGHT I_TURN_RIGHT I_WALK I_TURN_RIGHT I_TURN_RIGHT I_TURN_RIGHT I_TURN_RIGHT I_TURN_RIGHT I_TURN_RIGHT I_TURN_RIGHT I_TURN_RIGHT
run around left and look around left thrice	I_TURN_LEFT I_RUN I_TURN_LEFT I_RUN I_TURN_LEFT I_RUN I_TURN_LEFT I_RUN I_TURN_LEFT I_LOOK I_TURN_LEFT I_LOOK I_TURN_LEFT I_LOOK I_TURN_LEFT I_LOOK I_TURN_LEFT I_LOOK I_TURN_LEFT I_LOOK I_TURN_LEFT I_LOOK I_TURN_LEFT I_LOOK I_TURN_LEFT I_LOOK I_TURN_LEFT I_LOOK I_TURN_LEFT I_LOOK I_TURN_LEFT I_LOOK
walk right thrice after run right	I_TURN_RIGHT I_RUN I_TURN_RIGHT I_WALK I_TURN_RIGHT I_WALK I_TURN_RIGHT I_WALK
look left twice and walk opposite left thrice	I_TURN_LEFT I_LOOK I_TURN_LEFT I_LOOK I_TURN_LEFT I_TURN_LEFT I_WALK I_TURN_LEFT I_TURN_LEFT I_WALK I_TURN_LEFT I_TURN_LEFT I_WALK
look thrice after look around right twice	I_TURN_RIGHT I_LOOK I_TURN_RIGHT I_LOOK I_TURN_RIGHT I_LOOK I_TURN_RIGHT I_LOOK I_TURN_RIGHT I_LOOK I_TURN_RIGHT I_LOOK I_TURN_RIGHT I_LOOK I_TURN_RIGHT I_LOOK I_LOOK I_LOOK I_LOOK
turn right after jump	I_JUMP I_TURN_RIGHT
jump opposite left thrice and jump right thrice	I_TURN_LEFT I_TURN_LEFT I_JUMP I_TURN_LEFT I_TURN_LEFT I_JUMP I_TURN_LEFT I_TURN_LEFT I_JUMP I_TURN_RIGHT I_JUMP I_TURN_RIGHT I_JUMP I_TURN_RIGHT I_JUMP
run opposite right twice after jump opposite left	I_TURN_LEFT I_TURN_LEFT I_JUMP I_TURN_RIGHT I_TURN_RIGHT I_RUN I_TURN_RIGHT I_TURN_RIGHT I_RUN
look opposite right after look opposite right twice	I_TURN_RIGHT I_TURN_RIGHT I_LOOK I_TURN_RIGHT I_TURN_RIGHT I_LOOK I_TURN_RIGHT I_TURN_RIGHT I_LOOK
jump opposite right thrice and walk around right twice	I_TURN_RIGHT I_TURN_RIGHT I_JUMP I_TURN_RIGHT I_TURN_RIGHT I_JUMP I_TURN_RIGHT I_TURN_RIGHT I_JUMP I_TURN_RIGHT I_WALK I_TURN_RIGHT I_WALK I_TURN_RIGHT I_WALK I_TURN_RIGHT I_WALK I_TURN_RIGHT I_WALK I_TURN_RIGHT I_WALK I_TURN_RIGHT I_WALK I_TURN_RIGHT I_WALK
jump right thrice after look around right thrice	I_TURN_RIGHT I_LOOK I_TURN_RIGHT I_LOOK I_TURN_RIGHT I_LOOK I_TURN_RIGHT I_LOOK I_TURN_RIGHT I_LOOK I_TURN_RIGHT I_LOOK I_TURN_RIGHT I_LOOK I_TURN_RIGHT I_LOOK I_TURN_RIGHT I_LOOK I_TURN_RIGHT I_LOOK I_TURN_RIGHT I_LOOK I_TURN_RIGHT I_LOOK I_TURN_RIGHT I_JUMP I_TURN_RIGHT I_JUMP I_TURN_RIGHT I_JUMP
look left thrice and look around right twice	I_TURN_LEFT I_LOOK I_TURN_LEFT I_LOOK I_TURN_LEFT I_LOOK I_TURN_RIGHT I_LOOK I_TURN_RIGHT I_LOOK I_TURN_RIGHT I_LOOK I_TURN_RIGHT I_LOOK I_TURN_RIGHT I_LOOK I_TURN_RIGHT I_LOOK I_TURN_RIGHT I_LOOK I_TURN_RIGHT I_LOOK
look opposite left thrice and look around right	I_TURN_LEFT I_TURN_LEFT I_LOOK I_TURN_LEFT I_TURN_LEFT I_LOOK I_TURN_LEFT I_TURN_LEFT I_LOOK I_TURN_RIGHT I_LOOK I_TURN_RIGHT I_LOOK I_TURN_RIGHT I_LOOK I_TURN_RIGHT I_LOOK
jump opposite left and run around left twice	I_TURN_LEFT I_TURN_LEFT I_JUMP I_TURN_LEFT I_RUN I_TURN_LEFT I_RUN I_TURN_LEFT I_RUN I_TURN_LEFT I_RUN I_TURN_LEFT I_RUN I_TURN_LEFT I_RUN I_TURN_LEFT I_RUN I_TURN_LEFT I_RUN
walk right twice after run around right twice	I_TURN_RIGHT I_RUN I_TURN_RIGHT I_RUN I_TURN_RIGHT I_RUN I_TURN_RIGHT I_RUN I_TURN_RIGHT I_RUN I_TURN_RIGHT I_RUN I_TURN_RIGHT I_RUN I_TURN_RIGHT I_RUN I_TURN_RIGHT I_WALK I_TURN_RIGHT I_WALK
look around right after walk opposite left twice	I_TURN_LEFT I_TURN_LEFT I_WALK I_TURN_LEFT I_TURN_LEFT I_WALK I_TURN_RIGHT I_LOOK I_TURN_RIGHT I_LOOK I_TURN_RIGHT I_LOOK I_TURN_RIGHT I_LOOK
turn opposite right after walk thrice	I_WALK I_WALK I_WALK I_TURN_RIGHT I_TURN_RIGHT
jump opposite left twice and jump	I_TURN_LEFT I_TURN_LEFT I_JUMP I_TURN_LEFT I_TURN_LEFT I_JUMP I_JUMP
run opposite left and look right	I_TURN_LEFT I_TURN_LEFT I_RUN I_TURN_RIGHT I_LOOK
run around left thrice after walk left	I_TURN_LEFT I_WALK I_TURN_LEFT I_RUN I_TURN_LEFT I_RUN I_TURN_LEFT I_RUN I_TURN_LEFT I_RUN I_TURN_LEFT I_RUN I_TURN_LEFT I_RUN I_TURN_LEFT I_RUN I_TURN_LEFT I_RUN I_TURN_LEFT I_RUN I_TURN_LEFT I_RUN I_TURN_LEFT I_RUN I_TURN_LEFT I_RUN
jump opposite left thrice and jump opposite right	I_TURN_LEFT I_TURN_LEFT I_JUMP I_TURN_LEFT I_TURN_LEFT I_JUMP I_TURN_LEFT I_TURN_LEFT I_JUMP I_TURN_RIGHT I_TURN_RIGHT I_JUMP
walk around right twice after turn around right	I_TURN_RIGHT I_TURN_RIGHT I_TURN_RIGHT I_TURN_RIGHT I_TURN_RIGHT I_WALK I_TURN_RIGHT I_WALK I_TURN_RIGHT I_WALK I_TURN_RIGHT I_WALK I_TURN_RIGHT I_WALK I_TURN_RIGHT I_WALK I_TURN_RIGHT I_WALK I_TURN_RIGHT I_WALK
look twice after turn right	I_TURN_RIGHT I_LOOK I_LOOK
run opposite right and turn opposite right thrice	I_TURN_RIGHT I_TURN_RIGHT I_RUN I_TURN_RIGHT I_TURN_RIGHT I_TURN_RIGHT I_TURN_RIGHT I_TURN_RIGHT I_TURN_RIGHT
walk thrice and look opposite left thrice	I_WALK I_WALK I_WALK I_TURN_LEFT I_TURN_LEFT I_LOOK I_TURN_LEFT I_TURN_LEFT I_LOOK I_TURN_LEFT I_TURN_LEFT I_LOOK
run opposite right thrice after turn opposite left twice	I_TURN_LEFT I_TURN_LEFT I_TURN_LEFT I_TURN_LEFT I_TURN_RIGHT I_TURN_RIGHT I_RUN I_TURN_RIGHT I_TURN_RIGHT I_RUN I_TURN_RIGHT I_TURN_RIGHT I_RUN
run right thrice after run right	I_TURN_RIGHT I_RUN I_TURN_RIGHT I_RUN I_TURN_RIGHT I_RUN I_TURN_RIGHT I_RUN
jump around left twice after run around right twice	I_TURN_RIGHT I_RUN I_TURN_RIGHT I_RUN I_TURN_RIGHT I_RUN I_TURN_RIGHT I_RUN I_TURN_RIGHT I_RUN I_TURN_RIGHT I_RUN I_TURN_RIGHT I_RUN I_TURN_RIGHT I_RUN I_TURN_LEFT I_JUMP I_TURN_LEFT I_JUMP I_TURN_LEFT I_JUMP I_TURN_LEFT I_JUMP I_TURN_LEFT I_JUMP I_TURN_LEFT I_JUMP I_TURN_LEFT I_JUMP I_TURN_LEFT I_JUMP
look around right and turn left thrice	I_TURN_RIGHT I_LOOK I_TURN_RIGHT I_LOOK I_TURN_RIGHT I_LOOK I_TURN_RIGHT I_LOOK I_TURN_LEFT I_TURN_LEFT I_TURN_LEFT
look around right twice after turn opposite right twice	I_TURN_RIGHT I_TURN_RIGHT I_TURN_RIGHT I_TURN_RIGHT I_TURN_RIGHT I_LOOK I_TURN_RIGHT I_LOOK I_TURN_RIGHT I_LOOK I_TURN_RIGHT I_LOOK I_TURN_RIGHT I_LOOK I_TURN_RIGHT I_LOOK I_TURN_RIGHT I_LOOK I_TURN_RIGHT I_LOOK
walk left twice after walk opposite left thrice	I_TURN_LEFT I_TURN_LEFT I_WALK I_TURN_LEFT I_TURN_LEFT I_WALK I_TURN_LEFT I_TURN_LEFT I_WALK I_TURN_LEFT I_WALK I_TURN_LEFT I_WALK
turn left thrice and walk right thrice	I_TURN_LEFT I_TURN_LEFT I_TURN_LEFT I_TURN_RIGHT I_WALK I_TURN_RIGHT I_WALK I_TURN_RIGHT I_WALK
run left twice after look opposite right twice	I_TURN_RIGHT I_TURN_RIGHT I_LOOK I_TURN_RIGHT I_TURN_RIGHT I_LOOK I_TURN_LEFT I_RUN I_TURN_LEFT I_RUN
walk around left thrice and turn right	I_TURN_LEFT I_WALK I_TURN_LEFT I_WALK I_TURN_LEFT I_WALK I_TURN_LEFT I_WALK I_TURN_LEFT I_WALK I_TURN_LEFT I_WALK I_TURN_LEFT I_WALK I_TURN_LEFT I_WALK I_TURN_LEFT I_WALK I_TURN_LEFT I_WALK I_TURN_LEFT I_WALK I_TURN_LEFT I_WALK I_TURN_RIGHT
look twice and run around left thrice	I_LOOK I_LOOK I_TURN_LEFT I_RUN I_TURN_LEFT I_RUN I_TURN_LEFT I_RUN I_TURN_LEFT I_RUN I_TURN_LEFT I_RUN I_TURN_LEFT I_RUN I_TURN_LEFT I_RUN I_TURN_LEFT I_RUN I_TURN_LEFT I_RUN I_TURN_LEFT I_RUN I_TURN_LEFT I_RUN I_TURN_LEFT I_RUN
look right thrice after run around left	I_TURN_LEFT I_RUN I_TURN_LEFT I_RUN I_TURN_LEFT I_RUN I_TURN_LEFT I_RUN I_TURN_RIGHT I_LOOK I_TURN_RIGHT I_LOOK I_TURN_RIGHT I_LOOK
walk thrice after walk around left	I_TURN_LEFT I_WALK I_TURN_LEFT I_WALK I_TURN_LEFT I_WALK I_TURN_LEFT I_WALK I_WALK I_WALK I_WALK
look opposite right and look opposite right	I_TURN_RIGHT I_TURN_RIGHT I_LOOK I_TURN_RIGHT I_TURN_RIGHT I_LOOK
walk opposite left and run twice	I_TURN_LEFT I_TURN_LEFT I_WALK I_RUN I_RUN
jump right twice and jump opposite right twice	I_TURN_RIGHT I_JUMP I_TURN_RIGHT I_JUMP I_TURN_RIGHT I_TURN_RIGHT I_JUMP I_TURN_RIGHT I_TURN_RIGHT I_JUMP
jump opposite left twice after turn around right	I_TURN_RIGHT I_TURN_RIGHT I_TURN_RIGHT I_TURN_RIGHT I_TURN_LEFT I_TURN_LEFT I_JUMP I_TURN_LEFT I_TURN_LEFT I_JUMP
run around right twice and jump around left	I_TURN_RIGHT I_RUN I_TURN_RIGHT I_RUN I_TURN_RIGHT I_RUN I_TURN_RIGHT I_RUN I_TURN_RIGHT I_RUN I_TURN_RIGHT I_RUN I_TURN_RIGHT I_RUN I_TURN_RIGHT I_RUN I_TURN_LEFT I_JUMP I_TURN_LEFT I_JUMP I_TURN_LEFT I_JUMP I_TURN_LEFT I_JUMP
look thrice and look	I_LOOK I_LOOK I_LOOK I_LOOK
walk left and walk opposite left	I_TURN_LEFT I_WALK I_TURN_LEFT I_TURN_LEFT I_WALK
look around left twice after jump opposite left	I_TURN_LEFT I_TURN_LEFT I_JUMP I_TURN_LEFT I_LOOK I_TURN_LEFT I_LOOK I_TURN_LEFT I_LOOK I_TURN_LEFT I_LOOK I_TURN_LEFT I_LOOK I_TURN_LEFT I_LOOK I_TURN_LEFT I_LOOK I_TURN_LEFT I_LOOK
turn left thrice and walk around right thrice	I_TURN_LEFT I_TURN_LEFT I_TURN_LEFT I_TURN_RIGHT I_WALK I_TURN_RIGHT I_WALK I_TURN_RIGHT I_WALK I_TURN_RIGHT I_WALK I_TURN_RIGHT I_WALK I_TURN_RIGHT I_WALK I_TURN_RIGHT I_WALK I_TURN_RIGHT I_WALK I_TURN_RIGHT I_WALK I_TURN_RIGHT I_WALK I_TURN_RIGHT I_WALK I_TURN_RIGHT I_WALK
run around right twice and turn around right twice	I_TURN_RIGHT I_RUN I_TURN_RIGHT I_RUN I_TURN_RIGHT I_RUN I_TURN_RIGHT I_RUN I_TURN_RIGHT I_RUN I_TURN_RIGHT I_RUN I_TURN_RIGHT I_RUN I_TURN_RIGHT I_RUN I_TURN_RIGHT I_TURN_RIGHT I_TURN_RIGHT I_TURN_RIGHT I_TURN_RIGHT I_TURN_RIGHT I_TURN_RIGHT I_TURN_RIGHT
jump opposite right after turn around left	I_TURN_LEFT I_TURN_LEFT I_TURN_LEFT I_TURN_LEFT I_TURN_RIGHT I_TURN_RIGHT I_JUMP
run right twice after run around right	I_TURN_RIGHT I_RUN I_TURN_RIGHT I_RUN I_TURN_RIGHT I_RUN I_TURN_RIGHT I_RUN I_TURN_RIGHT I_RUN I_TURN_RIGHT I_RUN
jump around right twice and jump right twice	I_TURN_RIGHT I_JUMP I_TURN_RIGHT I_JUMP I_TURN_RIGHT I_JUMP I_TURN_RIGHT I_JUMP I_TURN_RIGHT I_JUMP I_TURN_RIGHT I_JUMP I_TURN_RIGHT I_JUMP I_TURN_RIGHT I_JUMP I_TURN_RIGHT I_JUMP I_TURN_RIGHT I_JUMP
run right twice after turn opposite right thrice	I_TURN_RIGHT I_TURN_RIGHT I_TURN_RIGHT I_TURN_RIGHT I_TURN_RIGHT I_TURN_RIGHT I_TURN_RIGHT I_RUN I_TURN_RIGHT I_RUN
jump and walk right thrice	I_JUMP I_TURN_RIGHT I_WALK I_TURN_RIGHT I_WALK I_TURN_RIGHT I_WALK
look opposite right thrice and look right twice	I_TURN_RIGHT I_TURN_RIGHT I_LOOK I_TURN_RIGHT I_TURN_RIGHT I_LOOK I_TURN_RIGHT I_TURN_RIGHT I_LOOK I_TURN_RIGHT I_LOOK I_TURN_RIGHT I_LOOK
walk opposite left twice and run right twice	I_TURN_LEFT I_TURN_LEFT I_WALK I_TURN_LEFT I_TURN_LEFT I_WALK I_TURN_RIGHT I_RUN I_TURN_RIGHT I_RUN
jump opposite right thrice and walk twice	I_TURN_RIGHT I_TURN_RIGHT I_JUMP I_TURN_RIGHT I_TURN_RIGHT I_JUMP I_TURN_RIGHT I_TURN_RIGHT I_JUMP I_WALK I_WALK
turn opposite left twice after walk opposite left	I_TURN_LEFT I_TURN_LEFT I_WALK I_TURN_LEFT I_TURN_LEFT I_TURN_LEFT I_TURN_LEFT
look around left thrice and turn around left thrice	I_TURN_LEFT I_LOOK I_TURN_LEFT I_LOOK I_TURN_LEFT I_LOOK I_TURN_LEFT I_LOOK I_TURN_LEFT I_LOOK I_TURN_LEFT I_LOOK I_TURN_LEFT I_LOOK I_TURN_LEFT I_LOOK I_TURN_LEFT I_LOOK I_TURN_LEFT I_LOOK I_TURN_LEFT I_LOOK I_TURN_LEFT I_LOOK I_TURN_LEFT I_TURN_LEFT I_TURN_LEFT I_TURN_LEFT I_TURN_LEFT I_TURN_LEFT I_TURN_LEFT I_TURN_LEFT I_TURN_LEFT I_TURN_LEFT I_TURN_LEFT I_TURN_LEFT
turn right thrice and look right	I_TURN_RIGHT I_TURN_RIGHT I_TURN_RIGHT I_TURN_RIGHT I_LOOK
look twice and walk around left	I_LOOK I_LOOK I_TURN_LEFT I_WALK I_TURN_LEFT I_WALK I_TURN_LEFT I_WALK I_TURN_LEFT I_WALK
turn opposite right after run around left twice	I_TURN_LEFT I_RUN I_TURN_LEFT I_RUN I_TURN_LEFT I_RUN I_TURN_LEFT I_RUN I_TURN_LEFT I_RUN I_TURN_LEFT I_RUN I_TURN_LEFT I_RUN I_TURN_LEFT I_RUN I_TURN_RIGHT I_TURN_RIGHT
walk left twice after jump around right	I_TURN_RIGHT I_JUMP I_TURN_RIGHT I_JUMP I_TURN_RIGHT I_JUMP I_TURN_RIGHT I_JUMP I_TURN_LEFT I_WALK I_TURN_LEFT I_WALK
run left twice after run opposite left	I_TURN_LEFT I_TURN_LEFT I_RUN I_TURN_LEFT I_RUN I_TURN_LEFT I_RUN
look opposite left twice and jump around left twice	I_TURN_LEFT I_TURN_LEFT I_LOOK I_TURN_LEFT I_TURN_LEFT I_LOOK I_TURN_LEFT I_JUMP I_TURN_LEFT I_JUMP I_TURN_LEFT I_JUMP I_TURN_LEFT I_JUMP I_TURN_LEFT I_JUMP I_TURN_LEFT I_JUMP I_TURN_LEFT I_JUMP I_TURN_LEFT I_JUMP
walk around right twice after walk opposite left thrice	I_TURN_LEFT I_TURN_LEFT I_WALK I_TURN_LEFT I_TURN_LEFT I_WALK I_TURN_LEFT I_TURN_LEFT I_WALK I_TURN_RIGHT I_WALK I_TURN_RIGHT I_WALK I_TURN_RIGHT I_WALK I_TURN_RIGHT I_WALK I_TURN_RIGHT I_WALK I_TURN_RIGHT I_WALK I_TURN_RIGHT I_WALK I_TURN_RIGHT I_WALK
jump around right thrice and jump opposite left twice	I_TURN_RIGHT I_JUMP I_TURN_RIGHT I_JUMP I_TURN_RIGHT I_JUMP I_TURN_RIGHT I_JUMP I_TURN_RIGHT I_JUMP I_TURN_RIGHT I_JUMP I_TURN_RIGHT I_JUMP I_TURN_RIGHT I_JUMP I_TURN_RIGHT I_JUMP I_TURN_RIGHT I_JUMP I_TURN_RIGHT I_JUMP I_TURN_RIGHT I_JUMP I_TURN_LEFT I_TURN_LEFT I_JUMP I_TURN_LEFT I_TURN_LEFT I_JUMP
turn opposite left and look left thrice	I_TURN_LEFT I_TURN_LEFT I_TURN_LEFT I_LOOK I_TURN_LEFT I_LOOK I_TURN_LEFT I_LOOK
walk opposite right after jump left twice	I_TURN_LEFT I_JUMP I_TURN_LEFT I_JUMP I_TURN_RIGHT I_TURN_RIGHT I_WALK
run opposite right thrice after look opposite left	I_TURN_LEFT I_TURN_LEFT I_LOOK I_TURN_RIGHT I_TURN_RIGHT I_RUN I_TURN_RIGHT I_TURN_RIGHT I_RUN I_TURN_RIGHT I_TURN_RIGHT I_RUN
run right after walk opposite right	I_TURN_RIGHT I_TURN_RIGHT I_WALK I_TURN_RIGHT I_RUN
turn around right twice after look opposite left	I_TURN_LEFT I_TURN_LEFT I_LOOK I_TURN_RIGHT I_TURN_RIGHT I_TURN_RIGHT I_TURN_RIGHT I_TURN_RIGHT I_TURN_RIGHT I_TURN_RIGHT I_TURN_RIGHT
jump opposite left and run around left thrice	I_TURN_LEFT I_TURN_LEFT I_JUMP I_TURN_LEFT I_RUN I_TURN_LEFT I_RUN I_TURN_LEFT I_RUN I_TURN_LEFT I_RUN I_TURN_LEFT I_RUN I_TURN_LEFT I_RUN I_TURN_LEFT I_RUN I_TURN_LEFT I_RUN I_TURN_LEFT I_RUN I_TURN_LEFT I_RUN I_TURN_LEFT I_RUN I_TURN_LEFT I_RUN
turn around left after turn left	I_TURN_LEFT I_TURN_LEFT I_TURN_LEFT I_TURN_LEFT I_TURN_LEFT
jump opposite right twice and run right twice	I_TURN_RIGHT I_TURN_RIGHT I_JUMP I_TURN_RIGHT I_TURN_RIGHT I_JUMP I_TURN_RIGHT I_RUN I_TURN_RIGHT I_RUN
look opposite left twice after turn opposite left twice	I_TURN_LEFT I_TURN_LEFT I_TURN_LEFT I_TURN_LEFT I_TURN_LEFT I_TURN_LEFT I_LOOK I_TURN_LEFT I_TURN_LEFT I_LOOK
turn right thrice and jump around left	I_TURN_RIGHT I_TURN_RIGHT I_TURN_RIGHT I_TURN_LEFT I_JUMP I_TURN_LEFT I_JUMP I_TURN_LEFT I_JUMP I_TURN_LEFT I_JUMP
jump around right twice and walk left twice	I_TURN_RIGHT I_JUMP I_TURN_RIGHT I_JUMP I_TURN_RIGHT I_JUMP I_TURN_RIGHT I_JUMP I_TURN_RIGHT I_JUMP I_TURN_RIGHT I_JUMP I_TURN_RIGHT I_JUMP I_TURN_RIGHT I_JUMP I_TURN_LEFT I_WALK I_TURN_LEFT I_WALK
look left twice and look opposite left twice	I_TURN_LEFT I_LOOK I_TURN_LEFT I_LOOK I_TURN_LEFT I_TURN_LEFT I_LOOK I_TURN_LEFT I_TURN_LEFT I_LOOK
run around left twice after jump around right thrice	I_TURN_RIGHT I_JUMP I_TURN_RIGHT I_JUMP I_TURN_RIGHT I_JUMP I_TURN_RIGHT I_JUMP I_TURN_RIGHT I_JUMP I_TURN_RIGHT I_JUMP I_TURN_RIGHT I_JUMP I_TURN_RIGHT I_JUMP I_TURN_RIGHT I_JUMP I_TURN_RIGHT I_JUMP I_TURN_RIGHT I_JUMP I_TURN_RIGHT I_JUMP I_TURN_LEFT I_RUN I_TURN_LEFT I_RUN I_TURN_LEFT I_RUN I_TURN_LEFT I_RUN I_TURN_LEFT I_RUN I_TURN_LEFT I_RUN I_TURN_LEFT I_RUN I_TURN_LEFT I_RUN
run opposite left and jump opposite right thrice	I_TURN_LEFT I_TURN_LEFT I_RUN I_TURN_RIGHT I_TURN_RIGHT I_JUMP I_TURN_RIGHT I_TURN_RIGHT I_JUMP I_TURN_RIGHT I_TURN_RIGHT I_JUMP
turn right thrice after jump left twice	I_TURN_LEFT I_JUMP I_TURN_LEFT I_JUMP I_TURN_RIGHT I_TURN_RIGHT I_TURN_RIGHT
walk and walk opposite right	I_WALK I_TURN_RIGHT I_TURN_RIGHT I_WALK
jump opposite left twice and run opposite left thrice	I_TURN_LEFT I_TURN_LEFT I_JUMP I_TURN_LEFT I_TURN_LEFT I_JUMP I_TURN_LEFT I_TURN_LEFT I_RUN I_TURN_LEFT I_TURN_LEFT I_RUN I_TURN_LEFT I_TURN_LEFT I_RUN
jump around right twice and walk right thrice	I_TURN_RIGHT I_JUMP I_TURN_RIGHT I_JUMP I_TURN_RIGHT I_JUMP I_TURN_RIGHT I_JUMP I_TURN_RIGHT I_JUMP I_TURN_RIGHT I_JUMP I_TURN_RIGHT I_JUMP I_TURN_RIGHT I_JUMP I_TURN_RIGHT I_WALK I_TURN_RIGHT I_WALK I_TURN_RIGHT I_WALK
walk twice and jump around left twice	I_WALK I_WALK I_TURN_LEFT I_JUMP I_TURN_LEFT I_JUMP I_TURN_LEFT I_JUMP I_TURN_LEFT I_JUMP I_TURN_LEFT I_JUMP I_TURN_LEFT I_JUMP I_TURN_LEFT I_JUMP I_TURN_LEFT I_JUMP
walk right thrice after turn around right thrice	I_TURN_RIGHT I_TURN_RIGHT I_TURN_RIGHT I_TURN_RIGHT I_TURN_RIGHT I_TURN_RIGHT I_TURN_RIGHT I_TURN_RIGHT I_TURN_RIGHT I_TURN_RIGHT I_TURN_RIGHT I_TURN_RIGHT I_TURN_RIGHT I_WALK I_TURN_RIGHT I_WALK I_TURN_RIGHT I_WALK
jump left thrice and look left thrice	I_TURN_LEFT I_JUMP I_TURN_LEFT I_JUMP I_TURN_LEFT I_JUMP I_TURN_LEFT I_LOOK I_TURN_LEFT I_LOOK I_TURN_LEFT I_LOOK
look opposite right twice after run around left thrice	I_TURN_LEFT I_RUN I_TURN_LEFT I_RUN I_TURN_LEFT I_RUN I_TURN_LEFT I_RUN I_TURN_LEFT I_RUN I_TURN_LEFT I_RUN I_TURN_LEFT I_RUN I_TURN_LEFT I_RUN I_TURN_LEFT I_RUN I_TURN_LEFT I_RUN I_TURN_LEFT I_RUN I_TURN_LEFT I_RUN I_TURN_RIGHT I_TURN_RIGHT I_LOOK I_TURN_RIGHT I_TURN_RIGHT I_LOOK
jump right after walk right	I_TURN_RIGHT I_WALK I_TURN_RIGHT I_JUMP
walk around right twice and jump right twice	I_TURN_RIGHT I_WALK I_TURN_RIGHT I_WALK I_TURN_RIGHT I_WALK I_TURN_RIGHT I_WALK I_TURN_RIGHT I_WALK I_TURN_RIGHT I_WALK I_TURN_RIGHT I_WALK I_TURN_RIGHT I_WALK I_TURN_RIGHT I_JUMP I_TURN_RIGHT I_JUMP
jump around right twice and look left twice	I_TURN_RIGHT I_JUMP I_TURN_RIGHT I_JUMP I_TURN_RIGHT I_JUMP I_TURN_RIGHT I_JUMP I_TURN_RIGHT I_JUMP I_TURN_RIGHT I_JUMP I_TURN_RIGHT I_JUMP I_TURN_RIGHT I_JUMP I_TURN_LEFT I_LOOK I_TURN_LEFT I_LOOK
jump opposite left and run opposite right thrice	I_TURN_LEFT I_TURN_LEFT I_JUMP I_TURN_RIGHT I_TURN_RIGHT I_RUN I_TURN_RIGHT I_TURN_RIGHT I_RUN I_TURN_RIGHT I_TURN_RIGHT I_RUN
jump around right twice after jump right thrice	I_TURN_RIGHT I_JUMP I_TURN_RIGHT I_JUMP I_TURN_RIGHT I_JUMP I_TURN_RIGHT I_JUMP I_TURN_RIGHT I_JUMP I_TURN_RIGHT I_JUMP I_TURN_RIGHT I_JUMP I_TURN_RIGHT I_JUMP I_TURN_RIGHT I_JUMP I_TURN_RIGHT I_JUMP I_TURN_RIGHT I_JUMP
walk around right after jump right	I_TURN_RIGHT I_JUMP I_TURN_RIGHT I_WALK I_TURN_RIGHT I_WALK I_TURN_RIGHT I_WALK I_TURN_RIGHT I_WALK
jump opposite left and look opposite left twice	I_TURN_LEFT I_TURN_LEFT I_JUMP I_TURN_LEFT I_TURN_LEFT I_LOOK I_TURN_LEFT I_TURN_LEFT I_LOOK
turn right twice after look	I_LOOK I_TURN_RIGHT I_TURN_RIGHT
turn opposite right twice and walk right	I_TURN_RIGHT I_TURN_RIGHT I_TURN_RIGHT I_TURN_RIGHT I_TURN_RIGHT I_WALK
run right twice and walk twice	I_TURN_RIGHT I_RUN I_TURN_RIGHT I_RUN I_WALK I_WALK
run opposite left thrice and jump left twice	I_TURN_LEFT I_TURN_LEFT I_RUN I_TURN_LEFT I_TURN_LEFT I_RUN I_TURN_LEFT I_TURN_LEFT I_RUN I_TURN_LEFT I_JUMP I_TURN_LEFT I_JUMP
run around right and jump left	I_TURN_RIGHT I_RUN I_TURN_RIGHT I_RUN I_TURN_RIGHT I_RUN I_TURN_RIGHT I_RUN I_TURN_LEFT I_JUMP
run opposite left and walk thrice	I_TURN_LEFT I_TURN_LEFT I_RUN I_WALK I_WALK I_WALK
run right thrice after turn around left	I_TURN_LEFT I_TURN_LEFT I_TURN_LEFT I_TURN_LEFT I_TURN_RIGHT I_RUN I_TURN_RIGHT I_RUN I_TURN_RIGHT I_RUN
turn opposite right thrice and look right twice	I_TURN_RIGHT I_TURN_RIGHT I_TURN_RIGHT I_TURN_RIGHT I_TURN_RIGHT I_TURN_RIGHT I_TURN_RIGHT I_LOOK I_TURN_RIGHT I_LOOK
look left twice after look opposite right thrice	I_TURN_RIGHT I_TURN_RIGHT I_LOOK I_TURN_RIGHT I_TURN_RIGHT I_LOOK I_TURN_RIGHT I_TURN_RIGHT I_LOOK I_TURN_LEFT I_LOOK I_TURN_LEFT I_LOOK
jump opposite right and look left twice	I_TURN_RIGHT I_TURN_RIGHT I_JUMP I_TURN_LEFT I_LOOK I_TURN_LEFT I_LOOK
run around left twice after jump left	I_TURN_LEFT I_JUMP I_TURN_LEFT I_RUN I_TURN_LEFT I_RUN I_TURN_LEFT I_RUN I_TURN_LEFT I_RUN I_TURN_LEFT I_RUN I_TURN_LEFT I_RUN I_TURN_LEFT I_RUN I_TURN_LEFT I_RUN
look around right twice and walk opposite left	I_TURN_RIGHT I_LOOK I_TURN_RIGHT I_LOOK I_TURN_RIGHT I_LOOK I_TURN_RIGHT I_LOOK I_TURN_RIGHT I_LOOK I_TURN_RIGHT I_LOOK I_TURN_RIGHT I_LOOK I_TURN_RIGHT I_LOOK I_TURN_LEFT I_TURN_LEFT I_WALK
look right twice after look around left	I_TURN_LEFT I_LOOK I_TURN_LEFT I_LOOK I_TURN_LEFT I_LOOK I_TURN_LEFT I_LOOK I_TURN_RIGHT I_LOOK I_TURN_RIGHT I_LOOK
look thrice and turn around left thrice	I_LOOK I_LOOK I_LOOK I_TURN_LEFT I_TURN_LEFT I_TURN_LEFT I_TURN_LEFT I_TURN_LEFT I_TURN_LEFT I_TURN_LEFT I_TURN_LEFT I_TURN_LEFT I_TURN_LEFT I_TURN_LEFT I_TURN_LEFT
jump left thrice after look opposite left thrice	I_TURN_LEFT I_TURN_LEFT I_LOOK I_TURN_LEFT I_TURN_LEFT I_LOOK I_TURN_LEFT I_TURN_LEFT I_LOOK I_TURN_LEFT I_JUMP I_TURN_LEFT I_JUMP I_TURN_LEFT I_JUMP
walk thrice and turn right	I_WALK I_WALK I_WALK I_TURN_RIGHT
run opposite left and turn around right thrice	I_TURN_LEFT I_TURN_LEFT I_RUN I_TURN_RIGHT I_TURN_RIGHT I_TURN_RIGHT I_TURN_RIGHT I_TURN_RIGHT I_TURN_RIGHT I_TURN_RIGHT I_TURN_RIGHT I_TURN_RIGHT I_TURN_RIGHT I_TURN_RIGHT I_TURN_RIGHT
walk left and look left thrice	I_TURN_LEFT I_WALK I_TURN_LEFT I_LOOK I_TURN_LEFT I_LOOK I_TURN_LEFT I_LOOK
jump around left and look opposite left twice	I_TURN_LEFT I_JUMP I_TURN_LEFT I_JUMP I_TURN_LEFT I_JUMP I_TURN_LEFT I_JUMP I_TURN_LEFT I_TURN_LEFT I_LOOK I_TURN_LEFT I_TURN_LEFT I_LOOK
jump around left after jump right	I_TURN_RIGHT I_JUMP I_TURN_LEFT I_JUMP I_TURN_LEFT I_JUMP I_TURN_LEFT I_JUMP I_TURN_LEFT I_JUMP
look twice after run left thrice	I_TURN_LEFT I_RUN I_TURN_LEFT I_RUN I_TURN_LEFT I_RUN I_LOOK I_LOOK
look right thrice and look right thrice	I_TURN_RIGHT I_LOOK I_TURN_RIGHT I_LOOK I_TURN_RIGHT I_LOOK I_TURN_RIGHT I_LOOK I_TURN_RIGHT I_LOOK I_TURN_RIGHT I_LOOK
run opposite left and look right thrice	I_TURN_LEFT I_TURN_LEFT I_RUN I_TURN_RIGHT I_LOOK I_TURN_RIGHT I_LOOK I_TURN_RIGHT I_LOOK
look right twice and look left twice	I_TURN_RIGHT I_LOOK I_TURN_RIGHT I_LOOK I_TURN_LEFT I_LOOK I_TURN_LEFT I_LOOK
jump around left and run opposite right thrice	I_TURN_LEFT I_JUMP I_TURN_LEFT I_JUMP I_TURN_LEFT I_JUMP I_TURN_LEFT I_JUMP I_TURN_RIGHT I_TURN_RIGHT I_RUN I_TURN_RIGHT I_TURN_RIGHT I_RUN I_TURN_RIGHT I_TURN_RIGHT I_RUN
turn opposite left after walk opposite left	I_TURN_LEFT I_TURN_LEFT I_WALK I_TURN_LEFT I_TURN_LEFT
run opposite left twice and walk around left twice	I_TURN_LEFT I_TURN_LEFT I_RUN I_TURN_LEFT I_TURN_LEFT I_RUN I_TURN_LEFT I_WALK I_TURN_LEFT I_WALK I_TURN_LEFT I_WALK I_TURN_LEFT I_WALK I_TURN_LEFT I_WALK I_TURN_LEFT I_WALK I_TURN_LEFT I_WALK I_TURN_LEFT I_WALK
turn left and look left	I_TURN_LEFT I_TURN_LEFT I_LOOK
run opposite right twice and jump opposite left	I_TURN_RIGHT I_TURN_RIGHT I_RUN I_TURN_RIGHT I_TURN_RIGHT I_RUN I_TURN_LEFT I_TURN_LEFT I_JUMP
jump right and turn around right twice	I_TURN_RIGHT I_JUMP I_TURN_RIGHT I_TURN_RIGHT I_TURN_RIGHT I_TURN_RIGHT I_TURN_RIGHT I_TURN_RIGHT I_TURN_RIGHT I_TURN_RIGHT
turn around left and turn left thrice	I_TURN_LEFT I_TURN_LEFT I_TURN_LEFT I_TURN_LEFT I_TURN_LEFT I_TURN_LEFT I_TURN_LEFT
turn opposite right thrice and jump right thrice	I_TURN_RIGHT I_TURN_RIGHT I_TURN_RIGHT I_TURN_RIGHT I_TURN_RIGHT I_TURN_RIGHT I_TURN_RIGHT I_JUMP I_TURN_RIGHT I_JUMP I_TURN_RIGHT I_JUMP
jump left thrice and jump left twice	I_TURN_LEFT I_JUMP I_TURN_LEFT I_JUMP I_TURN_LEFT I_JUMP I_TURN_LEFT I_JUMP I_TURN_LEFT I_JUMP
jump opposite left twice after walk left	I_TURN_LEFT I_WALK I_TURN_LEFT I_TURN_LEFT I_JUMP I_TURN_LEFT I_TURN_LEFT I_JUMP
walk right and turn right thrice	I_TURN_RIGHT I_WALK I_TURN_RIGHT I_TURN_RIGHT I_TURN_RIGHT
turn opposite right and walk twice	I_TURN_RIGHT I_TURN_RIGHT I_WALK I_WALK
run around right twice and run opposite left thrice	I_TURN_RIGHT I_RUN I_TURN_RIGHT I_RUN I_TURN_RIGHT I_RUN I_TURN_RIGHT I_RUN I_TURN_RIGHT I_RUN I_TURN_RIGHT I_RUN I_TURN_RIGHT I_RUN I_TURN_RIGHT I_RUN I_TURN_LEFT I_TURN_LEFT I_RUN I_TURN_LEFT I_TURN_LEFT I_RUN I_TURN_LEFT I_TURN_LEFT I_RUN
look around left twice and walk left	I_TURN_LEFT I_LOOK I_TURN_LEFT I_LOOK I_TURN_LEFT I_LOOK I_TURN_LEFT I_LOOK I_TURN_LEFT I_LOOK I_TURN_LEFT I_LOOK I_TURN_LEFT I_LOOK I_TURN_LEFT I_LOOK I_TURN_LEFT I_WALK
turn around right twice after turn opposite right	I_TURN_RIGHT I_TURN_RIGHT I_TURN_RIGHT I_TURN_RIGHT I_TURN_RIGHT I_TURN_RIGHT I_TURN_RIGHT I_TURN_RIGHT I_TURN_RIGHT I_TURN_RIGHT
look right thrice and walk twice	I_TURN_RIGHT I_LOOK I_TURN_RIGHT I_LOOK I_TURN_RIGHT I_LOOK I_WALK I_WALK
run left thrice after turn around left twice	I_TURN_LEFT I_TURN_LEFT I_TURN_LEFT I_TURN_LEFT I_TURN_LEFT I_TURN_LEFT I_TURN_LEFT I_TURN_LEFT I_TURN_LEFT I_RUN I_TURN_LEFT I_RUN I_TURN_LEFT I_RUN
walk around right after turn left twice	I_TURN_LEFT I_TURN_LEFT I_TURN_RIGHT I_WALK I_TURN_RIGHT I_WALK I_TURN_RIGHT I_WALK I_TURN_RIGHT I_WALK
turn right and run opposite left twice	I_TURN_RIGHT I_TURN_LEFT I_TURN_LEFT I_RUN I_TURN_LEFT I_TURN_LEFT I_RUN
jump around left twice and walk opposite left twice	I_TURN_LEFT I_JUMP I_TURN_LEFT I_JUMP I_TURN_LEFT I_JUMP I_TURN_LEFT I_JUMP I_TURN_LEFT I_JUMP I_TURN_LEFT I_JUMP I_TURN_LEFT I_JUMP I_TURN_LEFT I_JUMP I_TURN_LEFT I_TURN_LEFT I_WALK I_TURN_LEFT I_TURN_LEFT I_WALK
look right thrice after turn around left thrice	I_TURN_LEFT I_TURN_LEFT I_TURN_LEFT I_TURN_LEFT I_TURN_LEFT I_TURN_LEFT I_TURN_LEFT I_TURN_LEFT I_TURN_LEFT I_TURN_LEFT I_TURN_LEFT I_TURN_LEFT I_TURN_RIGHT I_LOOK I_TURN_RIGHT I_LOOK I_TURN_RIGHT I_LOOK
jump around right twice and turn opposite right twice	I_TURN_RIGHT I_JUMP I_TURN_RIGHT I_JUMP I_TURN_RIGHT I_JUMP I_TURN_RIGHT I_JUMP I_TURN_RIGHT I_JUMP I_TURN_RIGHT I_JUMP I_TURN_RIGHT I_JUMP I_TURN_RIGHT I_JUMP I_TURN_RIGHT I_TURN_RIGHT I_TURN_RIGHT I_TURN_RIGHT
run opposite right twice and turn opposite right twice	I_TURN_RIGHT I_TURN_RIGHT I_RUN I_TURN_RIGHT I_TURN_RIGHT I_RUN I_TURN_RIGHT I_TURN_RIGHT I_TURN_RIGHT I_TURN_RIGHT
look thrice after jump right	I_TURN_RIGHT I_JUMP I_LOOK I_LOOK I_LOOK
turn opposite left after turn right	I_TURN_RIGHT I_TURN_LEFT I_TURN_LEFT
turn around left twice after walk opposite right	I_TURN_RIGHT I_TURN_RIGHT I_WALK I_TURN_LEFT I_TURN_LEFT I_TURN_LEFT I_TURN_LEFT I_TURN_LEFT I_TURN_LEFT I_TURN_LEFT I_TURN_LEFT
walk left thrice after jump thrice	I_JUMP I_JUMP I_JUMP I_TURN_LEFT I_WALK I_TURN_LEFT I_WALK I_TURN_LEFT I_WALK
look around left and walk twice	I_TURN_LEFT I_LOOK I_TURN_LEFT I_LOOK I_TURN_LEFT I_LOOK I_TURN_LEFT I_LOOK I_WALK I_WALK
jump after walk opposite right	I_TURN_RIGHT I_TURN_RIGHT I_WALK I_JUMP
run opposite left after look thrice	I_LOOK I_LOOK I_LOOK I_TURN_LEFT I_TURN_LEFT I_RUN
look right thrice and run around right thrice	I_TURN_RIGHT I_LOOK I_TURN_RIGHT I_LOOK I_TURN_RIGHT I_LOOK I_TURN_RIGHT I_RUN I_TURN_RIGHT I_RUN I_TURN_RIGHT I_RUN I_TURN_RIGHT I_RUN I_TURN_RIGHT I_RUN I_TURN_RIGHT I_RUN I_TURN_RIGHT I_RUN I_TURN_RIGHT I_RUN I_TURN_RIGHT I_RUN I_TURN_RIGHT I_RUN I_TURN_RIGHT I_RUN I_TURN_RIGHT I_RUN
walk opposite left and jump left thrice	I_TURN_LEFT I_TURN_LEFT I_WALK I_TURN_LEFT I_JUMP I_TURN_LEFT I_JUMP I_TURN_LEFT I_JUMP
turn left twice after jump opposite right	I_TURN_RIGHT I_TURN_RIGHT I_JUMP I_TURN_LEFT I_TURN_LEFT
jump thrice after turn right twice	I_TURN_RIGHT I_TURN_RIGHT I_JUMP I_JUMP I_JUMP
jump twice after walk opposite right twice	I_TURN_RIGHT I_TURN_RIGHT I_WALK I_TURN_RIGHT I_TURN_RIGHT I_WALK I_JUMP I_JUMP
run thrice after jump around left thrice	I_TURN_LEFT I_JUMP I_TURN_LEFT I_JUMP I_TURN_LEFT I_JUMP I_TURN_LEFT I_JUMP I_TURN_LEFT I_JUMP I_TURN_LEFT I_JUMP I_TURN_LEFT I_JUMP I_TURN_LEFT I_JUMP I_TURN_LEFT I_JUMP I_TURN_LEFT I_JUMP I_TURN_LEFT I_JUMP I_TURN_LEFT I_JUMP I_RUN I_RUN I_RUN
jump opposite right thrice and jump right thrice	I_TURN_RIGHT I_TURN_RIGHT I_JUMP I_TURN_RIGHT I_TURN_RIGHT I_JUMP I_TURN_RIGHT I_TURN_RIGHT I_JUMP I_TURN_RIGHT I_JUMP I_TURN_RIGHT I_JUMP I_TURN_RIGHT I_JUMP
jump left thrice after walk opposite left twice	I_TURN_LEFT I_TURN_LEFT I_WALK I_TURN_LEFT I_TURN_LEFT I_WALK I_TURN_LEFT I_JUMP I_TURN_LEFT I_JUMP I_TURN_LEFT I_JUMP
look opposite right and run right twice	I_TURN_RIGHT I_TURN_RIGHT I_LOOK I_TURN_RIGHT I_RUN I_TURN_RIGHT I_RUN
jump around right twice after run opposite right twice	I_TURN_RIGHT I_TURN_RIGHT I_RUN I_TURN_RIGHT I_TURN_RIGHT I_RUN I_TURN_RIGHT I_JUMP I_TURN_RIGHT I_JUMP I_TURN_RIGHT I_JUMP I_TURN_RIGHT I_JUMP I_TURN_RIGHT I_JUMP I_TURN_RIGHT I_JUMP I_TURN_RIGHT I_JUMP I_TURN_RIGHT I_JUMP
look opposite left and walk right twice	I_TURN_LEFT I_TURN_LEFT I_LOOK I_TURN_RIGHT I_WALK I_TURN_RIGHT I_WALK
walk after jump around left thrice	I_TURN_LEFT I_JUMP I_TURN_LEFT I_JUMP I_TURN_LEFT I_JUMP I_TURN_LEFT I_JUMP I_TURN_LEFT I_JUMP I_TURN_LEFT I_JUMP I_TURN_LEFT I_JUMP I_TURN_LEFT I_JUMP I_TURN_LEFT I_JUMP I_TURN_LEFT I_JUMP I_TURN_LEFT I_JUMP I_TURN_LEFT I_JUMP I_WALK
look around left and look around right thrice	I_TURN_LEFT I_LOOK I_TURN_LEFT I_LOOK I_TURN_LEFT I_LOOK I_TURN_LEFT I_LOOK I_TURN_RIGHT I_LOOK I_TURN_RIGHT I_LOOK I_TURN_RIGHT I_LOOK I_TURN_RIGHT I_LOOK I_TURN_RIGHT I_LOOK I_TURN_RIGHT I_LOOK I_TURN_RIGHT I_LOOK I_TURN_RIGHT I_LOOK I_TURN_RIGHT I_LOOK I_TURN_RIGHT I_LOOK I_TURN_RIGHT I_LOOK I_TURN_RIGHT I_LOOK
run right thrice after jump right thrice	I_TURN_RIGHT I_JUMP I_TURN_RIGHT I_JUMP I_TURN_RIGHT I_JUMP I_TURN_RIGHT I_RUN I_TURN_RIGHT I_RUN I_TURN_RIGHT I_RUN
jump around left after walk opposite right thrice	I_TURN_RIGHT I_TURN_RIGHT I_WALK I_TURN_RIGHT I_TURN_RIGHT I_WALK I_TURN_RIGHT I_TURN_RIGHT I_WALK I_TURN_LEFT I_JUMP I_TURN_LEFT I_JUMP I_TURN_LEFT I_JUMP I_TURN_LEFT I_JUMP
turn opposite left and turn around left	I_TURN_LEFT I_TURN_LEFT I_TURN_LEFT I_TURN_LEFT I_TURN_LEFT I_TURN_LEFT
look after run left	I_TURN_LEFT I_RUN I_LOOK
walk thrice after look	I_LOOK I_WALK I_WALK I_WALK
jump left twice after walk around left	I_TURN_LEFT I_WALK I_TURN_LEFT I_WALK I_TURN_LEFT I_WALK I_TURN_LEFT I_WALK I_TURN_LEFT I_JUMP I_TURN_LEFT I_JUMP
look around left thrice after walk	I_WALK I_TURN_LEFT I_LOOK I_TURN_LEFT I_LOOK I_TURN_LEFT I_LOOK I_TURN_LEFT I_LOOK I_TURN_LEFT I_LOOK I_TURN_LEFT I_LOOK I_TURN_LEFT I_LOOK I_TURN_LEFT I_LOOK I_TURN_LEFT I_LOOK I_TURN_LEFT I_LOOK I_TURN_LEFT I_LOOK I_TURN_LEFT I_LOOK
jump left twice after jump opposite right thrice	I_TURN_RIGHT I_TURN_RIGHT I_JUMP I_TURN_RIGHT I_TURN_RIGHT I_JUMP I_TURN_RIGHT I_TURN_RIGHT I_JUMP I_TURN_LEFT I_JUMP I_TURN_LEFT I_JUMP
run around right thrice after run left twice	I_TURN_LEFT I_RUN I_TURN_LEFT I_RUN I_TURN_RIGHT I_RUN I_TURN_RIGHT I_RUN I_TURN_RIGHT I_RUN I_TURN_RIGHT I_RUN I_TURN_RIGHT I_RUN I_TURN_RIGHT I_RUN I_TURN_RIGHT I_RUN I_TURN_RIGHT I_RUN I_TURN_RIGHT I_RUN I_TURN_RIGHT I_RUN I_TURN_RIGHT I_RUN I_TURN_RIGHT I_RUN
run opposite left twice after run opposite right thrice	I_TURN_RIGHT I_TURN_RIGHT I_RUN I_TURN_RIGHT I_TURN_RIGHT I_RUN I_TURN_RIGHT I_TURN_RIGHT I_RUN I_TURN_LEFT I_TURN_LEFT I_RUN I_TURN_LEFT I_TURN_LEFT I_RUN
walk around left thrice and walk left thrice	I_TURN_LEFT I_WALK I_TURN_LEFT I_WALK I_TURN_LEFT I_WALK I_TURN_LEFT I_WALK I_TURN_LEFT I_WALK I_TURN_LEFT I_WALK I_TURN_LEFT I_WALK I_TURN_LEFT I_WALK I_TURN_LEFT I_WALK I_TURN_LEFT I_WALK I_TURN_LEFT I_WALK I_TURN_LEFT I_WALK I_TURN_LEFT I_WALK I_TURN_LEFT I_WALK I_TURN_LEFT I_WALK
walk opposite left thrice and walk opposite right	I_TURN_LEFT I_TURN_LEFT I_WALK I_TURN_LEFT I_TURN_LEFT I_WALK I_TURN_LEFT I_TURN_LEFT I_WALK I_TURN_RIGHT I_TURN_RIGHT I_WALK
look left after run around left	I_TURN_LEFT I_RUN I_TURN_LEFT I_RUN I_TURN_LEFT I_RUN I_TURN_LEFT I_RUN I_TURN_LEFT I_LOOK
look opposite left thrice and walk left thrice	I_TURN_LEFT I_TURN_LEFT I_LOOK I_TURN_LEFT I_TURN_LEFT I_LOOK I_TURN_LEFT I_TURN_LEFT I_LOOK I_TURN_LEFT I_WALK I_TURN_LEFT I_WALK I_TURN_LEFT I_WALK
run around right after walk thrice	I_WALK I_WALK I_WALK I_TURN_RIGHT I_RUN I_TURN_RIGHT I_RUN I_TURN_RIGHT I_RUN I_TURN_RIGHT I_RUN
jump around left thrice after run right twice	I_TURN_RIGHT I_RUN I_TURN_RIGHT I_RUN I_TURN_LEFT I_JUMP I_TURN_LEFT I_JUMP I_TURN_LEFT I_JUMP I_TURN_LEFT I_JUMP I_TURN_LEFT I_JUMP I_TURN_LEFT I_JUMP I_TURN_LEFT I_JUMP I_TURN_LEFT I_JUMP I_TURN_LEFT I_JUMP I_TURN_LEFT I_JUMP I_TURN_LEFT I_JUMP I_TURN_LEFT I_JUMP
look thrice after run left thrice	I_TURN_LEFT I_RUN I_TURN_LEFT I_RUN I_TURN_LEFT I_RUN I_LOOK I_LOOK I_LOOK
jump right thrice and look thrice	I_TURN_RIGHT I_JUMP I_TURN_RIGHT I_JUMP I_TURN_RIGHT I_JUMP I_LOOK I_LOOK I_LOOK
jump around right thrice after turn around right thrice	I_TURN_RIGHT I_TURN_RIGHT I_TURN_RIGHT I_TURN_RIGHT I_TURN_RIGHT I_TURN_RIGHT I_TURN_RIGHT I_TURN_RIGHT I_TURN_RIGHT I_TURN_RIGHT I_TURN_RIGHT I_TURN_RIGHT I_TURN_RIGHT I_JUMP I_TURN_RIGHT I_JUMP I_TURN_RIGHT I_JUMP I_TURN_RIGHT I_JUMP I_TURN_RIGHT I_JUMP I_TURN_RIGHT I_JUMP I_TURN_RIGHT I_JUMP I_TURN_RIGHT I_JUMP I_TURN_RIGHT I_JUMP I_TURN_RIGHT I_JUMP I_TURN_RIGHT I_JUMP I_TURN_RIGHT I_JUMP
look twice and look around left thrice	I_LOOK I_LOOK I_TURN_LEFT I_LOOK I_TURN_LEFT I_LOOK I_TURN_LEFT I_LOOK I_TURN_LEFT I_LOOK I_TURN_LEFT I_LOOK I_TURN_LEFT I_LOOK I_TURN_LEFT I_LOOK I_TURN_LEFT I_LOOK I_TURN_LEFT I_LOOK I_TURN_LEFT I_LOOK I_TURN_LEFT I_LOOK I_TURN_LEFT I_LOOK
run opposite left thrice and run thrice	I_TURN_LEFT I_TURN_LEFT I_RUN I_TURN_LEFT I_TURN_LEFT I_RUN I_TURN_LEFT I_TURN_LEFT I_RUN I_RUN I_RUN I_RUN
walk around left thrice after look around right twice	I_TURN_RIGHT I_LOOK I_TURN_RIGHT I_LOOK I_TURN_RIGHT I_LOOK I_TURN_RIGHT I_LOOK I_TURN_RIGHT I_LOOK I_TURN_RIGHT I_LOOK I_TURN_RIGHT I_LOOK I_TURN_RIGHT I_LOOK I_TURN_LEFT I_WALK I_TURN_LEFT I_WALK I_TURN_LEFT I_WALK I_TURN_LEFT I_WALK I_TURN_LEFT I_WALK I_TURN_LEFT I_WALK I_TURN_LEFT I_WALK I_TURN_LEFT I_WALK I_TURN_LEFT I_WALK I_TURN_LEFT I_WALK I_TURN_LEFT I_WALK I_TURN_LEFT I_WALK
jump opposite right after walk around left thrice	I_TURN_LEFT I_WALK I_TURN_LEFT I_WALK I_TURN_LEFT I_WALK I_TURN_LEFT I_WALK I_TURN_LEFT I_WALK I_TURN_LEFT I_WALK I_TURN_LEFT I_WALK I_TURN_LEFT I_WALK I_TURN_LEFT I_WALK I_TURN_LEFT I_WALK I_TURN_LEFT I_WALK I_TURN_LEFT I_WALK I_TURN_RIGHT I_TURN_RIGHT I_JUMP
turn around right thrice after jump opposite right thrice	I_TURN_RIGHT I_TURN_RIGHT I_JUMP I_TURN_RIGHT I_TURN_RIGHT I_JUMP I_TURN_RIGHT I_TURN_RIGHT I_JUMP I_TURN_RIGHT I_TURN_RIGHT I_TURN_RIGHT I_TURN_RIGHT I_TURN_RIGHT I_TURN_RIGHT I_TURN_RIGHT I_TURN_RIGHT I_TURN_RIGHT I_TURN_RIGHT I_TURN_RIGHT I_TURN_RIGHT
walk around right thrice and jump thrice	I_TURN_RIGHT I_WALK I_TURN_RIGHT I_WALK I_TURN_RIGHT I_WALK I_TURN_RIGHT I_WALK I_TURN_RIGHT I_WALK I_TURN_RIGHT I_WALK I_TURN_RIGHT I_WALK I_TURN_RIGHT I_WALK I_TURN_RIGHT I_WALK I_TURN_RIGHT I_WALK I_TURN_RIGHT I_WALK I_TURN_RIGHT I_WALK I_JUMP I_JUMP I_JUMP
walk opposite right thrice after turn right	I_TURN_RIGHT I_TURN_RIGHT I_TURN_RIGHT I_WALK I_TURN_RIGHT I_TURN_RIGHT I_WALK I_TURN_RIGHT I_TURN_RIGHT I_WALK
walk opposite left after jump opposite left	I_TURN_LEFT I_TURN_LEFT I_JUMP I_TURN_LEFT I_TURN_LEFT I_WALK
run opposite left thrice after walk thrice	I_WALK I_WALK I_WALK I_TURN_LEFT I_TURN_LEFT I_RUN I_TURN_LEFT I_TURN_LEFT I_RUN I_TURN_LEFT I_TURN_LEFT I_RUN
look opposite left thrice and run right	I_TURN_LEFT I_TURN_LEFT I_LOOK I_TURN_LEFT I_TURN_LEFT I_LOOK I_TURN_LEFT I_TURN_LEFT I_LOOK I_TURN_RIGHT I_RUN
run around left and walk opposite right thrice	I_TURN_LEFT I_RUN I_TURN_LEFT I_RUN I_TURN_LEFT I_RUN I_TURN_LEFT I_RUN I_TURN_RIGHT I_TURN_RIGHT I_WALK I_TURN_RIGHT I_TURN_RIGHT I_WALK I_TURN_RIGHT I_TURN_RIGHT I_WALK
jump right thrice and walk twice	I_TURN_RIGHT I_JUMP I_TURN_RIGHT I_JUMP I_TURN_RIGHT I_JUMP I_WALK I_WALK
look around right and walk opposite right	I_TURN_RIGHT I_LOOK I_TURN_RIGHT I_LOOK I_TURN_RIGHT I_LOOK I_TURN_RIGHT I_LOOK I_TURN_RIGHT I_TURN_RIGHT I_WALK
run opposite left thrice and look left	I_TURN_LEFT I_TURN_LEFT I_RUN I_TURN_LEFT I_TURN_LEFT I_RUN I_TURN_LEFT I_TURN_LEFT I_RUN I_TURN_LEFT I_LOOK
turn right thrice and turn opposite right twice	I_TURN_RIGHT I_TURN_RIGHT I_TURN_RIGHT I_TURN_RIGHT I_TURN_RIGHT I_TURN_RIGHT I_TURN_RIGHT
jump right and walk around left thrice	I_TURN_RIGHT I_JUMP I_TURN_LEFT I_WALK I_TURN_LEFT I_WALK I_TURN_LEFT I_WALK I_TURN_LEFT I_WALK I_TURN_LEFT I_WALK I_TURN_LEFT I_WALK I_TURN_LEFT I_WALK I_TURN_LEFT I_WALK I_TURN_LEFT I_WALK I_TURN_LEFT I_WALK I_TURN_LEFT I_WALK I_TURN_LEFT I_WALK
look opposite right after turn opposite left	I_TURN_LEFT I_TURN_LEFT I_TURN_RIGHT I_TURN_RIGHT I_LOOK
turn opposite right thrice after run around left	I_TURN_LEFT I_RUN I_TURN_LEFT I_RUN I_TURN_LEFT I_RUN I_TURN_LEFT I_RUN I_TURN_RIGHT I_TURN_RIGHT I_TURN_RIGHT I_TURN_RIGHT I_TURN_RIGHT I_TURN_RIGHT
turn around right thrice and turn opposite right twice	I_TURN_RIGHT I_TURN_RIGHT I_TURN_RIGHT I_TURN_RIGHT I_TURN_RIGHT I_TURN_RIGHT I_TURN_RIGHT I_TURN_RIGHT I_TURN_RIGHT I_TURN_RIGHT I_TURN_RIGHT I_TURN_RIGHT I_TURN_RIGHT I_TURN_RIGHT I_TURN_RIGHT I_TURN_RIGHT
jump around right and run twice	I_TURN_RIGHT I_JUMP I_TURN_RIGHT I_JUMP I_TURN_RIGHT I_JUMP I_TURN_RIGHT I_JUMP I_RUN I_RUN
walk right and look around right twice	I_TURN_RIGHT I_WALK I_TURN_RIGHT I_LOOK I_TURN_RIGHT I_LOOK I_TURN_RIGHT I_LOOK I_TURN_RIGHT I_LOOK I_TURN_RIGHT I_LOOK I_TURN_RIGHT I_LOOK I_TURN_RIGHT I_LOOK I_TURN_RIGHT I_LOOK
look left twice and turn left thrice	I_TURN_LEFT I_LOOK I_TURN_LEFT I_LOOK I_TURN_LEFT I_TURN_LEFT I_TURN_LEFT
jump after jump around left	I_TURN_LEFT I_JUMP I_TURN_LEFT I_JUMP I_TURN_LEFT I_JUMP I_TURN_LEFT I_JUMP I_JUMP
jump right twice after jump right	I_TURN_RIGHT I_JUMP I_TURN_RIGHT I_JUMP I_TURN_RIGHT I_JUMP
walk opposite right and jump opposite right thrice	I_TURN_RIGHT I_TURN_RIGHT I_WALK I_TURN_RIGHT I_TURN_RIGHT I_JUMP I_TURN_RIGHT I_TURN_RIGHT I_JUMP I_TURN_RIGHT I_TURN_RIGHT I_JUMP
walk thrice and look around right thrice	I_WALK I_WALK I_WALK I_TURN_RIGHT I_LOOK I_TURN_RIGHT I_LOOK I_TURN_RIGHT I_LOOK I_TURN_RIGHT I_LOOK I_TURN_RIGHT I_LOOK I_TURN_RIGHT I_LOOK I_TURN_RIGHT I_LOOK I_TURN_RIGHT I_LOOK I_TURN_RIGHT I_LOOK I_TURN_RIGHT I_LOOK I_TURN_RIGHT I_LOOK I_TURN_RIGHT I_LOOK
walk thrice after turn left	I_TURN_LEFT I_WALK I_WALK I_WALK
jump around right thrice after walk around left twice	I_TURN_LEFT I_WALK I_TURN_LEFT I_WALK I_TURN_LEFT I_WALK I_TURN_LEFT I_WALK I_TURN_LEFT I_WALK I_TURN_LEFT I_WALK I_TURN_LEFT I_WALK I_TURN_LEFT I_WALK I_TURN_RIGHT I_JUMP I_TURN_RIGHT I_JUMP I_TURN_RIGHT I_JUMP I_TURN_RIGHT I_JUMP I_TURN_RIGHT I_JUMP I_TURN_RIGHT I_JUMP I_TURN_RIGHT I_JUMP I_TURN_RIGHT I_JUMP I_TURN_RIGHT I_JUMP I_TURN_RIGHT I_JUMP I_TURN_RIGHT I_JUMP I_TURN_RIGHT I_JUMP
run right after run right twice	I_TURN_RIGHT I_RUN I_TURN_RIGHT I_RUN I_TURN_RIGHT I_RUN
look opposite left twice and walk thrice	I_TURN_LEFT I_TURN_LEFT I_LOOK I_TURN_LEFT I_TURN_LEFT I_LOOK I_WALK I_WALK I_WALK
look thrice after jump opposite left twice	I_TURN_LEFT I_TURN_LEFT I_JUMP I_TURN_LEFT I_TURN_LEFT I_JUMP I_LOOK I_LOOK I_LOOK
jump around left twice and run opposite right thrice	I_TURN_LEFT I_JUMP I_TURN_LEFT I_JUMP I_TURN_LEFT I_JUMP I_TURN_LEFT I_JUMP I_TURN_LEFT I_JUMP I_TURN_LEFT I_JUMP I_TURN_LEFT I_JUMP I_TURN_LEFT I_JUMP I_TURN_RIGHT I_TURN_RIGHT I_RUN I_TURN_RIGHT I_TURN_RIGHT I_RUN I_TURN_RIGHT I_TURN_RIGHT I_RUN
jump opposite left after run	I_RUN I_TURN_LEFT I_TURN_LEFT I_JUMP
run around left thrice after turn right thrice	I_TURN_RIGHT I_TURN_RIGHT I_TURN_RIGHT I_TURN_LEFT I_RUN I_TURN_LEFT I_RUN I_TURN_LEFT I_RUN I_TURN_LEFT I_RUN I_TURN_LEFT I_RUN I_TURN_LEFT I_RUN I_TURN_LEFT I_RUN I_TURN_LEFT I_RUN I_TURN_LEFT I_RUN I_TURN_LEFT I_RUN I_TURN_LEFT I_RUN I_TURN_LEFT I_RUN
turn opposite left twice and turn opposite right	I_TURN_LEFT I_TURN_LEFT I_TURN_LEFT I_TURN_LEFT I_TURN_RIGHT I_TURN_RIGHT
jump right twice after run opposite right thrice	I_TURN_RIGHT I_TURN_RIGHT I_RUN I_TURN_RIGHT I_TURN_RIGHT I_RUN I_TURN_RIGHT I_TURN_RIGHT I_RUN I_TURN_RIGHT I_JUMP I_TURN_RIGHT I_JUMP
jump twice after look opposite right twice	I_TURN_RIGHT I_TURN_RIGHT I_LOOK I_TURN_RIGHT I_TURN_RIGHT I_LOOK I_JUMP I_JUMP
turn around right after look around left	I_TURN_LEFT I_LOOK I_TURN_LEFT I_LOOK I_TURN_LEFT I_LOOK I_TURN_LEFT I_LOOK I_TURN_RIGHT I_TURN_RIGHT I_TURN_RIGHT I_TURN_RIGHT
jump right twice after look opposite right	I_TURN_RIGHT I_TURN_RIGHT I_LOOK I_TURN_RIGHT I_JUMP I_TURN_RIGHT I_JUMP
look around left twice after look left twice	I_TURN_LEFT I_LOOK I_TURN_LEFT I_LOOK I_TURN_LEFT I_LOOK I_TURN_LEFT I_LOOK I_TURN_LEFT I_LOOK I_TURN_LEFT I_LOOK I_TURN_LEFT I_LOOK I_TURN_LEFT I_LOOK I_TURN_LEFT I_LOOK I_TURN_LEFT I_LOOK
jump opposite right thrice after run around left twice	I_TURN_LEFT I_RUN I_TURN_LEFT I_RUN I_TURN_LEFT I_RUN I_TURN_LEFT I_RUN I_TURN_LEFT I_RUN I_TURN_LEFT I_RUN I_TURN_LEFT I_RUN I_TURN_LEFT I_RUN I_TURN_RIGHT I_TURN_RIGHT I_JUMP I_TURN_RIGHT I_TURN_RIGHT I_JUMP I_TURN_RIGHT I_TURN_RIGHT I_JUMP
walk opposite left thrice after jump left	I_TURN_LEFT I_JUMP I_TURN_LEFT I_TURN_LEFT I_WALK I_TURN_LEFT I_TURN_LEFT I_WALK I_TURN_LEFT I_TURN_LEFT I_WALK
walk right after turn right thrice	I_TURN_RIGHT I_TURN_RIGHT I_TURN_RIGHT I_TURN_RIGHT I_WALK
walk opposite left thrice and run thrice	I_TURN_LEFT I_TURN_LEFT I_WALK I_TURN_LEFT I_TURN_LEFT I_WALK I_TURN_LEFT I_TURN_LEFT I_WALK I_RUN I_RUN I_RUN
walk right thrice after turn left twice	I_TURN_LEFT I_TURN_LEFT I_TURN_RIGHT I_WALK I_TURN_RIGHT I_WALK I_TURN_RIGHT I_WALK
jump left thrice and run right twice	I_TURN_LEFT I_JUMP I_TURN_LEFT I_JUMP I_TURN_LEFT I_JUMP I_TURN_RIGHT I_RUN I_TURN_RIGHT I_RUN
turn opposite left thrice and jump opposite left thrice	I_TURN_LEFT I_TURN_LEFT I_TURN_LEFT I_TURN_LEFT I_TURN_LEFT I_TURN_LEFT I_TURN_LEFT I_TURN_LEFT I_JUMP I_TURN_LEFT I_TURN_LEFT I_JUMP I_TURN_LEFT I_TURN_LEFT I_JUMP
turn right twice after walk around left thrice	I_TURN_LEFT I_WALK I_TURN_LEFT I_WALK I_TURN_LEFT I_WALK I_TURN_LEFT I_WALK I_TURN_LEFT I_WALK I_TURN_LEFT I_WALK I_TURN_LEFT I_WALK I_TURN_LEFT I_WALK I_TURN_LEFT I_WALK I_TURN_LEFT I_WALK I_TURN_LEFT I_WALK I_TURN_LEFT I_WALK I_TURN_RIGHT I_TURN_RIGHT
look around left after look around right twice	I_TURN_RIGHT I_LOOK I_TURN_RIGHT I_LOOK I_TURN_RIGHT I_LOOK I_TURN_RIGHT I_LOOK I_TURN_RIGHT I_LOOK I_TURN_RIGHT I_LOOK I_TURN_RIGHT I_LOOK I_TURN_RIGHT I_LOOK I_TURN_LEFT I_LOOK I_TURN_LEFT I_LOOK I_TURN_LEFT I_LOOK I_TURN_LEFT I_LOOK
run opposite right thrice after jump left	I_TURN_LEFT I_JUMP I_TURN_RIGHT I_TURN_RIGHT I_RUN I_TURN_RIGHT I_TURN_RIGHT I_RUN I_TURN_RIGHT I_TURN_RIGHT I_RUN
look around right thrice after run around left thrice	I_TURN_LEFT I_RUN I_TURN_LEFT I_RUN I_TURN_LEFT I_RUN I_TURN_LEFT I_RUN I_TURN_LEFT I_RUN I_TURN_LEFT I_RUN I_TURN_LEFT I_RUN I_TURN_LEFT I_RUN I_TURN_LEFT I_RUN I_TURN_LEFT I_RUN I_TURN_LEFT I_RUN I_TURN_LEFT I_RUN I_TURN_RIGHT I_LOOK I_TURN_RIGHT I_LOOK I_TURN_RIGHT I_LOOK I_TURN_RIGHT I_LOOK I_TURN_RIGHT I_LOOK I_TURN_RIGHT I_LOOK I_TURN_RIGHT I_LOOK I_TURN_RIGHT I_LOOK I_TURN_RIGHT I_LOOK I_TURN_RIGHT I_LOOK I_TURN_RIGHT I_LOOK I_TURN_RIGHT I_LOOK
look thrice after turn opposite right thrice	I_TURN_RIGHT I_TURN_RIGHT I_TURN_RIGHT I_TURN_RIGHT I_TURN_RIGHT I_TURN_RIGHT I_LOOK I_LOOK I_LOOK
run around left twice after run opposite left thrice	I_TURN_LEFT I_TURN_LEFT I_RUN I_TURN_LEFT I_TURN_LEFT I_RUN I_TURN_LEFT I_TURN_LEFT I_RUN I_TURN_LEFT I_RUN I_TURN_LEFT I_RUN I_TURN_LEFT I_RUN I_TURN_LEFT I_RUN I_TURN_LEFT I_RUN I_TURN_LEFT I_RUN I_TURN_LEFT I_RUN I_TURN_LEFT I_RUN
jump after run opposite right thrice	I_TURN_RIGHT I_TURN_RIGHT I_RUN I_TURN_RIGHT I_TURN_RIGHT I_RUN I_TURN_RIGHT I_TURN_RIGHT I_RUN I_JUMP
walk opposite right thrice and run right twice	I_TURN_RIGHT I_TURN_RIGHT I_WALK I_TURN_RIGHT I_TURN_RIGHT I_WALK I_TURN_RIGHT I_TURN_RIGHT I_WALK I_TURN_RIGHT I_RUN I_TURN_RIGHT I_RUN
jump and jump left twice	I_JUMP I_TURN_LEFT I_JUMP I_TURN_LEFT I_JUMP
jump thrice after jump left thrice	I_TURN_LEFT I_JUMP I_TURN_LEFT I_JUMP I_TURN_LEFT I_JUMP I_JUMP I_JUMP I_JUMP
jump opposite right after look left thrice	I_TURN_LEFT I_LOOK I_TURN_LEFT I_LOOK I_TURN_LEFT I_LOOK I_TURN_RIGHT I_TURN_RIGHT I_JUMP
look around left twice after run around right thrice	I_TURN_RIGHT I_RUN I_TURN_RIGHT I_RUN I_TURN_RIGHT I_RUN I_TURN_RIGHT I_RUN I_TURN_RIGHT I_RUN I_TURN_RIGHT I_RUN I_TURN_RIGHT I_RUN I_TURN_RIGHT I_RUN I_TURN_RIGHT I_RUN I_TURN_RIGHT I_RUN I_TURN_RIGHT I_RUN I_TURN_RIGHT I_RUN I_TURN_LEFT I_LOOK I_TURN_LEFT I_LOOK I_TURN_LEFT I_LOOK I_TURN_LEFT I_LOOK I_TURN_LEFT I_LOOK I_TURN_LEFT I_LOOK I_TURN_LEFT I_LOOK I_TURN_LEFT I_LOOK
run around right thrice after jump opposite left twice	I_TURN_LEFT I_TURN_LEFT I_JUMP I_TURN_LEFT I_TURN_LEFT I_JUMP I_TURN_RIGHT I_RUN I_TURN_RIGHT I_RUN I_TURN_RIGHT I_RUN I_TURN_RIGHT I_RUN I_TURN_RIGHT I_RUN I_TURN_RIGHT I_RUN I_TURN_RIGHT I_RUN I_TURN_RIGHT I_RUN I_TURN_RIGHT I_RUN I_TURN_RIGHT I_RUN I_TURN_RIGHT I_RUN I_TURN_RIGHT I_RUN
look around right thrice and run opposite left thrice	I_TURN_RIGHT I_LOOK I_TURN_RIGHT I_LOOK I_TURN_RIGHT I_LOOK I_TURN_RIGHT I_LOOK I_TURN_RIGHT I_LOOK I_TURN_RIGHT I_LOOK I_TURN_RIGHT I_LOOK I_TURN_RIGHT I_LOOK I_TURN_RIGHT I_LOOK I_TURN_RIGHT I_LOOK I_TURN_RIGHT I_LOOK I_TURN_RIGHT I_LOOK I_TURN_LEFT I_TURN_LEFT I_RUN I_TURN_LEFT I_TURN_LEFT I_RUN I_TURN_LEFT I_TURN_LEFT I_RUN
look left and jump right thrice	I_TURN_LEFT I_LOOK I_TURN_RIGHT I_JUMP I_TURN_RIGHT I_JUMP I_TURN_RIGHT I_JUMP
jump left after walk opposite left thrice	I_TURN_LEFT I_TURN_LEFT I_WALK I_TURN_LEFT I_TURN_LEFT I_WALK I_TURN_LEFT I_TURN_LEFT I_WALK I_TURN_LEFT I_JUMP
turn left twice and look around left	I_TURN_LEFT I_TURN_LEFT I_TURN_LEFT I_LOOK I_TURN_LEFT I_LOOK I_TURN_LEFT I_LOOK I_TURN_LEFT I_LOOK
jump around right after look left twice	I_TURN_LEFT I_LOOK I_TURN_LEFT I_LOOK I_TURN_RIGHT I_JUMP I_TURN_RIGHT I_JUMP I_TURN_RIGHT I_JUMP I_TURN_RIGHT I_JUMP
walk around left and run opposite left	I_TURN_LEFT I_WALK I_TURN_LEFT I_WALK I_TURN_LEFT I_WALK I_TURN_LEFT I_WALK I_TURN_LEFT I_TURN_LEFT I_RUN
run left after walk around left twice	I_TURN_LEFT I_WALK I_TURN_LEFT I_WALK I_TURN_LEFT I_WALK I_TURN_LEFT I_WALK I_TURN_LEFT I_WALK I_TURN_LEFT I_WALK I_TURN_LEFT I_WALK I_TURN_LEFT I_WALK I_TURN_LEFT I_RUN
jump and walk opposite left twice	I_JUMP I_TURN_LEFT I_TURN_LEFT I_WALK I_TURN_LEFT I_TURN_LEFT I_WALK
walk right twice after run right twice	I_TURN_RIGHT I_RUN I_TURN_RIGHT I_RUN I_TURN_RIGHT I_WALK I_TURN_RIGHT I_WALK
run left after walk around left thrice	I_TURN_LEFT I_WALK I_TURN_LEFT I_WALK I_TURN_LEFT I_WALK I_TURN_LEFT I_WALK I_TURN_LEFT I_WALK I_TURN_LEFT I_WALK I_TURN_LEFT I_WALK I_TURN_LEFT I_WALK I_TURN_LEFT I_WALK I_TURN_LEFT I_WALK I_TURN_LEFT I_WALK I_TURN_LEFT I_WALK I_TURN_LEFT I_RUN
walk left thrice and turn around left	I_TURN_LEFT I_WALK I_TURN_LEFT I_WALK I_TURN_LEFT I_WALK I_TURN_LEFT I_TURN_LEFT I_TURN_LEFT I_TURN_LEFT
jump and jump around right thrice	I_JUMP I_TURN_RIGHT I_JUMP I_TURN_RIGHT I_JUMP I_TURN_RIGHT I_JUMP I_TURN_RIGHT I_JUMP I_TURN_RIGHT I_JUMP I_TURN_RIGHT I_JUMP I_TURN_RIGHT I_JUMP I_TURN_RIGHT I_JUMP I_TURN_RIGHT I_JUMP I_TURN_RIGHT I_JUMP I_TURN_RIGHT I_JUMP I_TURN_RIGHT I_JUMP
jump around left twice and jump around right twice	I_TURN_LEFT I_JUMP I_TURN_LEFT I_JUMP I_TURN_LEFT I_JUMP I_TURN_LEFT I_JUMP I_TURN_LEFT I_JUMP I_TURN_LEFT I_JUMP I_TURN_LEFT I_JUMP I_TURN_LEFT I_JUMP I_TURN_RIGHT I_JUMP I_TURN_RIGHT I_JUMP I_TURN_RIGHT I_JUMP I_TURN_RIGHT I_JUMP I_TURN_RIGHT I_JUMP I_TURN_RIGHT I_JUMP I_TURN_RIGHT I_JUMP I_TURN_RIGHT I_JUMP
turn around right thrice and jump around right thrice	I_TURN_RIGHT I_TURN_RIGHT I_TURN_RIGHT I_TURN_RIGHT I_TURN_RIGHT I_TURN_RIGHT I_TURN_RIGHT I_TURN_RIGHT I_TURN_RIGHT I_TURN_RIGHT I_TURN_RIGHT I_TURN_RIGHT I_TURN_RIGHT I_JUMP I_TURN_RIGHT I_JUMP I_TURN_RIGHT I_JUMP I_TURN_RIGHT I_JUMP I_TURN_RIGHT I_JUMP I_TURN_RIGHT I_JUMP I_TURN_RIGHT I_JUMP I_TURN_RIGHT I_JUMP I_TURN_RIGHT I_JUMP I_TURN_RIGHT I_JUMP I_TURN_RIGHT I_JUMP I_TURN_RIGHT I_JUMP
turn left twice after run opposite right thrice	I_TURN_RIGHT I_TURN_RIGHT I_RUN I_TURN_RIGHT I_TURN_RIGHT I_RUN I_TURN_RIGHT I_TURN_RIGHT I_RUN I_TURN_LEFT I_TURN_LEFT
run left and walk twice	I_TURN_LEFT I_RUN I_WALK I_WALK
jump left thrice after jump opposite left twice	I_TURN_LEFT I_TURN_LEFT I_JUMP I_TURN_LEFT I_TURN_LEFT I_JUMP I_TURN_LEFT I_JUMP I_TURN_LEFT I_JUMP I_TURN_LEFT I_JUMP
walk thrice and walk around right twice	I_WALK I_WALK I_WALK I_TURN_RIGHT I_WALK I_TURN_RIGHT I_WALK I_TURN_RIGHT I_WALK I_TURN_RIGHT I_WALK I_TURN_RIGHT I_WALK I_TURN_RIGHT I_WALK I_TURN_RIGHT I_WALK I_TURN_RIGHT I_WALK
walk twice and run left twice	I_WALK I_WALK I_TURN_LEFT I_RUN I_TURN_LEFT I_RUN
look left thrice and run left twice	I_TURN_LEFT I_LOOK I_TURN_LEFT I_LOOK I_TURN_LEFT I_LOOK I_TURN_LEFT I_RUN I_TURN_LEFT I_RUN
run opposite left thrice and look right twice	I_TURN_LEFT I_TURN_LEFT I_RUN I_TURN_LEFT I_TURN_LEFT I_RUN I_TURN_LEFT I_TURN_LEFT I_RUN I_TURN_RIGHT I_LOOK I_TURN_RIGHT I_LOOK
jump right after look opposite right twice	I_TURN_RIGHT I_TURN_RIGHT I_LOOK I_TURN_RIGHT I_TURN_RIGHT I_LOOK I_TURN_RIGHT I_JUMP
jump around left twice after jump left twice	I_TURN_LEFT I_JUMP I_TURN_LEFT I_JUMP I_TURN_LEFT I_JUMP I_TURN_LEFT I_JUMP I_TURN_LEFT I_JUMP I_TURN_LEFT I_JUMP I_TURN_LEFT I_JUMP I_TURN_LEFT I_JUMP I_TURN_LEFT I_JUMP I_TURN_LEFT I_JUMP
jump opposite left twice after walk opposite left	I_TURN_LEFT I_TURN_LEFT I_WALK I_TURN_LEFT I_TURN_LEFT I_JUMP I_TURN_LEFT I_TURN_LEFT I_JUMP
walk around right and look opposite right twice	I_TURN_RIGHT I_WALK I_TURN_RIGHT I_WALK I_TURN_RIGHT I_WALK I_TURN_RIGHT I_WALK I_TURN_RIGHT I_TURN_RIGHT I_LOOK I_TURN_RIGHT I_TURN_RIGHT I_LOOK
run opposite left twice and look thrice	I_TURN_LEFT I_TURN_LEFT I_RUN I_TURN_LEFT I_TURN_LEFT I_RUN I_LOOK I_LOOK I_LOOK
walk opposite right thrice and turn around right	I_TURN_RIGHT I_TURN_RIGHT I_WALK I_TURN_RIGHT I_TURN_RIGHT I_WALK I_TURN_RIGHT I_TURN_RIGHT I_WALK I_TURN_RIGHT I_TURN_RIGHT I_TURN_RIGHT I_TURN_RIGHT
run opposite right after run opposite left	I_TURN_LEFT I_TURN_LEFT I_RUN I_TURN_RIGHT I_TURN_RIGHT I_RUN
jump left twice and run around left	I_TURN_LEFT I_JUMP I_TURN_LEFT I_JUMP I_TURN_LEFT I_RUN I_TURN_LEFT I_RUN I_TURN_LEFT I_RUN I_TURN_LEFT I_RUN
look and run around right	I_LOOK I_TURN_RIGHT I_RUN I_TURN_RIGHT I_RUN I_TURN_RIGHT I_RUN I_TURN_RIGHT I_RUN
jump around left twice and jump opposite right twice	I_TURN_LEFT I_JUMP I_TURN_LEFT I_JUMP I_TURN_LEFT I_JUMP I_TURN_LEFT I_JUMP I_TURN_LEFT I_JUMP I_TURN_LEFT I_JUMP I_TURN_LEFT I_JUMP I_TURN_LEFT I_JUMP I_TURN_RIGHT I_TURN_RIGHT I_JUMP I_TURN_RIGHT I_TURN_RIGHT I_JUMP
run opposite left twice	I_TURN_LEFT I_TURN_LEFT I_RUN I_TURN_LEFT I_TURN_LEFT I_RUN
run right thrice after walk right	I_TURN_RIGHT I_WALK I_TURN_RIGHT I_RUN I_TURN_RIGHT I_RUN I_TURN_RIGHT I_RUN
look around left thrice and walk thrice	I_TURN_LEFT I_LOOK I_TURN_LEFT I_LOOK I_TURN_LEFT I_LOOK I_TURN_LEFT I_LOOK I_TURN_LEFT I_LOOK I_TURN_LEFT I_LOOK I_TURN_LEFT I_LOOK I_TURN_LEFT I_LOOK I_TURN_LEFT I_LOOK I_TURN_LEFT I_LOOK I_TURN_LEFT I_LOOK I_TURN_LEFT I_LOOK I_WALK I_WALK I_WALK
run left after jump thrice	I_JUMP I_JUMP I_JUMP I_TURN_LEFT I_RUN
turn opposite left thrice after turn opposite right	I_TURN_RIGHT I_TURN_RIGHT I_TURN_LEFT I_TURN_LEFT I_TURN_LEFT I_TURN_LEFT I_TURN_LEFT I_TURN_LEFT
walk right twice after turn opposite left	I_TURN_LEFT I_TURN_LEFT I_TURN_RIGHT I_WALK I_TURN_RIGHT I_WALK
walk left thrice and look around left thrice	I_TURN_LEFT I_WALK I_TURN_LEFT I_WALK I_TURN_LEFT I_WALK I_TURN_LEFT I_LOOK I_TURN_LEFT I_LOOK I_TURN_LEFT I_LOOK I_TURN_LEFT I_LOOK I_TURN_LEFT I_LOOK I_TURN_LEFT I_LOOK I_TURN_LEFT I_LOOK I_TURN_LEFT I_LOOK I_TURN_LEFT I_LOOK I_TURN_LEFT I_LOOK I_TURN_LEFT I_LOOK I_TURN_LEFT I_LOOK
turn around right thrice and walk around left twice	I_TURN_RIGHT I_TURN_RIGHT I_TURN_RIGHT I_TURN_RIGHT I_TURN_RIGHT I_TURN_RIGHT I_TURN_RIGHT I_TURN_RIGHT I_TURN_RIGHT I_TURN_RIGHT I_TURN_RIGHT I_TURN_RIGHT I_TURN_LEFT I_WALK I_TURN_LEFT I_WALK I_TURN_LEFT I_WALK I_TURN_LEFT I_WALK I_TURN_LEFT I_WALK I_TURN_LEFT I_WALK I_TURN_LEFT I_WALK I_TURN_LEFT I_WALK
walk right thrice and walk	I_TURN_RIGHT I_WALK I_TURN_RIGHT I_WALK I_TURN_RIGHT I_WALK I_WALK
walk around left twice and run left	I_TURN_LEFT I_WALK I_TURN_LEFT I_WALK I_TURN_LEFT I_WALK I_TURN_LEFT I_WALK I_TURN_LEFT I_WALK I_TURN_LEFT I_WALK I_TURN_LEFT I_WALK I_TURN_LEFT I_WALK I_TURN_LEFT I_RUN
look right and jump right thrice	I_TURN_RIGHT I_LOOK I_TURN_RIGHT I_JUMP I_TURN_RIGHT I_JUMP I_TURN_RIGHT I_JUMP
run around right thrice after run opposite left thrice	I_TURN_LEFT I_TURN_LEFT I_RUN I_TURN_LEFT I_TURN_LEFT I_RUN I_TURN_LEFT I_TURN_LEFT I_RUN I_TURN_RIGHT I_RUN I_TURN_RIGHT I_RUN I_TURN_RIGHT I_RUN I_TURN_RIGHT I_RUN I_TURN_RIGHT I_RUN I_TURN_RIGHT I_RUN I_TURN_RIGHT I_RUN I_TURN_RIGHT I_RUN I_TURN_RIGHT I_RUN I_TURN_RIGHT I_RUN I_TURN_RIGHT I_RUN I_TURN_RIGHT I_RUN
run around left after look thrice	I_LOOK I_LOOK I_LOOK I_TURN_LEFT I_RUN I_TURN_LEFT I_RUN I_TURN_LEFT I_RUN I_TURN_LEFT I_RUN
jump right and jump around left twice	I_TURN_RIGHT I_JUMP I_TURN_LEFT I_JUMP I_TURN_LEFT I_JUMP I_TURN_LEFT I_JUMP I_TURN_LEFT I_JUMP I_TURN_LEFT I_JUMP I_TURN_LEFT I_JUMP I_TURN_LEFT I_JUMP I_TURN_LEFT I_JUMP
run around left and jump right twice	I_TURN_LEFT I_RUN I_TURN_LEFT I_RUN I_TURN_LEFT I_RUN I_TURN_LEFT I_RUN I_TURN_RIGHT I_JUMP I_TURN_RIGHT I_JUMP
look left after jump opposite right twice	I_TURN_RIGHT I_TURN_RIGHT I_JUMP I_TURN_RIGHT I_TURN_RIGHT I_JUMP I_TURN_LEFT I_LOOK
run thrice and jump right twice	I_RUN I_RUN I_RUN I_TURN_RIGHT I_JUMP I_TURN_RIGHT I_JUMP
run around left twice and walk around right twice	I_TURN_LEFT I_RUN I_TURN_LEFT I_RUN I_TURN_LEFT I_RUN I_TURN_LEFT I_RUN I_TURN_LEFT I_RUN I_TURN_LEFT I_RUN I_TURN_LEFT I_RUN I_TURN_LEFT I_RUN I_TURN_RIGHT I_WALK I_TURN_RIGHT I_WALK I_TURN_RIGHT I_WALK I_TURN_RIGHT I_WALK I_TURN_RIGHT I_WALK I_TURN_RIGHT I_WALK I_TURN_RIGHT I_WALK I_TURN_RIGHT I_WALK
run thrice and jump around right twice	I_RUN I_RUN I_RUN I_TURN_RIGHT I_JUMP I_TURN_RIGHT I_JUMP I_TURN_RIGHT I_JUMP I_TURN_RIGHT I_JUMP I_TURN_RIGHT I_JUMP I_TURN_RIGHT I_JUMP I_TURN_RIGHT I_JUMP I_TURN_RIGHT I_JUMP
turn opposite right and walk left thrice	I_TURN_RIGHT I_TURN_RIGHT I_TURN_LEFT I_WALK I_TURN_LEFT I_WALK I_TURN_LEFT I_WALK
walk twice after look thrice	I_LOOK I_LOOK I_LOOK I_WALK I_WALK
walk opposite left twice and run opposite right thrice	I_TURN_LEFT I_TURN_LEFT I_WALK I_TURN_LEFT I_TURN_LEFT I_WALK I_TURN_RIGHT I_TURN_RIGHT I_RUN I_TURN_RIGHT I_TURN_RIGHT I_RUN I_TURN_RIGHT I_TURN_RIGHT I_RUN
turn opposite left twice after look twice	I_LOOK I_LOOK I_TURN_LEFT I_TURN_LEFT I_TURN_LEFT I_TURN_LEFT
run around left and jump around right thrice	I_TURN_LEFT I_RUN I_TURN_LEFT I_RUN I_TURN_LEFT I_RUN I_TURN_LEFT I_RUN I_TURN_RIGHT I_JUMP I_TURN_RIGHT I_JUMP I_TURN_RIGHT I_JUMP I_TURN_RIGHT I_JUMP I_TURN_RIGHT I_JUMP I_TURN_RIGHT I_JUMP I_TURN_RIGHT I_JUMP I_TURN_RIGHT I_JUMP I_TURN_RIGHT I_JUMP I_TURN_RIGHT I_JUMP I_TURN_RIGHT I_JUMP I_TURN_RIGHT I_JUMP
jump around right thrice after jump around right	I_TURN_RIGHT I_JUMP I_TURN_RIGHT I_JUMP I_TURN_RIGHT I_JUMP I_TURN_RIGHT I_JUMP I_TURN_RIGHT I_JUMP I_TURN_RIGHT I_JUMP I_TURN_RIGHT I_JUMP I_TURN_RIGHT I_JUMP I_TURN_RIGHT I_JUMP I_TURN_RIGHT I_JUMP I_TURN_RIGHT I_JUMP I_TURN_RIGHT I_JUMP I_TURN_RIGHT I_JUMP I_TURN_RIGHT I_JUMP I_TURN_RIGHT I_JUMP I_TURN_RIGHT I_JUMP
walk opposite left after jump left twice	I_TURN_LEFT I_JUMP I_TURN_LEFT I_JUMP I_TURN_LEFT I_TURN_LEFT I_WALK
run around left after run opposite left	I_TURN_LEFT I_TURN_LEFT I_RUN I_TURN_LEFT I_RUN I_TURN_LEFT I_RUN I_TURN_LEFT I_RUN I_TURN_LEFT I_RUN
jump left thrice and look right	I_TURN_LEFT I_JUMP I_TURN_LEFT I_JUMP I_TURN_LEFT I_JUMP I_TURN_RIGHT I_LOOK
turn left and jump twice	I_TURN_LEFT I_JUMP I_JUMP
run left twice after run around left thrice	I_TURN_LEFT I_RUN I_TURN_LEFT I_RUN I_TURN_LEFT I_RUN I_TURN_LEFT I_RUN I_TURN_LEFT I_RUN I_TURN_LEFT I_RUN I_TURN_LEFT I_RUN I_TURN_LEFT I_RUN I_TURN_LEFT I_RUN I_TURN_LEFT I_RUN I_TURN_LEFT I_RUN I_TURN_LEFT I_RUN I_TURN_LEFT I_RUN I_TURN_LEFT I_RUN
look left and jump around right twice	I_TURN_LEFT I_LOOK I_TURN_RIGHT I_JUMP I_TURN_RIGHT I_JUMP I_TURN_RIGHT I_JUMP I_TURN_RIGHT I_JUMP I_TURN_RIGHT I_JUMP I_TURN_RIGHT I_JUMP I_TURN_RIGHT I_JUMP I_TURN_RIGHT I_JUMP
jump twice after turn right twice	I_TURN_RIGHT I_TURN_RIGHT I_JUMP I_JUMP
walk around left thrice and run around right	I_TURN_LEFT I_WALK I_TURN_LEFT I_WALK I_TURN_LEFT I_WALK I_TURN_LEFT I_WALK I_TURN_LEFT I_WALK I_TURN_LEFT I_WALK I_TURN_LEFT I_WALK I_TURN_LEFT I_WALK I_TURN_LEFT I_WALK I_TURN_LEFT I_WALK I_TURN_LEFT I_WALK I_TURN_LEFT I_WALK I_TURN_RIGHT I_RUN I_TURN_RIGHT I_RUN I_TURN_RIGHT I_RUN I_TURN_RIGHT I_RUN
walk opposite right thrice after run around right	I_TURN_RIGHT I_RUN I_TURN_RIGHT I_RUN I_TURN_RIGHT I_RUN I_TURN_RIGHT I_RUN I_TURN_RIGHT I_TURN_RIGHT I_WALK I_TURN_RIGHT I_TURN_RIGHT I_WALK I_TURN_RIGHT I_TURN_RIGHT I_WALK
walk around left twice after run left	I_TURN_LEFT I_RUN I_TURN_LEFT I_WALK I_TURN_LEFT I_WALK I_TURN_LEFT I_WALK I_TURN_LEFT I_WALK I_TURN_LEFT I_WALK I_TURN_LEFT I_WALK I_TURN_LEFT I_WALK I_TURN_LEFT I_WALK
walk around right thrice and look opposite left thrice	I_TURN_RIGHT I_WALK I_TURN_RIGHT I_WALK I_TURN_RIGHT I_WALK I_TURN_RIGHT I_WALK I_TURN_RIGHT I_WALK I_TURN_RIGHT I_WALK I_TURN_RIGHT I_WALK I_TURN_RIGHT I_WALK I_TURN_RIGHT I_WALK I_TURN_RIGHT I_WALK I_TURN_RIGHT I_WALK I_TURN_RIGHT I_WALK I_TURN_LEFT I_TURN_LEFT I_LOOK I_TURN_LEFT I_TURN_LEFT I_LOOK I_TURN_LEFT I_TURN_LEFT I_LOOK
run left twice after run opposite right thrice	I_TURN_RIGHT I_TURN_RIGHT I_RUN I_TURN_RIGHT I_TURN_RIGHT I_RUN I_TURN_RIGHT I_TURN_RIGHT I_RUN I_TURN_LEFT I_RUN I_TURN_LEFT I_RUN
jump twice after run around right twice	I_TURN_RIGHT I_RUN I_TURN_RIGHT I_RUN I_TURN_RIGHT I_RUN I_TURN_RIGHT I_RUN I_TURN_RIGHT I_RUN I_TURN_RIGHT I_RUN I_TURN_RIGHT I_RUN I_TURN_RIGHT I_RUN I_JUMP I_JUMP
look left after run left	I_TURN_LEFT I_RUN I_TURN_LEFT I_LOOK
jump around right and look around left	I_TURN_RIGHT I_JUMP I_TURN_RIGHT I_JUMP I_TURN_RIGHT I_JUMP I_TURN_RIGHT I_JUMP I_TURN_LEFT I_LOOK I_TURN_LEFT I_LOOK I_TURN_LEFT I_LOOK I_TURN_LEFT I_LOOK
turn around right thrice after turn left twice	I_TURN_LEFT I_TURN_LEFT I_TURN_RIGHT I_TURN_RIGHT I_TURN_RIGHT I_TURN_RIGHT I_TURN_RIGHT I_TURN_RIGHT I_TURN_RIGHT I_TURN_RIGHT I_TURN_RIGHT I_TURN_RIGHT I_TURN_RIGHT I_TURN_RIGHT
look right thrice after jump opposite left twice	I_TURN_LEFT I_TURN_LEFT I_JUMP I_TURN_LEFT I_TURN_LEFT I_JUMP I_TURN_RIGHT I_LOOK I_TURN_RIGHT I_LOOK I_TURN_RIGHT I_LOOK
walk right and jump around left	I_TURN_RIGHT I_WALK I_TURN_LEFT I_JUMP I_TURN_LEFT I_JUMP I_TURN_LEFT I_JUMP I_TURN_LEFT I_JUMP
walk opposite right and turn around right	I_TURN_RIGHT I_TURN_RIGHT I_WALK I_TURN_RIGHT I_TURN_RIGHT I_TURN_RIGHT I_TURN_RIGHT
walk around left twice after jump around left thrice	I_TURN_LEFT I_JUMP I_TURN_LEFT I_JUMP I_TURN_LEFT I_JUMP I_TURN_LEFT I_JUMP I_TURN_LEFT I_JUMP I_TURN_LEFT I_JUMP I_TURN_LEFT I_JUMP I_TURN_LEFT I_JUMP I_TURN_LEFT I_JUMP I_TURN_LEFT I_JUMP I_TURN_LEFT I_JUMP I_TURN_LEFT I_JUMP I_TURN_LEFT I_WALK I_TURN_LEFT I_WALK I_TURN_LEFT I_WALK I_TURN_LEFT I_WALK I_TURN_LEFT I_WALK I_TURN_LEFT I_WALK I_TURN_LEFT I_WALK I_TURN_LEFT I_WALK
look around right thrice and look opposite right thrice	I_TURN_RIGHT I_LOOK I_TURN_RIGHT I_LOOK I_TURN_RIGHT I_LOOK I_TURN_RIGHT I_LOOK I_TURN_RIGHT I_LOOK I_TURN_RIGHT I_LOOK I_TURN_RIGHT I_LOOK I_TURN_RIGHT I_LOOK I_TURN_RIGHT I_LOOK I_TURN_RIGHT I_LOOK I_TURN_RIGHT I_LOOK I_TURN_RIGHT I_LOOK I_TURN_RIGHT I_TURN_RIGHT I_LOOK I_TURN_RIGHT I_TURN_RIGHT I_LOOK I_TURN_RIGHT I_TURN_RIGHT I_LOOK
look opposite right twice and walk around right	I_TURN_RIGHT I_TURN_RIGHT I_LOOK I_TURN_RIGHT I_TURN_RIGHT I_LOOK I_TURN_RIGHT I_WALK I_TURN_RIGHT I_WALK I_TURN_RIGHT I_WALK I_TURN_RIGHT I_WALK
jump around right and run left	I_TURN_RIGHT I_JUMP I_TURN_RIGHT I_JUMP I_TURN_RIGHT I_JUMP I_TURN_RIGHT I_JUMP I_TURN_LEFT I_RUN
walk opposite left thrice after turn opposite right twice	I_TURN_RIGHT I_TURN_RIGHT I_TURN_RIGHT I_TURN_RIGHT I_TURN_LEFT I_TURN_LEFT I_WALK I_TURN_LEFT I_TURN_LEFT I_WALK I_TURN_LEFT I_TURN_LEFT I_WALK
jump and look around right	I_JUMP I_TURN_RIGHT I_LOOK I_TURN_RIGHT I_LOOK I_TURN_RIGHT I_LOOK I_TURN_RIGHT I_LOOK
run opposite right after run	I_RUN I_TURN_RIGHT I_TURN_RIGHT I_RUN
walk around left thrice after jump left twice	I_TURN_LEFT I_JUMP I_TURN_LEFT I_JUMP I_TURN_LEFT I_WALK I_TURN_LEFT I_WALK I_TURN_LEFT I_WALK I_TURN_LEFT I_WALK I_TURN_LEFT I_WALK I_TURN_LEFT I_WALK I_TURN_LEFT I_WALK I_TURN_LEFT I_WALK I_TURN_LEFT I_WALK I_TURN_LEFT I_WALK I_TURN_LEFT I_WALK I_TURN_LEFT I_WALK
run after run around left twice	I_TURN_LEFT I_RUN I_TURN_LEFT I_RUN I_TURN_LEFT I_RUN I_TURN_LEFT I_RUN I_TURN_LEFT I_RUN I_TURN_LEFT I_RUN I_TURN_LEFT I_RUN I_TURN_LEFT I_RUN I_RUN
look around right thrice after jump around left thrice	I_TURN_LEFT I_JUMP I_TURN_LEFT I_JUMP I_TURN_LEFT I_JUMP I_TURN_LEFT I_JUMP I_TURN_LEFT I_JUMP I_TURN_LEFT I_JUMP I_TURN_LEFT I_JUMP I_TURN_LEFT I_JUMP I_TURN_LEFT I_JUMP I_TURN_LEFT I_JUMP I_TURN_LEFT I_JUMP I_TURN_LEFT I_JUMP I_TURN_RIGHT I_LOOK I_TURN_RIGHT I_LOOK I_TURN_RIGHT I_LOOK I_TURN_RIGHT I_LOOK I_TURN_RIGHT I_LOOK I_TURN_RIGHT I_LOOK I_TURN_RIGHT I_LOOK I_TURN_RIGHT I_LOOK I_TURN_RIGHT I_LOOK I_TURN_RIGHT I_LOOK I_TURN_RIGHT I_LOOK I_TURN_RIGHT I_LOOK
run left and jump opposite left twice	I_TURN_LEFT I_RUN I_TURN_LEFT I_TURN_LEFT I_JUMP I_TURN_LEFT I_TURN_LEFT I_JUMP
run around right thrice after run around left thrice	I_TURN_LEFT I_RUN I_TURN_LEFT I_RUN I_TURN_LEFT I_RUN I_TURN_LEFT I_RUN I_TURN_LEFT I_RUN I_TURN_LEFT I_RUN I_TURN_LEFT I_RUN I_TURN_LEFT I_RUN I_TURN_LEFT I_RUN I_TURN_LEFT I_RUN I_TURN_LEFT I_RUN I_TURN_LEFT I_RUN I_TURN_RIGHT I_RUN I_TURN_RIGHT I_RUN I_TURN_RIGHT I_RUN I_TURN_RIGHT I_RUN I_TURN_RIGHT I_RUN I_TURN_RIGHT I_RUN I_TURN_RIGHT I_RUN I_TURN_RIGHT I_RUN I_TURN_RIGHT I_RUN I_TURN_RIGHT I_RUN I_TURN_RIGHT I_RUN I_TURN_RIGHT I_RUN
walk around right thrice and jump	I_TURN_RIGHT I_WALK I_TURN_RIGHT I_WALK I_TURN_RIGHT I_WALK I_TURN_RIGHT I_WALK I_TURN_RIGHT I_WALK I_TURN_RIGHT I_WALK I_TURN_RIGHT I_WALK I_TURN_RIGHT I_WALK I_TURN_RIGHT I_WALK I_TURN_RIGHT I_WALK I_TURN_RIGHT I_WALK I_TURN_RIGHT I_WALK I_JUMP
walk around left twice after turn left twice	I_TURN_LEFT I_TURN_LEFT I_TURN_LEFT I_WALK I_TURN_LEFT I_WALK I_TURN_LEFT I_WALK I_TURN_LEFT I_WALK I_TURN_LEFT I_WALK I_TURN_LEFT I_WALK I_TURN_LEFT I_WALK I_TURN_LEFT I_WALK
run around left twice and jump around left	I_TURN_LEFT I_RUN I_TURN_LEFT I_RUN I_TURN_LEFT I_RUN I_TURN_LEFT I_RUN I_TURN_LEFT I_RUN I_TURN_LEFT I_RUN I_TURN_LEFT I_RUN I_TURN_LEFT I_RUN I_TURN_LEFT I_JUMP I_TURN_LEFT I_JUMP I_TURN_LEFT I_JUMP I_TURN_LEFT I_JUMP
jump left thrice after turn right thrice	I_TURN_RIGHT I_TURN_RIGHT I_TURN_RIGHT I_TURN_LEFT I_JUMP I_TURN_LEFT I_JUMP I_TURN_LEFT I_JUMP
jump left thrice after look opposite right thrice	I_TURN_RIGHT I_TURN_RIGHT I_LOOK I_TURN_RIGHT I_TURN_RIGHT I_LOOK I_TURN_RIGHT I_TURN_RIGHT I_LOOK I_TURN_LEFT I_JUMP I_TURN_LEFT I_JUMP I_TURN_LEFT I_JUMP
turn left twice and jump right thrice	I_TURN_LEFT I_TURN_LEFT I_TURN_RIGHT I_JUMP I_TURN_RIGHT I_JUMP I_TURN_RIGHT I_JUMP
run around left thrice after run right	I_TURN_RIGHT I_RUN I_TURN_LEFT I_RUN I_TURN_LEFT I_RUN I_TURN_LEFT I_RUN I_TURN_LEFT I_RUN I_TURN_LEFT I_RUN I_TURN_LEFT I_RUN I_TURN_LEFT I_RUN I_TURN_LEFT I_RUN I_TURN_LEFT I_RUN I_TURN_LEFT I_RUN I_TURN_LEFT I_RUN I_TURN_LEFT I_RUN
look left and look right thrice	I_TURN_LEFT I_LOOK I_TURN_RIGHT I_LOOK I_TURN_RIGHT I_LOOK I_TURN_RIGHT I_LOOK
run opposite right after jump thrice	I_JUMP I_JUMP I_JUMP I_TURN_RIGHT I_TURN_RIGHT I_RUN
run after run right thrice	I_TURN_RIGHT I_RUN I_TURN_RIGHT I_RUN I_TURN_RIGHT I_RUN I_RUN
run around right twice after turn opposite left	I_TURN_LEFT I_TURN_LEFT I_TURN_RIGHT I_RUN I_TURN_RIGHT I_RUN I_TURN_RIGHT I_RUN I_TURN_RIGHT I_RUN I_TURN_RIGHT I_RUN I_TURN_RIGHT I_RUN I_TURN_RIGHT I_RUN I_TURN_RIGHT I_RUN
look right thrice and run around right	I_TURN_RIGHT I_LOOK I_TURN_RIGHT I_LOOK I_TURN_RIGHT I_LOOK I_TURN_RIGHT I_RUN I_TURN_RIGHT I_RUN I_TURN_RIGHT I_RUN I_TURN_RIGHT I_RUN
walk left and turn right	I_TURN_LEFT I_WALK I_TURN_RIGHT
walk left twice after jump left twice	I_TURN_LEFT I_JUMP I_TURN_LEFT I_JUMP I_TURN_LEFT I_WALK I_TURN_LEFT I_WALK
look opposite left thrice after walk thrice	I_WALK I_WALK I_WALK I_TURN_LEFT I_TURN_LEFT I_LOOK I_TURN_LEFT I_TURN_LEFT I_LOOK I_TURN_LEFT I_TURN_LEFT I_LOOK
turn opposite right after turn opposite left	I_TURN_LEFT I_TURN_LEFT I_TURN_RIGHT I_TURN_RIGHT
turn left and run left	I_TURN_LEFT I_TURN_LEFT I_RUN
walk opposite right twice after run around left	I_TURN_LEFT I_RUN I_TURN_LEFT I_RUN I_TURN_LEFT I_RUN I_TURN_LEFT I_RUN I_TURN_RIGHT I_TURN_RIGHT I_WALK I_TURN_RIGHT I_TURN_RIGHT I_WALK
walk opposite right after walk around left	I_TURN_LEFT I_WALK I_TURN_LEFT I_WALK I_TURN_LEFT I_WALK I_TURN_LEFT I_WALK I_TURN_RIGHT I_TURN_RIGHT I_WALK
turn right twice and run right twice	I_TURN_RIGHT I_TURN_RIGHT I_TURN_RIGHT I_RUN I_TURN_RIGHT I_RUN
jump twice after run twice	I_RUN I_RUN I_JUMP I_JUMP
walk left thrice and run left thrice	I_TURN_LEFT I_WALK I_TURN_LEFT I_WALK I_TURN_LEFT I_WALK I_TURN_LEFT I_RUN I_TURN_LEFT I_RUN I_TURN_LEFT I_RUN
look around left thrice after jump right thrice	I_TURN_RIGHT I_JUMP I_TURN_RIGHT I_JUMP I_TURN_RIGHT I_JUMP I_TURN_LEFT I_LOOK I_TURN_LEFT I_LOOK I_TURN_LEFT I_LOOK I_TURN_LEFT I_LOOK I_TURN_LEFT I_LOOK I_TURN_LEFT I_LOOK I_TURN_LEFT I_LOOK I_TURN_LEFT I_LOOK I_TURN_LEFT I_LOOK I_TURN_LEFT I_LOOK I_TURN_LEFT I_LOOK I_TURN_LEFT I_LOOK
run left twice after walk twice	I_WALK I_WALK I_TURN_LEFT I_RUN I_TURN_LEFT I_RUN
look right and look left	I_TURN_RIGHT I_LOOK I_TURN_LEFT I_LOOK
look twice and walk	I_LOOK I_LOOK I_WALK
turn left thrice and turn opposite left twice	I_TURN_LEFT I_TURN_LEFT I_TURN_LEFT I_TURN_LEFT I_TURN_LEFT I_TURN_LEFT I_TURN_LEFT
turn opposite left twice and jump around left thrice	I_TURN_LEFT I_TURN_LEFT I_TURN_LEFT I_TURN_LEFT I_TURN_LEFT I_JUMP I_TURN_LEFT I_JUMP I_TURN_LEFT I_JUMP I_TURN_LEFT I_JUMP I_TURN_LEFT I_JUMP I_TURN_LEFT I_JUMP I_TURN_LEFT I_JUMP I_TURN_LEFT I_JUMP I_TURN_LEFT I_JUMP I_TURN_LEFT I_JUMP I_TURN_LEFT I_JUMP I_TURN_LEFT I_JUMP
turn around right twice after jump right	I_TURN_RIGHT I_JUMP I_TURN_RIGHT I_TURN_RIGHT I_TURN_RIGHT I_TURN_RIGHT I_TURN_RIGHT I_TURN_RIGHT I_TURN_RIGHT I_TURN_RIGHT
look opposite left thrice after walk around right thrice	I_TURN_RIGHT I_WALK I_TURN_RIGHT I_WALK I_TURN_RIGHT I_WALK I_TURN_RIGHT I_WALK I_TURN_RIGHT I_WALK I_TURN_RIGHT I_WALK I_TURN_RIGHT I_WALK I_TURN_RIGHT I_WALK I_TURN_RIGHT I_WALK I_TURN_RIGHT I_WALK I_TURN_RIGHT I_WALK I_TURN_RIGHT I_WALK I_TURN_LEFT I_TURN_LEFT I_LOOK I_TURN_LEFT I_TURN_LEFT I_LOOK I_TURN_LEFT I_TURN_LEFT I_LOOK
turn around right twice and look around right thrice	I_TURN_RIGHT I_TURN_RIGHT I_TURN_RIGHT I_TURN_RIGHT I_TURN_RIGHT I_TURN_RIGHT I_TURN_RIGHT I_TURN_RIGHT I_TURN_RIGHT I_LOOK I_TURN_RIGHT I_LOOK I_TURN_RIGHT I_LOOK I_TURN_RIGHT I_LOOK I_TURN_RIGHT I_LOOK I_TURN_RIGHT I_LOOK I_TURN_RIGHT I_LOOK I_TURN_RIGHT I_LOOK I_TURN_RIGHT I_LOOK I_TURN_RIGHT I_LOOK I_TURN_RIGHT I_LOOK I_TURN_RIGHT I_LOOK
jump opposite left twice after run around left	I_TURN_LEFT I_RUN I_TURN_LEFT I_RUN I_TURN_LEFT I_RUN I_TURN_LEFT I_RUN I_TURN_LEFT I_TURN_LEFT I_JUMP I_TURN_LEFT I_TURN_LEFT I_JUMP
run left thrice and turn around left	I_TURN_LEFT I_RUN I_TURN_LEFT I_RUN I_TURN_LEFT I_RUN I_TURN_LEFT I_TURN_LEFT I_TURN_LEFT I_TURN_LEFT
run around left twice after run opposite left twice	I_TURN_LEFT I_TURN_LEFT I_RUN I_TURN_LEFT I_TURN_LEFT I_RUN I_TURN_LEFT I_RUN I_TURN_LEFT I_RUN I_TURN_LEFT I_RUN I_TURN_LEFT I_RUN I_TURN_LEFT I_RUN I_TURN_LEFT I_RUN I_TURN_LEFT I_RUN I_TURN_LEFT I_RUN
turn around right after walk around right thrice	I_TURN_RIGHT I_WALK I_TURN_RIGHT I_WALK I_TURN_RIGHT I_WALK I_TURN_RIGHT I_WALK I_TURN_RIGHT I_WALK I_TURN_RIGHT I_WALK I_TURN_RIGHT I_WALK I_TURN_RIGHT I_WALK I_TURN_RIGHT I_WALK I_TURN_RIGHT I_WALK I_TURN_RIGHT I_WALK I_TURN_RIGHT I_WALK I_TURN_RIGHT I_TURN_RIGHT I_TURN_RIGHT I_TURN_RIGHT
run around left thrice and turn around right thrice	I_TURN_LEFT I_RUN I_TURN_LEFT I_RUN I_TURN_LEFT I_RUN I_TURN_LEFT I_RUN I_TURN_LEFT I_RUN I_TURN_LEFT I_RUN I_TURN_LEFT I_RUN I_TURN_LEFT I_RUN I_TURN_LEFT I_RUN I_TURN_LEFT I_RUN I_TURN_LEFT I_RUN I_TURN_LEFT I_RUN I_TURN_RIGHT I_TURN_RIGHT I_TURN_RIGHT I_TURN_RIGHT I_TURN_RIGHT I_TURN_RIGHT I_TURN_RIGHT I_TURN_RIGHT I_TURN_RIGHT I_TURN_RIGHT I_TURN_RIGHT I_TURN_RIGHT
run opposite left thrice after jump opposite left twice	I_TURN_LEFT I_TURN_LEFT I_JUMP I_TURN_LEFT I_TURN_LEFT I_JUMP I_TURN_LEFT I_TURN_LEFT I_RUN I_TURN_LEFT I_TURN_LEFT I_RUN I_TURN_LEFT I_TURN_LEFT I_RUN
look twice after run right	I_TURN_RIGHT I_RUN I_LOOK I_LOOK
turn left after run opposite left	I_TURN_LEFT I_TURN_LEFT I_RUN I_TURN_LEFT
run right and jump around right twice	I_TURN_RIGHT I_RUN I_TURN_RIGHT I_JUMP I_TURN_RIGHT I_JUMP I_TURN_RIGHT I_JUMP I_TURN_RIGHT I_JUMP I_TURN_RIGHT I_JUMP I_TURN_RIGHT I_JUMP I_TURN_RIGHT I_JUMP I_TURN_RIGHT I_JUMP
jump around right thrice after walk opposite right twice	I_TURN_RIGHT I_TURN_RIGHT I_WALK I_TURN_RIGHT I_TURN_RIGHT I_WALK I_TURN_RIGHT I_JUMP I_TURN_RIGHT I_JUMP I_TURN_RIGHT I_JUMP I_TURN_RIGHT I_JUMP I_TURN_RIGHT I_JUMP I_TURN_RIGHT I_JUMP I_TURN_RIGHT I_JUMP I_TURN_RIGHT I_JUMP I_TURN_RIGHT I_JUMP I_TURN_RIGHT I_JUMP I_TURN_RIGHT I_JUMP I_TURN_RIGHT I_JUMP
run left and look opposite right thrice	I_TURN_LEFT I_RUN I_TURN_RIGHT I_TURN_RIGHT I_LOOK I_TURN_RIGHT I_TURN_RIGHT I_LOOK I_TURN_RIGHT I_TURN_RIGHT I_LOOK
walk twice and look left twice	I_WALK I_WALK I_TURN_LEFT I_LOOK I_TURN_LEFT I_LOOK
turn opposite right thrice and look opposite right twice	I_TURN_RIGHT I_TURN_RIGHT I_TURN_RIGHT I_TURN_RIGHT I_TURN_RIGHT I_TURN_RIGHT I_TURN_RIGHT I_TURN_RIGHT I_LOOK I_TURN_RIGHT I_TURN_RIGHT I_LOOK
walk after walk opposite right thrice	I_TURN_RIGHT I_TURN_RIGHT I_WALK I_TURN_RIGHT I_TURN_RIGHT I_WALK I_TURN_RIGHT I_TURN_RIGHT I_WALK I_WALK
walk right twice after run opposite right thrice	I_TURN_RIGHT I_TURN_RIGHT I_RUN I_TURN_RIGHT I_TURN_RIGHT I_RUN I_TURN_RIGHT I_TURN_RIGHT I_RUN I_TURN_RIGHT I_WALK I_TURN_RIGHT I_WALK
run opposite right twice after run opposite right thrice	I_TURN_RIGHT I_TURN_RIGHT I_RUN I_TURN_RIGHT I_TURN_RIGHT I_RUN I_TURN_RIGHT I_TURN_RIGHT I_RUN I_TURN_RIGHT I_TURN_RIGHT I_RUN I_TURN_RIGHT I_TURN_RIGHT I_RUN
walk opposite right and jump opposite left thrice	I_TURN_RIGHT I_TURN_RIGHT I_WALK I_TURN_LEFT I_TURN_LEFT I_JUMP I_TURN_LEFT I_TURN_LEFT I_JUMP I_TURN_LEFT I_TURN_LEFT I_JUMP
turn right twice and run right thrice	I_TURN_RIGHT I_TURN_RIGHT I_TURN_RIGHT I_RUN I_TURN_RIGHT I_RUN I_TURN_RIGHT I_RUN
run around right twice and run right thrice	I_TURN_RIGHT I_RUN I_TURN_RIGHT I_RUN I_TURN_RIGHT I_RUN I_TURN_RIGHT I_RUN I_TURN_RIGHT I_RUN I_TURN_RIGHT I_RUN I_TURN_RIGHT I_RUN I_TURN_RIGHT I_RUN I_TURN_RIGHT I_RUN I_TURN_RIGHT I_RUN I_TURN_RIGHT I_RUN
walk opposite left twice after walk around right twice	I_TURN_RIGHT I_WALK I_TURN_RIGHT I_WALK I_TURN_RIGHT I_WALK I_TURN_RIGHT I_WALK I_TURN_RIGHT I_WALK I_TURN_RIGHT I_WALK I_TURN_RIGHT I_WALK I_TURN_RIGHT I_WALK I_TURN_LEFT I_TURN_LEFT I_WALK I_TURN_LEFT I_TURN_LEFT I_WALK
look around left thrice and turn left thrice	I_TURN_LEFT I_LOOK I_TURN_LEFT I_LOOK I_TURN_LEFT I_LOOK I_TURN_LEFT I_LOOK I_TURN_LEFT I_LOOK I_TURN_LEFT I_LOOK I_TURN_LEFT I_LOOK I_TURN_LEFT I_LOOK I_TURN_LEFT I_LOOK I_TURN_LEFT I_LOOK I_TURN_LEFT I_LOOK I_TURN_LEFT I_LOOK I_TURN_LEFT I_TURN_LEFT I_TURN_LEFT
run around left twice after turn opposite right twice	I_TURN_RIGHT I_TURN_RIGHT I_TURN_RIGHT I_TURN_RIGHT I_TURN_LEFT I_RUN I_TURN_LEFT I_RUN I_TURN_LEFT I_RUN I_TURN_LEFT I_RUN I_TURN_LEFT I_RUN I_TURN_LEFT I_RUN I_TURN_LEFT I_RUN I_TURN_LEFT I_RUN
run around left thrice and turn around left thrice	I_TURN_LEFT I_RUN I_TURN_LEFT I_RUN I_TURN_LEFT I_RUN I_TURN_LEFT I_RUN I_TURN_LEFT I_RUN I_TURN_LEFT I_RUN I_TURN_LEFT I_RUN I_TURN_LEFT I_RUN I_TURN_LEFT I_RUN I_TURN_LEFT I_RUN I_TURN_LEFT I_RUN I_TURN_LEFT I_RUN I_TURN_LEFT I_TURN_LEFT I_TURN_LEFT I_TURN_LEFT I_TURN_LEFT I_TURN_LEFT I_TURN_LEFT I_TURN_LEFT I_TURN_LEFT I_TURN_LEFT I_TURN_LEFT I_TURN_LEFT
walk right thrice and look twice	I_TURN_RIGHT I_WALK I_TURN_RIGHT I_WALK I_TURN_RIGHT I_WALK I_LOOK I_LOOK
turn left thrice after jump opposite left twice	I_TURN_LEFT I_TURN_LEFT I_JUMP I_TURN_LEFT I_TURN_LEFT I_JUMP I_TURN_LEFT I_TURN_LEFT I_TURN_LEFT
look around left after run around right thrice	I_TURN_RIGHT I_RUN I_TURN_RIGHT I_RUN I_TURN_RIGHT I_RUN I_TURN_RIGHT I_RUN I_TURN_RIGHT I_RUN I_TURN_RIGHT I_RUN I_TURN_RIGHT I_RUN I_TURN_RIGHT I_RUN I_TURN_RIGHT I_RUN I_TURN_RIGHT I_RUN I_TURN_RIGHT I_RUN I_TURN_RIGHT I_RUN I_TURN_LEFT I_LOOK I_TURN_LEFT I_LOOK I_TURN_LEFT I_LOOK I_TURN_LEFT I_LOOK
look around right twice and walk around right	I_TURN_RIGHT I_LOOK I_TURN_RIGHT I_LOOK I_TURN_RIGHT I_LOOK I_TURN_RIGHT I_LOOK I_TURN_RIGHT I_LOOK I_TURN_RIGHT I_LOOK I_TURN_RIGHT I_LOOK I_TURN_RIGHT I_LOOK I_TURN_RIGHT I_WALK I_TURN_RIGHT I_WALK I_TURN_RIGHT I_WALK I_TURN_RIGHT I_WALK
look left and jump	I_TURN_LEFT I_LOOK I_JUMP
walk opposite left twice after walk	I_WALK I_TURN_LEFT I_TURN_LEFT I_WALK I_TURN_LEFT I_TURN_LEFT I_WALK
turn opposite right after look opposite right	I_TURN_RIGHT I_TURN_RIGHT I_LOOK I_TURN_RIGHT I_TURN_RIGHT
walk opposite left after turn right thrice	I_TURN_RIGHT I_TURN_RIGHT I_TURN_RIGHT I_TURN_LEFT I_TURN_LEFT I_WALK
run right thrice and look around left thrice	I_TURN_RIGHT I_RUN I_TURN_RIGHT I_RUN I_TURN_RIGHT I_RUN I_TURN_LEFT I_LOOK I_TURN_LEFT I_LOOK I_TURN_LEFT I_LOOK I_TURN_LEFT I_LOOK I_TURN_LEFT I_LOOK I_TURN_LEFT I_LOOK I_TURN_LEFT I_LOOK I_TURN_LEFT I_LOOK I_TURN_LEFT I_LOOK I_TURN_LEFT I_LOOK I_TURN_LEFT I_LOOK I_TURN_LEFT I_LOOK
turn opposite left thrice and turn left	I_TURN_LEFT I_TURN_LEFT I_TURN_LEFT I_TURN_LEFT I_TURN_LEFT I_TURN_LEFT I_TURN_LEFT
look thrice after walk left twice	I_TURN_LEFT I_WALK I_TURN_LEFT I_WALK I_LOOK I_LOOK I_LOOK
walk around left and jump around right	I_TURN_LEFT I_WALK I_TURN_LEFT I_WALK I_TURN_LEFT I_WALK I_TURN_LEFT I_WALK I_TURN_RIGHT I_JUMP I_TURN_RIGHT I_JUMP I_TURN_RIGHT I_JUMP I_TURN_RIGHT I_JUMP
jump opposite right and turn left thrice	I_TURN_RIGHT I_TURN_RIGHT I_JUMP I_TURN_LEFT I_TURN_LEFT I_TURN_LEFT
look opposite right twice after run left twice	I_TURN_LEFT I_RUN I_TURN_LEFT I_RUN I_TURN_RIGHT I_TURN_RIGHT I_LOOK I_TURN_RIGHT I_TURN_RIGHT I_LOOK
walk left after walk opposite left thrice	I_TURN_LEFT I_TURN_LEFT I_WALK I_TURN_LEFT I_TURN_LEFT I_WALK I_TURN_LEFT I_TURN_LEFT I_WALK I_TURN_LEFT I_WALK
turn around right after jump opposite right thrice	I_TURN_RIGHT I_TURN_RIGHT I_JUMP I_TURN_RIGHT I_TURN_RIGHT I_JUMP I_TURN_RIGHT I_TURN_RIGHT I_JUMP I_TURN_RIGHT I_TURN_RIGHT I_TURN_RIGHT I_TURN_RIGHT
look around right twice after look around right thrice	I_TURN_RIGHT I_LOOK I_TURN_RIGHT I_LOOK I_TURN_RIGHT I_LOOK I_TURN_RIGHT I_LOOK I_TURN_RIGHT I_LOOK I_TURN_RIGHT I_LOOK I_TURN_RIGHT I_LOOK I_TURN_RIGHT I_LOOK I_TURN_RIGHT I_LOOK I_TURN_RIGHT I_LOOK I_TURN_RIGHT I_LOOK I_TURN_RIGHT I_LOOK I_TURN_RIGHT I_LOOK I_TURN_RIGHT I_LOOK I_TURN_RIGHT I_LOOK I_TURN_RIGHT I_LOOK I_TURN_RIGHT I_LOOK I_TURN_RIGHT I_LOOK I_TURN_RIGHT I_LOOK I_TURN_RIGHT I_LOOK
jump around right thrice and turn opposite right	I_TURN_RIGHT I_JUMP I_TURN_RIGHT I_JUMP I_TURN_RIGHT I_JUMP I_TURN_RIGHT I_JUMP I_TURN_RIGHT I_JUMP I_TURN_RIGHT I_JUMP I_TURN_RIGHT I_JUMP I_TURN_RIGHT I_JUMP I_TURN_RIGHT I_JUMP I_TURN_RIGHT I_JUMP I_TURN_RIGHT I_JUMP I_TURN_RIGHT I_JUMP I_TURN_RIGHT I_TURN_RIGHT
look left after run right thrice	I_TURN_RIGHT I_RUN I_TURN_RIGHT I_RUN I_TURN_RIGHT I_RUN I_TURN_LEFT I_LOOK
look opposite left after walk right twice	I_TURN_RIGHT I_WALK I_TURN_RIGHT I_WALK I_TURN_LEFT I_TURN_LEFT I_LOOK
jump thrice after look around right	I_TURN_RIGHT I_LOOK I_TURN_RIGHT I_LOOK I_TURN_RIGHT I_LOOK I_TURN_RIGHT I_LOOK I_JUMP I_JUMP I_JUMP
look around right twice after walk left thrice	I_TURN_LEFT I_WALK I_TURN_LEFT I_WALK I_TURN_LEFT I_WALK I_TURN_RIGHT I_LOOK I_TURN_RIGHT I_LOOK I_TURN_RIGHT I_LOOK I_TURN_RIGHT I_LOOK I_TURN_RIGHT I_LOOK I_TURN_RIGHT I_LOOK I_TURN_RIGHT I_LOOK I_TURN_RIGHT I_LOOK
walk opposite right twice and walk opposite left	I_TURN_RIGHT I_TURN_RIGHT I_WALK I_TURN_RIGHT I_TURN_RIGHT I_WALK I_TURN_LEFT I_TURN_LEFT I_WALK
run opposite right twice after turn around left twice	I_TURN_LEFT I_TURN_LEFT I_TURN_LEFT I_TURN_LEFT I_TURN_LEFT I_TURN_LEFT I_TURN_LEFT I_TURN_LEFT I_TURN_RIGHT I_TURN_RIGHT I_RUN I_TURN_RIGHT I_TURN_RIGHT I_RUN
look right twice after walk around left thrice	I_TURN_LEFT I_WALK I_TURN_LEFT I_WALK I_TURN_LEFT I_WALK I_TURN_LEFT I_WALK I_TURN_LEFT I_WALK I_TURN_LEFT I_WALK I_TURN_LEFT I_WALK I_TURN_LEFT I_WALK I_TURN_LEFT I_WALK I_TURN_LEFT I_WALK I_TURN_LEFT I_WALK I_TURN_LEFT I_WALK I_TURN_RIGHT I_LOOK I_TURN_RIGHT I_LOOK
turn opposite right thrice and turn left	I_TURN_RIGHT I_TURN_RIGHT I_TURN_RIGHT I_TURN_RIGHT I_TURN_RIGHT I_TURN_RIGHT I_TURN_LEFT
jump opposite left after look right thrice	I_TURN_RIGHT I_LOOK I_TURN_RIGHT I_LOOK I_TURN_RIGHT I_LOOK I_TURN_LEFT I_TURN_LEFT I_JUMP
jump left thrice after jump around right thrice	I_TURN_RIGHT I_JUMP I_TURN_RIGHT I_JUMP I_TURN_RIGHT I_JUMP I_TURN_RIGHT I_JUMP I_TURN_RIGHT I_JUMP I_TURN_RIGHT I_JUMP I_TURN_RIGHT I_JUMP I_TURN_RIGHT I_JUMP I_TURN_RIGHT I_JUMP I_TURN_RIGHT I_JUMP I_TURN_RIGHT I_JUMP I_TURN_RIGHT I_JUMP I_TURN_LEFT I_JUMP I_TURN_LEFT I_JUMP I_TURN_LEFT I_JUMP
run opposite right twice after run right twice	I_TURN_RIGHT I_RUN I_TURN_RIGHT I_RUN I_TURN_RIGHT I_TURN_RIGHT I_RUN I_TURN_RIGHT I_TURN_RIGHT I_RUN
run right and walk opposite left	I_TURN_RIGHT I_RUN I_TURN_LEFT I_TURN_LEFT I_WALK
turn around left after turn right twice	I_TURN_RIGHT I_TURN_RIGHT I_TURN_LEFT I_TURN_LEFT I_TURN_LEFT I_TURN_LEFT
look left thrice and run around left twice	I_TURN_LEFT I_LOOK I_TURN_LEFT I_LOOK I_TURN_LEFT I_LOOK I_TURN_LEFT I_RUN I_TURN_LEFT I_RUN I_TURN_LEFT I_RUN I_TURN_LEFT I_RUN I_TURN_LEFT I_RUN I_TURN_LEFT I_RUN I_TURN_LEFT I_RUN I_TURN_LEFT I_RUN
jump twice after run left twice	I_TURN_LEFT I_RUN I_TURN_LEFT I_RUN I_JUMP I_JUMP
run right thrice and look left thrice	I_TURN_RIGHT I_RUN I_TURN_RIGHT I_RUN I_TURN_RIGHT I_RUN I_TURN_LEFT I_LOOK I_TURN_LEFT I_LOOK I_TURN_LEFT I_LOOK
walk left thrice and walk right	I_TURN_LEFT I_WALK I_TURN_LEFT I_WALK I_TURN_LEFT I_WALK I_TURN_RIGHT I_WALK
turn around left twice after run opposite right	I_TURN_RIGHT I_TURN_RIGHT I_RUN I_TURN_LEFT I_TURN_LEFT I_TURN_LEFT I_TURN_LEFT I_TURN_LEFT I_TURN_LEFT I_TURN_LEFT I_TURN_LEFT
walk thrice and jump opposite right	I_WALK I_WALK I_WALK I_TURN_RIGHT I_TURN_RIGHT I_JUMP
turn around left after turn opposite left thrice	I_TURN_LEFT I_TURN_LEFT I_TURN_LEFT I_TURN_LEFT I_TURN_LEFT I_TURN_LEFT I_TURN_LEFT I_TURN_LEFT I_TURN_LEFT I_TURN_LEFT
jump opposite right and jump opposite right thrice	I_TURN_RIGHT I_TURN_RIGHT I_JUMP I_TURN_RIGHT I_TURN_RIGHT I_JUMP I_TURN_RIGHT I_TURN_RIGHT I_JUMP I_TURN_RIGHT I_TURN_RIGHT I_JUMP
walk around left after jump opposite left twice	I_TURN_LEFT I_TURN_LEFT I_JUMP I_TURN_LEFT I_TURN_LEFT I_JUMP I_TURN_LEFT I_WALK I_TURN_LEFT I_WALK I_TURN_LEFT I_WALK I_TURN_LEFT I_WALK
walk opposite left thrice and jump around left	I_TURN_LEFT I_TURN_LEFT I_WALK I_TURN_LEFT I_TURN_LEFT I_WALK I_TURN_LEFT I_TURN_LEFT I_WALK I_TURN_LEFT I_JUMP I_TURN_LEFT I_JUMP I_TURN_LEFT I_JUMP I_TURN_LEFT I_JUMP
walk around right twice and jump around right	I_TURN_RIGHT I_WALK I_TURN_RIGHT I_WALK I_TURN_RIGHT I_WALK I_TURN_RIGHT I_WALK I_TURN_RIGHT I_WALK I_TURN_RIGHT I_WALK I_TURN_RIGHT I_WALK I_TURN_RIGHT I_WALK I_TURN_RIGHT I_JUMP I_TURN_RIGHT I_JUMP I_TURN_RIGHT I_JUMP I_TURN_RIGHT I_JUMP
walk thrice and turn opposite right twice	I_WALK I_WALK I_WALK I_TURN_RIGHT I_TURN_RIGHT I_TURN_RIGHT I_TURN_RIGHT
jump right thrice and jump right thrice	I_TURN_RIGHT I_JUMP I_TURN_RIGHT I_JUMP I_TURN_RIGHT I_JUMP I_TURN_RIGHT I_JUMP I_TURN_RIGHT I_JUMP I_TURN_RIGHT I_JUMP
run around left and walk opposite right	I_TURN_LEFT I_RUN I_TURN_LEFT I_RUN I_TURN_LEFT I_RUN I_TURN_LEFT I_RUN I_TURN_RIGHT I_TURN_RIGHT I_WALK
look opposite right thrice after turn left twice	I_TURN_LEFT I_TURN_LEFT I_TURN_RIGHT I_TURN_RIGHT I_LOOK I_TURN_RIGHT I_TURN_RIGHT I_LOOK I_TURN_RIGHT I_TURN_RIGHT I_LOOK
look around right and turn around right	I_TURN_RIGHT I_LOOK I_TURN_RIGHT I_LOOK I_TURN_RIGHT I_LOOK I_TURN_RIGHT I_LOOK I_TURN_RIGHT I_TURN_RIGHT I_TURN_RIGHT I_TURN_RIGHT
walk around left after run opposite left thrice	I_TURN_LEFT I_TURN_LEFT I_RUN I_TURN_LEFT I_TURN_LEFT I_RUN I_TURN_LEFT I_TURN_LEFT I_RUN I_TURN_LEFT I_WALK I_TURN_LEFT I_WALK I_TURN_LEFT I_WALK I_TURN_LEFT I_WALK
walk around right thrice after walk right thrice	I_TURN_RIGHT I_WALK I_TURN_RIGHT I_WALK I_TURN_RIGHT I_WALK I_TURN_RIGHT I_WALK I_TURN_RIGHT I_WALK I_TURN_RIGHT I_WALK I_TURN_RIGHT I_WALK I_TURN_RIGHT I_WALK I_TURN_RIGHT I_WALK I_TURN_RIGHT I_WALK I_TURN_RIGHT I_WALK I_TURN_RIGHT I_WALK I_TURN_RIGHT I_WALK I_TURN_RIGHT I_WALK I_TURN_RIGHT I_WALK
run after look twice	I_LOOK I_LOOK I_RUN
run opposite left thrice after turn right	I_TURN_RIGHT I_TURN_LEFT I_TURN_LEFT I_RUN I_TURN_LEFT I_TURN_LEFT I_RUN I_TURN_LEFT I_TURN_LEFT I_RUN
run around right thrice and turn around right thrice	I_TURN_RIGHT I_RUN I_TURN_RIGHT I_RUN I_TURN_RIGHT I_RUN I_TURN_RIGHT I_RUN I_TURN_RIGHT I_RUN I_TURN_RIGHT I_RUN I_TURN_RIGHT I_RUN I_TURN_RIGHT I_RUN I_TURN_RIGHT I_RUN I_TURN_RIGHT I_RUN I_TURN_RIGHT I_RUN I_TURN_RIGHT I_RUN I_TURN_RIGHT I_TURN_RIGHT I_TURN_RIGHT I_TURN_RIGHT I_TURN_RIGHT I_TURN_RIGHT I_TURN_RIGHT I_TURN_RIGHT I_TURN_RIGHT I_TURN_RIGHT I_TURN_RIGHT I_TURN_RIGHT
look around left and run thrice	I_TURN_LEFT I_LOOK I_TURN_LEFT I_LOOK I_TURN_LEFT I_LOOK I_TURN_LEFT I_LOOK I_RUN I_RUN I_RUN
jump opposite left after walk opposite left thrice	I_TURN_LEFT I_TURN_LEFT I_WALK I_TURN_LEFT I_TURN_LEFT I_WALK I_TURN_LEFT I_TURN_LEFT I_WALK I_TURN_LEFT I_TURN_LEFT I_JUMP
look left thrice and look right twice	I_TURN_LEFT I_LOOK I_TURN_LEFT I_LOOK I_TURN_LEFT I_LOOK I_TURN_RIGHT I_LOOK I_TURN_RIGHT I_LOOK
run around left after walk opposite left	I_TURN_LEFT I_TURN_LEFT I_WALK I_TURN_LEFT I_RUN I_TURN_LEFT I_RUN I_TURN_LEFT I_RUN I_TURN_LEFT I_RUN
turn left after look right twice	I_TURN_RIGHT I_LOOK I_TURN_RIGHT I_LOOK I_TURN_LEFT
look opposite left thrice and turn right twice	I_TURN_LEFT I_TURN_LEFT I_LOOK I_TURN_LEFT I_TURN_LEFT I_LOOK I_TURN_LEFT I_TURN_LEFT I_LOOK I_TURN_RIGHT I_TURN_RIGHT
jump around left twice and jump around left	I_TURN_LEFT I_JUMP I_TURN_LEFT I_JUMP I_TURN_LEFT I_JUMP I_TURN_LEFT I_JUMP I_TURN_LEFT I_JUMP I_TURN_LEFT I_JUMP I_TURN_LEFT I_JUMP I_TURN_LEFT I_JUMP I_TURN_LEFT I_JUMP I_TURN_LEFT I_JUMP I_TURN_LEFT I_JUMP I_TURN_LEFT I_JUMP
look around right thrice and turn opposite left thrice	I_TURN_RIGHT I_LOOK I_TURN_RIGHT I_LOOK I_TURN_RIGHT I_LOOK I_TURN_RIGHT I_LOOK I_TURN_RIGHT I_LOOK I_TURN_RIGHT I_LOOK I_TURN_RIGHT I_LOOK I_TURN_RIGHT I_LOOK I_TURN_RIGHT I_LOOK I_TURN_RIGHT I_LOOK I_TURN_RIGHT I_LOOK I_TURN_RIGHT I_LOOK I_TURN_LEFT I_TURN_LEFT I_TURN_LEFT I_TURN_LEFT I_TURN_LEFT I_TURN_LEFT
turn around right and jump around left twice	I_TURN_RIGHT I_TURN_RIGHT I_TURN_RIGHT I_TURN_RIGHT I_TURN_LEFT I_JUMP I_TURN_LEFT I_JUMP I_TURN_LEFT I_JUMP I_TURN_LEFT I_JUMP I_TURN_LEFT I_JUMP I_TURN_LEFT I_JUMP I_TURN_LEFT I_JUMP I_TURN_LEFT I_JUMP
look opposite right and run opposite left	I_TURN_RIGHT I_TURN_RIGHT I_LOOK I_TURN_LEFT I_TURN_LEFT I_RUN
turn right and walk around right	I_TURN_RIGHT I_TURN_RIGHT I_WALK I_TURN_RIGHT I_WALK I_TURN_RIGHT I_WALK I_TURN_RIGHT I_WALK
run right after turn opposite left thrice	I_TURN_LEFT I_TURN_LEFT I_TURN_LEFT I_TURN_LEFT I_TURN_LEFT I_TURN_LEFT I_TURN_RIGHT I_RUN
run right thrice after run opposite left thrice	I_TURN_LEFT I_TURN_LEFT I_RUN I_TURN_LEFT I_TURN_LEFT I_RUN I_TURN_LEFT I_TURN_LEFT I_RUN I_TURN_RIGHT I_RUN I_TURN_RIGHT I_RUN I_TURN_RIGHT I_RUN
jump left and run	I_TURN_LEFT I_JUMP I_RUN
look right thrice after turn around right	I_TURN_RIGHT I_TURN_RIGHT I_TURN_RIGHT I_TURN_RIGHT I_TURN_RIGHT I_LOOK I_TURN_RIGHT I_LOOK I_TURN_RIGHT I_LOOK
run around right and jump around left twice	I_TURN_RIGHT I_RUN I_TURN_RIGHT I_RUN I_TURN_RIGHT I_RUN I_TURN_RIGHT I_RUN I_TURN_LEFT I_JUMP I_TURN_LEFT I_JUMP I_TURN_LEFT I_JUMP I_TURN_LEFT I_JUMP I_TURN_LEFT I_JUMP I_TURN_LEFT I_JUMP I_TURN_LEFT I_JUMP I_TURN_LEFT I_JUMP
jump left thrice and jump right thrice	I_TURN_LEFT I_JUMP I_TURN_LEFT I_JUMP I_TURN_LEFT I_JUMP I_TURN_RIGHT I_JUMP I_TURN_RIGHT I_JUMP I_TURN_RIGHT I_JUMP
look opposite right thrice and walk opposite left thrice	I_TURN_RIGHT I_TURN_RIGHT I_LOOK I_TURN_RIGHT I_TURN_RIGHT I_LOOK I_TURN_RIGHT I_TURN_RIGHT I_LOOK I_TURN_LEFT I_TURN_LEFT I_WALK I_TURN_LEFT I_TURN_LEFT I_WALK I_TURN_LEFT I_TURN_LEFT I_WALK
look around right twice and look right	I_TURN_RIGHT I_LOOK I_TURN_RIGHT I_LOOK I_TURN_RIGHT I_LOOK I_TURN_RIGHT I_LOOK I_TURN_RIGHT I_LOOK I_TURN_RIGHT I_LOOK I_TURN_RIGHT I_LOOK I_TURN_RIGHT I_LOOK I_TURN_RIGHT I_LOOK
walk around right twice and look right	I_TURN_RIGHT I_WALK I_TURN_RIGHT I_WALK I_TURN_RIGHT I_WALK I_TURN_RIGHT I_WALK I_TURN_RIGHT I_WALK I_TURN_RIGHT I_WALK I_TURN_RIGHT I_WALK I_TURN_RIGHT I_WALK I_TURN_RIGHT I_LOOK
run thrice after run opposite left twice	I_TURN_LEFT I_TURN_LEFT I_RUN I_TURN_LEFT I_TURN_LEFT I_RUN I_RUN I_RUN I_RUN
turn left thrice after run left	I_TURN_LEFT I_RUN I_TURN_LEFT I_TURN_LEFT I_TURN_LEFT
run around right thrice and turn right twice	I_TURN_RIGHT I_RUN I_TURN_RIGHT I_RUN I_TURN_RIGHT I_RUN I_TURN_RIGHT I_RUN I_TURN_RIGHT I_RUN I_TURN_RIGHT I_RUN I_TURN_RIGHT I_RUN I_TURN_RIGHT I_RUN I_TURN_RIGHT I_RUN I_TURN_RIGHT I_RUN I_TURN_RIGHT I_RUN I_TURN_RIGHT I_RUN I_TURN_RIGHT I_TURN_RIGHT
walk around left after run around right thrice	I_TURN_RIGHT I_RUN I_TURN_RIGHT I_RUN I_TURN_RIGHT I_RUN I_TURN_RIGHT I_RUN I_TURN_RIGHT I_RUN I_TURN_RIGHT I_RUN I_TURN_RIGHT I_RUN I_TURN_RIGHT I_RUN I_TURN_RIGHT I_RUN I_TURN_RIGHT I_RUN I_TURN_RIGHT I_RUN I_TURN_RIGHT I_RUN I_TURN_LEFT I_WALK I_TURN_LEFT I_WALK I_TURN_LEFT I_WALK I_TURN_LEFT I_WALK
run left thrice and look	I_TURN_LEFT I_RUN I_TURN_LEFT I_RUN I_TURN_LEFT I_RUN I_LOOK
turn opposite right twice and walk	I_TURN_RIGHT I_TURN_RIGHT I_TURN_RIGHT I_TURN_RIGHT I_WALK
run right thrice after jump twice	I_JUMP I_JUMP I_TURN_RIGHT I_RUN I_TURN_RIGHT I_RUN I_TURN_RIGHT I_RUN
jump left thrice after turn opposite right	I_TURN_RIGHT I_TURN_RIGHT I_TURN_LEFT I_JUMP I_TURN_LEFT I_JUMP I_TURN_LEFT I_JUMP
jump around right after run right	I_TURN_RIGHT I_RUN I_TURN_RIGHT I_JUMP I_TURN_RIGHT I_JUMP I_TURN_RIGHT I_JUMP I_TURN_RIGHT I_JUMP
look twice after look thrice	I_LOOK I_LOOK I_LOOK I_LOOK I_LOOK
walk left twice after walk right twice	I_TURN_RIGHT I_WALK I_TURN_RIGHT I_WALK I_TURN_LEFT I_WALK I_TURN_LEFT I_WALK
walk and run around left	I_WALK I_TURN_LEFT I_RUN I_TURN_LEFT I_RUN I_TURN_LEFT I_RUN I_TURN_LEFT I_RUN
look right after run opposite left	I_TURN_LEFT I_TURN_LEFT I_RUN I_TURN_RIGHT I_LOOK
turn opposite right and jump left	I_TURN_RIGHT I_TURN_RIGHT I_TURN_LEFT I_JUMP
look right thrice and walk left	I_TURN_RIGHT I_LOOK I_TURN_RIGHT I_LOOK I_TURN_RIGHT I_LOOK I_TURN_LEFT I_WALK
turn right thrice and look opposite right thrice	I_TURN_RIGHT I_TURN_RIGHT I_TURN_RIGHT I_TURN_RIGHT I_TURN_RIGHT I_LOOK I_TURN_RIGHT I_TURN_RIGHT I_LOOK I_TURN_RIGHT I_TURN_RIGHT I_LOOK
walk left twice and look right	I_TURN_LEFT I_WALK I_TURN_LEFT I_WALK I_TURN_RIGHT I_LOOK
walk after run opposite left thrice	I_TURN_LEFT I_TURN_LEFT I_RUN I_TURN_LEFT I_TURN_LEFT I_RUN I_TURN_LEFT I_TURN_LEFT I_RUN I_WALK
run right twice after turn around right	I_TURN_RIGHT I_TURN_RIGHT I_TURN_RIGHT I_TURN_RIGHT I_TURN_RIGHT I_RUN I_TURN_RIGHT I_RUN
look opposite left twice after turn around left twice	I_TURN_LEFT I_TURN_LEFT I_TURN_LEFT I_TURN_LEFT I_TURN_LEFT I_TURN_LEFT I_TURN_LEFT I_TURN_LEFT I_TURN_LEFT I_TURN_LEFT I_LOOK I_TURN_LEFT I_TURN_LEFT I_LOOK
jump right and jump left twice	I_TURN_RIGHT I_JUMP I_TURN_LEFT I_JUMP I_TURN_LEFT I_JUMP
walk left and jump right	I_TURN_LEFT I_WALK I_TURN_RIGHT I_JUMP
run left thrice and jump around left twice	I_TURN_LEFT I_RUN I_TURN_LEFT I_RUN I_TURN_LEFT I_RUN I_TURN_LEFT I_JUMP I_TURN_LEFT I_JUMP I_TURN_LEFT I_JUMP I_TURN_LEFT I_JUMP I_TURN_LEFT I_JUMP I_TURN_LEFT I_JUMP I_TURN_LEFT I_JUMP I_TURN_LEFT I_JUMP
walk twice after turn around left	I_TURN_LEFT I_TURN_LEFT I_TURN_LEFT I_TURN_LEFT I_WALK I_WALK
run right twice	I_TURN_RIGHT I_RUN I_TURN_RIGHT I_RUN
turn right thrice and run twice	I_TURN_RIGHT I_TURN_RIGHT I_TURN_RIGHT I_RUN I_RUN
jump right and look around right	I_TURN_RIGHT I_JUMP I_TURN_RIGHT I_LOOK I_TURN_RIGHT I_LOOK I_TURN_RIGHT I_LOOK I_TURN_RIGHT I_LOOK
walk opposite right twice and run opposite right thrice	I_TURN_RIGHT I_TURN_RIGHT I_WALK I_TURN_RIGHT I_TURN_RIGHT I_WALK I_TURN_RIGHT I_TURN_RIGHT I_RUN I_TURN_RIGHT I_TURN_RIGHT I_RUN I_TURN_RIGHT I_TURN_RIGHT I_RUN
jump twice and jump opposite left twice	I_JUMP I_JUMP I_TURN_LEFT I_TURN_LEFT I_JUMP I_TURN_LEFT I_TURN_LEFT I_JUMP
run right thrice after run left	I_TURN_LEFT I_RUN I_TURN_RIGHT I_RUN I_TURN_RIGHT I_RUN I_TURN_RIGHT I_RUN
jump opposite left twice after look right	I_TURN_RIGHT I_LOOK I_TURN_LEFT I_TURN_LEFT I_JUMP I_TURN_LEFT I_TURN_LEFT I_JUMP
run right twice and run twice	I_TURN_RIGHT I_RUN I_TURN_RIGHT I_RUN I_RUN I_RUN
run opposite left twice and turn around right thrice	I_TURN_LEFT I_TURN_LEFT I_RUN I_TURN_LEFT I_TURN_LEFT I_RUN I_TURN_RIGHT I_TURN_RIGHT I_TURN_RIGHT I_TURN_RIGHT I_TURN_RIGHT I_TURN_RIGHT I_TURN_RIGHT I_TURN_RIGHT I_TURN_RIGHT I_TURN_RIGHT I_TURN_RIGHT I_TURN_RIGHT
jump left twice and walk thrice	I_TURN_LEFT I_JUMP I_TURN_LEFT I_JUMP I_WALK I_WALK I_WALK
jump around right twice	I_TURN_RIGHT I_JUMP I_TURN_RIGHT I_JUMP I_TURN_RIGHT I_JUMP I_TURN_RIGHT I_JUMP I_TURN_RIGHT I_JUMP I_TURN_RIGHT I_JUMP I_TURN_RIGHT I_JUMP I_TURN_RIGHT I_JUMP
turn opposite right thrice and jump around right twice	I_TURN_RIGHT I_TURN_RIGHT I_TURN_RIGHT I_TURN_RIGHT I_TURN_RIGHT I_TURN_RIGHT I_TURN_RIGHT I_JUMP I_TURN_RIGHT I_JUMP I_TURN_RIGHT I_JUMP I_TURN_RIGHT I_JUMP I_TURN_RIGHT I_JUMP I_TURN_RIGHT I_JUMP I_TURN_RIGHT I_JUMP I_TURN_RIGHT I_JUMP
walk around right thrice and turn opposite right twice	I_TURN_RIGHT I_WALK I_TURN_RIGHT I_WALK I_TURN_RIGHT I_WALK I_TURN_RIGHT I_WALK I_TURN_RIGHT I_WALK I_TURN_RIGHT I_WALK I_TURN_RIGHT I_WALK I_TURN_RIGHT I_WALK I_TURN_RIGHT I_WALK I_TURN_RIGHT I_WALK I_TURN_RIGHT I_WALK I_TURN_RIGHT I_WALK I_TURN_RIGHT I_TURN_RIGHT I_TURN_RIGHT I_TURN_RIGHT
run right thrice after look thrice	I_LOOK I_LOOK I_LOOK I_TURN_RIGHT I_RUN I_TURN_RIGHT I_RUN I_TURN_RIGHT I_RUN
look opposite left twice and run opposite right thrice	I_TURN_LEFT I_TURN_LEFT I_LOOK I_TURN_LEFT I_TURN_LEFT I_LOOK I_TURN_RIGHT I_TURN_RIGHT I_RUN I_TURN_RIGHT I_TURN_RIGHT I_RUN I_TURN_RIGHT I_TURN_RIGHT I_RUN
jump around left thrice after turn opposite right thrice	I_TURN_RIGHT I_TURN_RIGHT I_TURN_RIGHT I_TURN_RIGHT I_TURN_RIGHT I_TURN_RIGHT I_TURN_LEFT I_JUMP I_TURN_LEFT I_JUMP I_TURN_LEFT I_JUMP I_TURN_LEFT I_JUMP I_TURN_LEFT I_JUMP I_TURN_LEFT I_JUMP I_TURN_LEFT I_JUMP I_TURN_LEFT I_JUMP I_TURN_LEFT I_JUMP I_TURN_LEFT I_JUMP I_TURN_LEFT I_JUMP I_TURN_LEFT I_JUMP
run around left twice and look around left thrice	I_TURN_LEFT I_RUN I_TURN_LEFT I_RUN I_TURN_LEFT I_RUN I_TURN_LEFT I_RUN I_TURN_LEFT I_RUN I_TURN_LEFT I_RUN I_TURN_LEFT I_RUN I_TURN_LEFT I_RUN I_TURN_LEFT I_LOOK I_TURN_LEFT I_LOOK I_TURN_LEFT I_LOOK I_TURN_LEFT I_LOOK I_TURN_LEFT I_LOOK I_TURN_LEFT I_LOOK I_TURN_LEFT I_LOOK I_TURN_LEFT I_LOOK I_TURN_LEFT I_LOOK I_TURN_LEFT I_LOOK I_TURN_LEFT I_LOOK I_TURN_LEFT I_LOOK
turn left thrice after walk	I_WALK I_TURN_LEFT I_TURN_LEFT I_TURN_LEFT
walk around right twice and look left thrice	I_TURN_RIGHT I_WALK I_TURN_RIGHT I_WALK I_TURN_RIGHT I_WALK I_TURN_RIGHT I_WALK I_TURN_RIGHT I_WALK I_TURN_RIGHT I_WALK I_TURN_RIGHT I_WALK I_TURN_RIGHT I_WALK I_TURN_LEFT I_LOOK I_TURN_LEFT I_LOOK I_TURN_LEFT I_LOOK
walk twice after turn around right	I_TURN_RIGHT I_TURN_RIGHT I_TURN_RIGHT I_TURN_RIGHT I_WALK I_WALK
walk right and look around left	I_TURN_RIGHT I_WALK I_TURN_LEFT I_LOOK I_TURN_LEFT I_LOOK I_TURN_LEFT I_LOOK I_TURN_LEFT I_LOOK
walk opposite left after run around right thrice	I_TURN_RIGHT I_RUN I_TURN_RIGHT I_RUN I_TURN_RIGHT I_RUN I_TURN_RIGHT I_RUN I_TURN_RIGHT I_RUN I_TURN_RIGHT I_RUN I_TURN_RIGHT I_RUN I_TURN_RIGHT I_RUN I_TURN_RIGHT I_RUN I_TURN_RIGHT I_RUN I_TURN_RIGHT I_RUN I_TURN_RIGHT I_RUN I_TURN_LEFT I_TURN_LEFT I_WALK
walk opposite left and walk around right thrice	I_TURN_LEFT I_TURN_LEFT I_WALK I_TURN_RIGHT I_WALK I_TURN_RIGHT I_WALK I_TURN_RIGHT I_WALK I_TURN_RIGHT I_WALK I_TURN_RIGHT I_WALK I_TURN_RIGHT I_WALK I_TURN_RIGHT I_WALK I_TURN_RIGHT I_WALK I_TURN_RIGHT I_WALK I_TURN_RIGHT I_WALK I_TURN_RIGHT I_WALK I_TURN_RIGHT I_WALK
walk left twice after walk twice	I_WALK I_WALK I_TURN_LEFT I_WALK I_TURN_LEFT I_WALK
jump right thrice and walk around left twice	I_TURN_RIGHT I_JUMP I_TURN_RIGHT I_JUMP I_TURN_RIGHT I_JUMP I_TURN_LEFT I_WALK I_TURN_LEFT I_WALK I_TURN_LEFT I_WALK I_TURN_LEFT I_WALK I_TURN_LEFT I_WALK I_TURN_LEFT I_WALK I_TURN_LEFT I_WALK I_TURN_LEFT I_WALK
run around left twice and walk opposite left thrice	I_TURN_LEFT I_RUN I_TURN_LEFT I_RUN I_TURN_LEFT I_RUN I_TURN_LEFT I_RUN I_TURN_LEFT I_RUN I_TURN_LEFT I_RUN I_TURN_LEFT I_RUN I_TURN_LEFT I_RUN I_TURN_LEFT I_TURN_LEFT I_WALK I_TURN_LEFT I_TURN_LEFT I_WALK I_TURN_LEFT I_TURN_LEFT I_WALK
run left after turn opposite left twice	I_TURN_LEFT I_TURN_LEFT I_TURN_LEFT I_TURN_LEFT I_TURN_LEFT I_RUN
run right after walk opposite right twice	I_TURN_RIGHT I_TURN_RIGHT I_WALK I_TURN_RIGHT I_TURN_RIGHT I_WALK I_TURN_RIGHT I_RUN
look around left thrice after jump thrice	I_JUMP I_JUMP I_JUMP I_TURN_LEFT I_LOOK I_TURN_LEFT I_LOOK I_TURN_LEFT I_LOOK I_TURN_LEFT I_LOOK I_TURN_LEFT I_LOOK I_TURN_LEFT I_LOOK I_TURN_LEFT I_LOOK I_TURN_LEFT I_LOOK I_TURN_LEFT I_LOOK I_TURN_LEFT I_LOOK I_TURN_LEFT I_LOOK I_TURN_LEFT I_LOOK
jump right and look opposite right thrice	I_TURN_RIGHT I_JUMP I_TURN_RIGHT I_TURN_RIGHT I_LOOK I_TURN_RIGHT I_TURN_RIGHT I_LOOK I_TURN_RIGHT I_TURN_RIGHT I_LOOK
walk right twice and turn left thrice	I_TURN_RIGHT I_WALK I_TURN_RIGHT I_WALK I_TURN_LEFT I_TURN_LEFT I_TURN_LEFT
run opposite left twice and walk around left thrice	I_TURN_LEFT I_TURN_LEFT I_RUN I_TURN_LEFT I_TURN_LEFT I_RUN I_TURN_LEFT I_WALK I_TURN_LEFT I_WALK I_TURN_LEFT I_WALK I_TURN_LEFT I_WALK I_TURN_LEFT I_WALK I_TURN_LEFT I_WALK I_TURN_LEFT I_WALK I_TURN_LEFT I_WALK I_TURN_LEFT I_WALK I_TURN_LEFT I_WALK I_TURN_LEFT I_WALK I_TURN_LEFT I_WALK
jump around left twice after look opposite right	I_TURN_RIGHT I_TURN_RIGHT I_LOOK I_TURN_LEFT I_JUMP I_TURN_LEFT I_JUMP I_TURN_LEFT I_JUMP I_TURN_LEFT I_JUMP I_TURN_LEFT I_JUMP I_TURN_LEFT I_JUMP I_TURN_LEFT I_JUMP I_TURN_LEFT I_JUMP
turn left twice after jump left	I_TURN_LEFT I_JUMP I_TURN_LEFT I_TURN_LEFT
walk right thrice after look right twice	I_TURN_RIGHT I_LOOK I_TURN_RIGHT I_LOOK I_TURN_RIGHT I_WALK I_TURN_RIGHT I_WALK I_TURN_RIGHT I_WALK
look and jump opposite right	I_LOOK I_TURN_RIGHT I_TURN_RIGHT I_JUMP
turn right and turn left twice	I_TURN_RIGHT I_TURN_LEFT I_TURN_LEFT
look opposite left twice and run opposite right	I_TURN_LEFT I_TURN_LEFT I_LOOK I_TURN_LEFT I_TURN_LEFT I_LOOK I_TURN_RIGHT I_TURN_RIGHT I_RUN
run right twice after jump	I_JUMP I_TURN_RIGHT I_RUN I_TURN_RIGHT I_RUN
walk opposite left and jump around left thrice	I_TURN_LEFT I_TURN_LEFT I_WALK I_TURN_LEFT I_JUMP I_TURN_LEFT I_JUMP I_TURN_LEFT I_JUMP I_TURN_LEFT I_JUMP I_TURN_LEFT I_JUMP I_TURN_LEFT I_JUMP I_TURN_LEFT I_JUMP I_TURN_LEFT I_JUMP I_TURN_LEFT I_JUMP I_TURN_LEFT I_JUMP I_TURN_LEFT I_JUMP I_TURN_LEFT I_JUMP
jump opposite left thrice and jump twice	I_TURN_LEFT I_TURN_LEFT I_JUMP I_TURN_LEFT I_TURN_LEFT I_JUMP I_TURN_LEFT I_TURN_LEFT I_JUMP I_JUMP I_JUMP
turn right twice and run left twice	I_TURN_RIGHT I_TURN_RIGHT I_TURN_LEFT I_RUN I_TURN_LEFT I_RUN
walk right after turn left	I_TURN_LEFT I_TURN_RIGHT I_WALK
look opposite left thrice after turn opposite right thrice	I_TURN_RIGHT I_TURN_RIGHT I_TURN_RIGHT I_TURN_RIGHT I_TURN_RIGHT I_TURN_RIGHT I_TURN_LEFT I_TURN_LEFT I_LOOK I_TURN_LEFT I_TURN_LEFT I_LOOK I_TURN_LEFT I_TURN_LEFT I_LOOK
look right and walk right	I_TURN_RIGHT I_LOOK I_TURN_RIGHT I_WALK
jump around right and jump opposite right	I_TURN_RIGHT I_JUMP I_TURN_RIGHT I_JUMP I_TURN_RIGHT I_JUMP I_TURN_RIGHT I_JUMP I_TURN_RIGHT I_TURN_RIGHT I_JUMP
jump around right and walk right	I_TURN_RIGHT I_JUMP I_TURN_RIGHT I_JUMP I_TURN_RIGHT I_JUMP I_TURN_RIGHT I_JUMP I_TURN_RIGHT I_WALK
look opposite left twice and jump around right	I_TURN_LEFT I_TURN_LEFT I_LOOK I_TURN_LEFT I_TURN_LEFT I_LOOK I_TURN_RIGHT I_JUMP I_TURN_RIGHT I_JUMP I_TURN_RIGHT I_JUMP I_TURN_RIGHT I_JUMP
turn opposite left and look	I_TURN_LEFT I_TURN_LEFT I_LOOK
run twice after look around left	I_TURN_LEFT I_LOOK I_TURN_LEFT I_LOOK I_TURN_LEFT I_LOOK I_TURN_LEFT I_LOOK I_RUN I_RUN
run around right twice after run around right twice	I_TURN_RIGHT I_RUN I_TURN_RIGHT I_RUN I_TURN_RIGHT I_RUN I_TURN_RIGHT I_RUN I_TURN_RIGHT I_RUN I_TURN_RIGHT I_RUN I_TURN_RIGHT I_RUN I_TURN_RIGHT I_RUN I_TURN_RIGHT I_RUN I_TURN_RIGHT I_RUN I_TURN_RIGHT I_RUN I_TURN_RIGHT I_RUN I_TURN_RIGHT I_RUN I_TURN_RIGHT I_RUN I_TURN_RIGHT I_RUN I_TURN_RIGHT I_RUN
look opposite left twice and walk around left	I_TURN_LEFT I_TURN_LEFT I_LOOK I_TURN_LEFT I_TURN_LEFT I_LOOK I_TURN_LEFT I_WALK I_TURN_LEFT I_WALK I_TURN_LEFT I_WALK I_TURN_LEFT I_WALK
run right twice after run thrice	I_RUN I_RUN I_RUN I_TURN_RIGHT I_RUN I_TURN_RIGHT I_RUN
run around left thrice after turn right	I_TURN_RIGHT I_TURN_LEFT I_RUN I_TURN_LEFT I_RUN I_TURN_LEFT I_RUN I_TURN_LEFT I_RUN I_TURN_LEFT I_RUN I_TURN_LEFT I_RUN I_TURN_LEFT I_RUN I_TURN_LEFT I_RUN I_TURN_LEFT I_RUN I_TURN_LEFT I_RUN I_TURN_LEFT I_RUN I_TURN_LEFT I_RUN
walk opposite right twice	I_TURN_RIGHT I_TURN_RIGHT I_WALK I_TURN_RIGHT I_TURN_RIGHT I_WALK
walk around left twice and turn around left twice	I_TURN_LEFT I_WALK I_TURN_LEFT I_WALK I_TURN_LEFT I_WALK I_TURN_LEFT I_WALK I_TURN_LEFT I_WALK I_TURN_LEFT I_WALK I_TURN_LEFT I_WALK I_TURN_LEFT I_WALK I_TURN_LEFT I_TURN_LEFT I_TURN_LEFT I_TURN_LEFT I_TURN_LEFT I_TURN_LEFT I_TURN_LEFT I_TURN_LEFT
walk thrice and run	I_WALK I_WALK I_WALK I_RUN
walk opposite left thrice after run left thrice	I_TURN_LEFT I_RUN I_TURN_LEFT I_RUN I_TURN_LEFT I_RUN I_TURN_LEFT I_TURN_LEFT I_WALK I_TURN_LEFT I_TURN_LEFT I_WALK I_TURN_LEFT I_TURN_LEFT I_WALK
turn left thrice after look around right thrice	I_TURN_RIGHT I_LOOK I_TURN_RIGHT I_LOOK I_TURN_RIGHT I_LOOK I_TURN_RIGHT I_LOOK I_TURN_RIGHT I_LOOK I_TURN_RIGHT I_LOOK I_TURN_RIGHT I_LOOK I_TURN_RIGHT I_LOOK I_TURN_RIGHT I_LOOK I_TURN_RIGHT I_LOOK I_TURN_RIGHT I_LOOK I_TURN_RIGHT I_LOOK I_TURN_LEFT I_TURN_LEFT I_TURN_LEFT
turn right twice after jump left	I_TURN_LEFT I_JUMP I_TURN_RIGHT I_TURN_RIGHT
look and walk right	I_LOOK I_TURN_RIGHT I_WALK
run around right twice after walk opposite right	I_TURN_RIGHT I_TURN_RIGHT I_WALK I_TURN_RIGHT I_RUN I_TURN_RIGHT I_RUN I_TURN_RIGHT I_RUN I_TURN_RIGHT I_RUN I_TURN_RIGHT I_RUN I_TURN_RIGHT I_RUN I_TURN_RIGHT I_RUN I_TURN_RIGHT I_RUN
walk right twice and jump thrice	I_TURN_RIGHT I_WALK I_TURN_RIGHT I_WALK I_JUMP I_JUMP I_JUMP
look twice after jump around left twice	I_TURN_LEFT I_JUMP I_TURN_LEFT I_JUMP I_TURN_LEFT I_JUMP I_TURN_LEFT I_JUMP I_TURN_LEFT I_JUMP I_TURN_LEFT I_JUMP I_TURN_LEFT I_JUMP I_TURN_LEFT I_JUMP I_LOOK I_LOOK
walk after jump around left twice	I_TURN_LEFT I_JUMP I_TURN_LEFT I_JUMP I_TURN_LEFT I_JUMP I_TURN_LEFT I_JUMP I_TURN_LEFT I_JUMP I_TURN_LEFT I_JUMP I_TURN_LEFT I_JUMP I_TURN_LEFT I_JUMP I_WALK
walk opposite left thrice and turn left	I_TURN_LEFT I_TURN_LEFT I_WALK I_TURN_LEFT I_TURN_LEFT I_WALK I_TURN_LEFT I_TURN_LEFT I_WALK I_TURN_LEFT
look opposite left thrice and walk right thrice	I_TURN_LEFT I_TURN_LEFT I_LOOK I_TURN_LEFT I_TURN_LEFT I_LOOK I_TURN_LEFT I_TURN_LEFT I_LOOK I_TURN_RIGHT I_WALK I_TURN_RIGHT I_WALK I_TURN_RIGHT I_WALK
walk thrice after look thrice	I_LOOK I_LOOK I_LOOK I_WALK I_WALK I_WALK
walk left after look twice	I_LOOK I_LOOK I_TURN_LEFT I_WALK
look right and look opposite right	I_TURN_RIGHT I_LOOK I_TURN_RIGHT I_TURN_RIGHT I_LOOK
run right thrice after walk right thrice	I_TURN_RIGHT I_WALK I_TURN_RIGHT I_WALK I_TURN_RIGHT I_WALK I_TURN_RIGHT I_RUN I_TURN_RIGHT I_RUN I_TURN_RIGHT I_RUN
walk around right twice and run around left thrice	I_TURN_RIGHT I_WALK I_TURN_RIGHT I_WALK I_TURN_RIGHT I_WALK I_TURN_RIGHT I_WALK I_TURN_RIGHT I_WALK I_TURN_RIGHT I_WALK I_TURN_RIGHT I_WALK I_TURN_RIGHT I_WALK I_TURN_LEFT I_RUN I_TURN_LEFT I_RUN I_TURN_LEFT I_RUN I_TURN_LEFT I_RUN I_TURN_LEFT I_RUN I_TURN_LEFT I_RUN I_TURN_LEFT I_RUN I_TURN_LEFT I_RUN I_TURN_LEFT I_RUN I_TURN_LEFT I_RUN I_TURN_LEFT I_RUN I_TURN_LEFT I_RUN
look around left thrice after turn opposite right thrice	I_TURN_RIGHT I_TURN_RIGHT I_TURN_RIGHT I_TURN_RIGHT I_TURN_RIGHT I_TURN_RIGHT I_TURN_LEFT I_LOOK I_TURN_LEFT I_LOOK I_TURN_LEFT I_LOOK I_TURN_LEFT I_LOOK I_TURN_LEFT I_LOOK I_TURN_LEFT I_LOOK I_TURN_LEFT I_LOOK I_TURN_LEFT I_LOOK I_TURN_LEFT I_LOOK I_TURN_LEFT I_LOOK I_TURN_LEFT I_LOOK I_TURN_LEFT I_LOOK
look around right twice and turn opposite right thrice	I_TURN_RIGHT I_LOOK I_TURN_RIGHT I_LOOK I_TURN_RIGHT I_LOOK I_TURN_RIGHT I_LOOK I_TURN_RIGHT I_LOOK I_TURN_RIGHT I_LOOK I_TURN_RIGHT I_LOOK I_TURN_RIGHT I_LOOK I_TURN_RIGHT I_TURN_RIGHT I_TURN_RIGHT I_TURN_RIGHT I_TURN_RIGHT I_TURN_RIGHT
walk around right twice after look around left twice	I_TURN_LEFT I_LOOK I_TURN_LEFT I_LOOK I_TURN_LEFT I_LOOK I_TURN_LEFT I_LOOK I_TURN_LEFT I_LOOK I_TURN_LEFT I_LOOK I_TURN_LEFT I_LOOK I_TURN_LEFT I_LOOK I_TURN_RIGHT I_WALK I_TURN_RIGHT I_WALK I_TURN_RIGHT I_WALK I_TURN_RIGHT I_WALK I_TURN_RIGHT I_WALK I_TURN_RIGHT I_WALK I_TURN_RIGHT I_WALK I_TURN_RIGHT I_WALK
jump right twice and run around right thrice	I_TURN_RIGHT I_JUMP I_TURN_RIGHT I_JUMP I_TURN_RIGHT I_RUN I_TURN_RIGHT I_RUN I_TURN_RIGHT I_RUN I_TURN_RIGHT I_RUN I_TURN_RIGHT I_RUN I_TURN_RIGHT I_RUN I_TURN_RIGHT I_RUN I_TURN_RIGHT I_RUN I_TURN_RIGHT I_RUN I_TURN_RIGHT I_RUN I_TURN_RIGHT I_RUN I_TURN_RIGHT I_RUN
walk opposite right twice after walk around left twice	I_TURN_LEFT I_WALK I_TURN_LEFT I_WALK I_TURN_LEFT I_WALK I_TURN_LEFT I_WALK I_TURN_LEFT I_WALK I_TURN_LEFT I_WALK I_TURN_LEFT I_WALK I_TURN_LEFT I_WALK I_TURN_RIGHT I_TURN_RIGHT I_WALK I_TURN_RIGHT I_TURN_RIGHT I_WALK
jump opposite right twice and turn right twice	I_TURN_RIGHT I_TURN_RIGHT I_JUMP I_TURN_RIGHT I_TURN_RIGHT I_JUMP I_TURN_RIGHT I_TURN_RIGHT
turn around right thrice and turn around left	I_TURN_RIGHT I_TURN_RIGHT I_TURN_RIGHT I_TURN_RIGHT I_TURN_RIGHT I_TURN_RIGHT I_TURN_RIGHT I_TURN_RIGHT I_TURN_RIGHT I_TURN_RIGHT I_TURN_RIGHT I_TURN_RIGHT I_TURN_LEFT I_TURN_LEFT I_TURN_LEFT I_TURN_LEFT
jump around left after jump thrice	I_JUMP I_JUMP I_JUMP I_TURN_LEFT I_JUMP I_TURN_LEFT I_JUMP I_TURN_LEFT I_JUMP I_TURN_LEFT I_JUMP
look opposite left and run right twice	I_TURN_LEFT I_TURN_LEFT I_LOOK I_TURN_RIGHT I_RUN I_TURN_RIGHT I_RUN
look opposite left thrice after run opposite right twice	I_TURN_RIGHT I_TURN_RIGHT I_RUN I_TURN_RIGHT I_TURN_RIGHT I_RUN I_TURN_LEFT I_TURN_LEFT I_LOOK I_TURN_LEFT I_TURN_LEFT I_LOOK I_TURN_LEFT I_TURN_LEFT I_LOOK
walk left twice and turn opposite right	I_TURN_LEFT I_WALK I_TURN_LEFT I_WALK I_TURN_RIGHT I_TURN_RIGHT
look left twice and walk opposite right twice	I_TURN_LEFT I_LOOK I_TURN_LEFT I_LOOK I_TURN_RIGHT I_TURN_RIGHT I_WALK I_TURN_RIGHT I_TURN_RIGHT I_WALK
jump twice and look around left thrice	I_JUMP I_JUMP I_TURN_LEFT I_LOOK I_TURN_LEFT I_LOOK I_TURN_LEFT I_LOOK I_TURN_LEFT I_LOOK I_TURN_LEFT I_LOOK I_TURN_LEFT I_LOOK I_TURN_LEFT I_LOOK I_TURN_LEFT I_LOOK I_TURN_LEFT I_LOOK I_TURN_LEFT I_LOOK I_TURN_LEFT I_LOOK I_TURN_LEFT I_LOOK
look left after look opposite right twice	I_TURN_RIGHT I_TURN_RIGHT I_LOOK I_TURN_RIGHT I_TURN_RIGHT I_LOOK I_TURN_LEFT I_LOOK
jump opposite right thrice after look right twice	I_TURN_RIGHT I_LOOK I_TURN_RIGHT I_LOOK I_TURN_RIGHT I_TURN_RIGHT I_JUMP I_TURN_RIGHT I_TURN_RIGHT I_JUMP I_TURN_RIGHT I_TURN_RIGHT I_JUMP
look opposite right thrice after walk right	I_TURN_RIGHT I_WALK I_TURN_RIGHT I_TURN_RIGHT I_LOOK I_TURN_RIGHT I_TURN_RIGHT I_LOOK I_TURN_RIGHT I_TURN_RIGHT I_LOOK
run around left twice after jump right thrice	I_TURN_RIGHT I_JUMP I_TURN_RIGHT I_JUMP I_TURN_RIGHT I_JUMP I_TURN_LEFT I_RUN I_TURN_LEFT I_RUN I_TURN_LEFT I_RUN I_TURN_LEFT I_RUN I_TURN_LEFT I_RUN I_TURN_LEFT I_RUN I_TURN_LEFT I_RUN I_TURN_LEFT I_RUN
walk around right twice after look left twice	I_TURN_LEFT I_LOOK I_TURN_LEFT I_LOOK I_TURN_RIGHT I_WALK I_TURN_RIGHT I_WALK I_TURN_RIGHT I_WALK I_TURN_RIGHT I_WALK I_TURN_RIGHT I_WALK I_TURN_RIGHT I_WALK I_TURN_RIGHT I_WALK I_TURN_RIGHT I_WALK
run opposite right thrice and run right twice	I_TURN_RIGHT I_TURN_RIGHT I_RUN I_TURN_RIGHT I_TURN_RIGHT I_RUN I_TURN_RIGHT I_TURN_RIGHT I_RUN I_TURN_RIGHT I_RUN I_TURN_RIGHT I_RUN
turn opposite right twice after turn around left thrice	I_TURN_LEFT I_TURN_LEFT I_TURN_LEFT I_TURN_LEFT I_TURN_LEFT I_TURN_LEFT I_TURN_LEFT I_TURN_LEFT I_TURN_LEFT I_TURN_LEFT I_TURN_LEFT I_TURN_LEFT I_TURN_RIGHT I_TURN_RIGHT I_TURN_RIGHT I_TURN_RIGHT
run opposite left and walk opposite right thrice	I_TURN_LEFT I_TURN_LEFT I_RUN I_TURN_RIGHT I_TURN_RIGHT I_WALK I_TURN_RIGHT I_TURN_RIGHT I_WALK I_TURN_RIGHT I_TURN_RIGHT I_WALK
walk opposite left after turn around left twice	I_TURN_LEFT I_TURN_LEFT I_TURN_LEFT I_TURN_LEFT I_TURN_LEFT I_TURN_LEFT I_TURN_LEFT I_TURN_LEFT I_TURN_LEFT I_TURN_LEFT I_WALK
turn around left after run opposite right thrice	I_TURN_RIGHT I_TURN_RIGHT I_RUN I_TURN_RIGHT I_TURN_RIGHT I_RUN I_TURN_RIGHT I_TURN_RIGHT I_RUN I_TURN_LEFT I_TURN_LEFT I_TURN_LEFT I_TURN_LEFT
look right thrice after walk opposite right	I_TURN_RIGHT I_TURN_RIGHT I_WALK I_TURN_RIGHT I_LOOK I_TURN_RIGHT I_LOOK I_TURN_RIGHT I_LOOK
look right twice and walk around right thrice	I_TURN_RIGHT I_LOOK I_TURN_RIGHT I_LOOK I_TURN_RIGHT I_WALK I_TURN_RIGHT I_WALK I_TURN_RIGHT I_WALK I_TURN_RIGHT I_WALK I_TURN_RIGHT I_WALK I_TURN_RIGHT I_WALK I_TURN_RIGHT I_WALK I_TURN_RIGHT I_WALK I_TURN_RIGHT I_WALK I_TURN_RIGHT I_WALK I_TURN_RIGHT I_WALK I_TURN_RIGHT I_WALK
jump opposite left thrice after run around left	I_TURN_LEFT I_RUN I_TURN_LEFT I_RUN I_TURN_LEFT I_RUN I_TURN_LEFT I_RUN I_TURN_LEFT I_TURN_LEFT I_JUMP I_TURN_LEFT I_TURN_LEFT I_JUMP I_TURN_LEFT I_TURN_LEFT I_JUMP
turn right thrice after walk around right thrice	I_TURN_RIGHT I_WALK I_TURN_RIGHT I_WALK I_TURN_RIGHT I_WALK I_TURN_RIGHT I_WALK I_TURN_RIGHT I_WALK I_TURN_RIGHT I_WALK I_TURN_RIGHT I_WALK I_TURN_RIGHT I_WALK I_TURN_RIGHT I_WALK I_TURN_RIGHT I_WALK I_TURN_RIGHT I_WALK I_TURN_RIGHT I_WALK I_TURN_RIGHT I_TURN_RIGHT I_TURN_RIGHT
walk opposite left thrice and jump thrice	I_TURN_LEFT I_TURN_LEFT I_WALK I_TURN_LEFT I_TURN_LEFT I_WALK I_TURN_LEFT I_TURN_LEFT I_WALK I_JUMP I_JUMP I_JUMP
run around left thrice after look twice	I_LOOK I_LOOK I_TURN_LEFT I_RUN I_TURN_LEFT I_RUN I_TURN_LEFT I_RUN I_TURN_LEFT I_RUN I_TURN_LEFT I_RUN I_TURN_LEFT I_RUN I_TURN_LEFT I_RUN I_TURN_LEFT I_RUN I_TURN_LEFT I_RUN I_TURN_LEFT I_RUN I_TURN_LEFT I_RUN I_TURN_LEFT I_RUN
walk around left thrice and walk opposite right	I_TURN_LEFT I_WALK I_TURN_LEFT I_WALK I_TURN_LEFT I_WALK I_TURN_LEFT I_WALK I_TURN_LEFT I_WALK I_TURN_LEFT I_WALK I_TURN_LEFT I_WALK I_TURN_LEFT I_WALK I_TURN_LEFT I_WALK I_TURN_LEFT I_WALK I_TURN_LEFT I_WALK I_TURN_LEFT I_WALK I_TURN_RIGHT I_TURN_RIGHT I_WALK
jump around left thrice and turn around left thrice	I_TURN_LEFT I_JUMP I_TURN_LEFT I_JUMP I_TURN_LEFT I_JUMP I_TURN_LEFT I_JUMP I_TURN_LEFT I_JUMP I_TURN_LEFT I_JUMP I_TURN_LEFT I_JUMP I_TURN_LEFT I_JUMP I_TURN_LEFT I_JUMP I_TURN_LEFT I_JUMP I_TURN_LEFT I_JUMP I_TURN_LEFT I_JUMP I_TURN_LEFT I_TURN_LEFT I_TURN_LEFT I_TURN_LEFT I_TURN_LEFT I_TURN_LEFT I_TURN_LEFT I_TURN_LEFT I_TURN_LEFT I_TURN_LEFT I_TURN_LEFT I_TURN_LEFT
look twice and walk opposite left thrice	I_LOOK I_LOOK I_TURN_LEFT I_TURN_LEFT I_WALK I_TURN_LEFT I_TURN_LEFT I_WALK I_TURN_LEFT I_TURN_LEFT I_WALK
run opposite right thrice and look opposite right twice	I_TURN_RIGHT I_TURN_RIGHT I_RUN I_TURN_RIGHT I_TURN_RIGHT I_RUN I_TURN_RIGHT I_TURN_RIGHT I_RUN I_TURN_RIGHT I_TURN_RIGHT I_LOOK I_TURN_RIGHT I_TURN_RIGHT I_LOOK
run around right thrice after look around right thrice	I_TURN_RIGHT I_LOOK I_TURN_RIGHT I_LOOK I_TURN_RIGHT I_LOOK I_TURN_RIGHT I_LOOK I_TURN_RIGHT I_LOOK I_TURN_RIGHT I_LOOK I_TURN_RIGHT I_LOOK I_TURN_RIGHT I_LOOK I_TURN_RIGHT I_LOOK I_TURN_RIGHT I_LOOK I_TURN_RIGHT I_LOOK I_TURN_RIGHT I_LOOK I_TURN_RIGHT I_RUN I_TURN_RIGHT I_RUN I_TURN_RIGHT I_RUN I_TURN_RIGHT I_RUN I_TURN_RIGHT I_RUN I_TURN_RIGHT I_RUN I_TURN_RIGHT I_RUN I_TURN_RIGHT I_RUN I_TURN_RIGHT I_RUN I_TURN_RIGHT I_RUN I_TURN_RIGHT I_RUN I_TURN_RIGHT I_RUN
walk left thrice after walk right	I_TURN_RIGHT I_WALK I_TURN_LEFT I_WALK I_TURN_LEFT I_WALK I_TURN_LEFT I_WALK
look around right thrice and jump opposite right twice	I_TURN_RIGHT I_LOOK I_TURN_RIGHT I_LOOK I_TURN_RIGHT I_LOOK I_TURN_RIGHT I_LOOK I_TURN_RIGHT I_LOOK I_TURN_RIGHT I_LOOK I_TURN_RIGHT I_LOOK I_TURN_RIGHT I_LOOK I_TURN_RIGHT I_LOOK I_TURN_RIGHT I_LOOK I_TURN_RIGHT I_LOOK I_TURN_RIGHT I_LOOK I_TURN_RIGHT I_TURN_RIGHT I_JUMP I_TURN_RIGHT I_TURN_RIGHT I_JUMP
look around left and run right	I_TURN_LEFT I_LOOK I_TURN_LEFT I_LOOK I_TURN_LEFT I_LOOK I_TURN_LEFT I_LOOK I_TURN_RIGHT I_RUN
walk thrice and turn around left thrice	I_WALK I_WALK I_WALK I_TURN_LEFT I_TURN_LEFT I_TURN_LEFT I_TURN_LEFT I_TURN_LEFT I_TURN_LEFT I_TURN_LEFT I_TURN_LEFT I_TURN_LEFT I_TURN_LEFT I_TURN_LEFT I_TURN_LEFT
look right twice and look opposite left thrice	I_TURN_RIGHT I_LOOK I_TURN_RIGHT I_LOOK I_TURN_LEFT I_TURN_LEFT I_LOOK I_TURN_LEFT I_TURN_LEFT I_LOOK I_TURN_LEFT I_TURN_LEFT I_LOOK
walk opposite left after walk opposite right thrice	I_TURN_RIGHT I_TURN_RIGHT I_WALK I_TURN_RIGHT I_TURN_RIGHT I_WALK I_TURN_RIGHT I_TURN_RIGHT I_WALK I_TURN_LEFT I_TURN_LEFT I_WALK
jump twice after look opposite left	I_TURN_LEFT I_TURN_LEFT I_LOOK I_JUMP I_JUMP
turn left twice after jump around left	I_TURN_LEFT I_JUMP I_TURN_LEFT I_JUMP I_TURN_LEFT I_JUMP I_TURN_LEFT I_JUMP I_TURN_LEFT I_TURN_LEFT
walk left twice after walk around right twice	I_TURN_RIGHT I_WALK I_TURN_RIGHT I_WALK I_TURN_RIGHT I_WALK I_TURN_RIGHT I_WALK I_TURN_RIGHT I_WALK I_TURN_RIGHT I_WALK I_TURN_RIGHT I_WALK I_TURN_RIGHT I_WALK I_TURN_LEFT I_WALK I_TURN_LEFT I_WALK
turn left after look opposite left	I_TURN_LEFT I_TURN_LEFT I_LOOK I_TURN_LEFT
walk left after jump left twice	I_TURN_LEFT I_JUMP I_TURN_LEFT I_JUMP I_TURN_LEFT I_WALK
run around left and turn left	I_TURN_LEFT I_RUN I_TURN_LEFT I_RUN I_TURN_LEFT I_RUN I_TURN_LEFT I_RUN I_TURN_LEFT
jump opposite left thrice and look left thrice	I_TURN_LEFT I_TURN_LEFT I_JUMP I_TURN_LEFT I_TURN_LEFT I_JUMP I_TURN_LEFT I_TURN_LEFT I_JUMP I_TURN_LEFT I_LOOK I_TURN_LEFT I_LOOK I_TURN_LEFT I_LOOK
run right thrice after jump around left twice	I_TURN_LEFT I_JUMP I_TURN_LEFT I_JUMP I_TURN_LEFT I_JUMP I_TURN_LEFT I_JUMP I_TURN_LEFT I_JUMP I_TURN_LEFT I_JUMP I_TURN_LEFT I_JUMP I_TURN_LEFT I_JUMP I_TURN_RIGHT I_RUN I_TURN_RIGHT I_RUN I_TURN_RIGHT I_RUN
look and look around left twice	I_LOOK I_TURN_LEFT I_LOOK I_TURN_LEFT I_LOOK I_TURN_LEFT I_LOOK I_TURN_LEFT I_LOOK I_TURN_LEFT I_LOOK I_TURN_LEFT I_LOOK I_TURN_LEFT I_LOOK I_TURN_LEFT I_LOOK
look opposite left twice and jump left thrice	I_TURN_LEFT I_TURN_LEFT I_LOOK I_TURN_LEFT I_TURN_LEFT I_LOOK I_TURN_LEFT I_JUMP I_TURN_LEFT I_JUMP I_TURN_LEFT I_JUMP
jump around left thrice and walk twice	I_TURN_LEFT I_JUMP I_TURN_LEFT I_JUMP I_TURN_LEFT I_JUMP I_TURN_LEFT I_JUMP I_TURN_LEFT I_JUMP I_TURN_LEFT I_JUMP I_TURN_LEFT I_JUMP I_TURN_LEFT I_JUMP I_TURN_LEFT I_JUMP I_TURN_LEFT I_JUMP I_TURN_LEFT I_JUMP I_TURN_LEFT I_JUMP I_WALK I_WALK
turn around right twice and look around left	I_TURN_RIGHT I_TURN_RIGHT I_TURN_RIGHT I_TURN_RIGHT I_TURN_RIGHT I_TURN_RIGHT I_TURN_RIGHT I_TURN_RIGHT I_TURN_LEFT I_LOOK I_TURN_LEFT I_LOOK I_TURN_LEFT I_LOOK I_TURN_LEFT I_LOOK
jump around left twice and turn opposite left	I_TURN_LEFT I_JUMP I_TURN_LEFT I_JUMP I_TURN_LEFT I_JUMP I_TURN_LEFT I_JUMP I_TURN_LEFT I_JUMP I_TURN_LEFT I_JUMP I_TURN_LEFT I_JUMP I_TURN_LEFT I_JUMP I_TURN_LEFT I_TURN_LEFT
turn left twice after walk right	I_TURN_RIGHT I_WALK I_TURN_LEFT I_TURN_LEFT
walk right and run twice	I_TURN_RIGHT I_WALK I_RUN I_RUN
look left thrice after turn left	I_TURN_LEFT I_TURN_LEFT I_LOOK I_TURN_LEFT I_LOOK I_TURN_LEFT I_LOOK
run opposite left twice after run opposite left twice	I_TURN_LEFT I_TURN_LEFT I_RUN I_TURN_LEFT I_TURN_LEFT I_RUN I_TURN_LEFT I_TURN_LEFT I_RUN I_TURN_LEFT I_TURN_LEFT I_RUN
jump right thrice after turn around left twice	I_TURN_LEFT I_TURN_LEFT I_TURN_LEFT I_TURN_LEFT I_TURN_LEFT I_TURN_LEFT I_TURN_LEFT I_TURN_LEFT I_TURN_RIGHT I_JUMP I_TURN_RIGHT I_JUMP I_TURN_RIGHT I_JUMP
jump around right and turn right twice	I_TURN_RIGHT I_JUMP I_TURN_RIGHT I_JUMP I_TURN_RIGHT I_JUMP I_TURN_RIGHT I_JUMP I_TURN_RIGHT I_TURN_RIGHT
run left twice after turn around right	I_TURN_RIGHT I_TURN_RIGHT I_TURN_RIGHT I_TURN_RIGHT I_TURN_LEFT I_RUN I_TURN_LEFT I_RUN
turn around right after run left thrice	I_TURN_LEFT I_RUN I_TURN_LEFT I_RUN I_TURN_LEFT I_RUN I_TURN_RIGHT I_TURN_RIGHT I_TURN_RIGHT I_TURN_RIGHT
look opposite right and jump opposite right twice	I_TURN_RIGHT I_TURN_RIGHT I_LOOK I_TURN_RIGHT I_TURN_RIGHT I_JUMP I_TURN_RIGHT I_TURN_RIGHT I_JUMP
walk around right twice after turn opposite right twice	I_TURN_RIGHT I_TURN_RIGHT I_TURN_RIGHT I_TURN_RIGHT I_TURN_RIGHT I_WALK I_TURN_RIGHT I_WALK I_TURN_RIGHT I_WALK I_TURN_RIGHT I_WALK I_TURN_RIGHT I_WALK I_TURN_RIGHT I_WALK I_TURN_RIGHT I_WALK I_TURN_RIGHT I_WALK
jump opposite left thrice after look left thrice	I_TURN_LEFT I_LOOK I_TURN_LEFT I_LOOK I_TURN_LEFT I_LOOK I_TURN_LEFT I_TURN_LEFT I_JUMP I_TURN_LEFT I_TURN_LEFT I_JUMP I_TURN_LEFT I_TURN_LEFT I_JUMP
walk opposite right twice and look opposite right thrice	I_TURN_RIGHT I_TURN_RIGHT I_WALK I_TURN_RIGHT I_TURN_RIGHT I_WALK I_TURN_RIGHT I_TURN_RIGHT I_LOOK I_TURN_RIGHT I_TURN_RIGHT I_LOOK I_TURN_RIGHT I_TURN_RIGHT I_LOOK
jump opposite right and run thrice	I_TURN_RIGHT I_TURN_RIGHT I_JUMP I_RUN I_RUN I_RUN
turn around left and jump left	I_TURN_LEFT I_TURN_LEFT I_TURN_LEFT I_TURN_LEFT I_TURN_LEFT I_JUMP
look opposite right thrice and look around right thrice	I_TURN_RIGHT I_TURN_RIGHT I_LOOK I_TURN_RIGHT I_TURN_RIGHT I_LOOK I_TURN_RIGHT I_TURN_RIGHT I_LOOK I_TURN_RIGHT I_LOOK I_TURN_RIGHT I_LOOK I_TURN_RIGHT I_LOOK I_TURN_RIGHT I_LOOK I_TURN_RIGHT I_LOOK I_TURN_RIGHT I_LOOK I_TURN_RIGHT I_LOOK I_TURN_RIGHT I_LOOK I_TURN_RIGHT I_LOOK I_TURN_RIGHT I_LOOK I_TURN_RIGHT I_LOOK I_TURN_RIGHT I_LOOK
jump right thrice and walk thrice	I_TURN_RIGHT I_JUMP I_TURN_RIGHT I_JUMP I_TURN_RIGHT I_JUMP I_WALK I_WALK I_WALK
run right and walk left twice	I_TURN_RIGHT I_RUN I_TURN_LEFT I_WALK I_TURN_LEFT I_WALK
jump left and look around right twice	I_TURN_LEFT I_JUMP I_TURN_RIGHT I_LOOK I_TURN_RIGHT I_LOOK I_TURN_RIGHT I_LOOK I_TURN_RIGHT I_LOOK I_TURN_RIGHT I_LOOK I_TURN_RIGHT I_LOOK I_TURN_RIGHT I_LOOK I_TURN_RIGHT I_LOOK
jump and turn opposite left thrice	I_JUMP I_TURN_LEFT I_TURN_LEFT I_TURN_LEFT I_TURN_LEFT I_TURN_LEFT I_TURN_LEFT
run opposite left thrice and run around left	I_TURN_LEFT I_TURN_LEFT I_RUN I_TURN_LEFT I_TURN_LEFT I_RUN I_TURN_LEFT I_TURN_LEFT I_RUN I_TURN_LEFT I_RUN I_TURN_LEFT I_RUN I_TURN_LEFT I_RUN I_TURN_LEFT I_RUN
walk around right thrice and look left thrice	I_TURN_RIGHT I_WALK I_TURN_RIGHT I_WALK I_TURN_RIGHT I_WALK I_TURN_RIGHT I_WALK I_TURN_RIGHT I_WALK I_TURN_RIGHT I_WALK I_TURN_RIGHT I_WALK I_TURN_RIGHT I_WALK I_TURN_RIGHT I_WALK I_TURN_RIGHT I_WALK I_TURN_RIGHT I_WALK I_TURN_RIGHT I_WALK I_TURN_LEFT I_LOOK I_TURN_LEFT I_LOOK I_TURN_LEFT I_LOOK
turn around left thrice after jump twice	I_JUMP I_JUMP I_TURN_LEFT I_TURN_LEFT I_TURN_LEFT I_TURN_LEFT I_TURN_LEFT I_TURN_LEFT I_TURN_LEFT I_TURN_LEFT I_TURN_LEFT I_TURN_LEFT I_TURN_LEFT I_TURN_LEFT
look right twice after jump opposite left twice	I_TURN_LEFT I_TURN_LEFT I_JUMP I_TURN_LEFT I_TURN_LEFT I_JUMP I_TURN_RIGHT I_LOOK I_TURN_RIGHT I_LOOK
turn around left thrice and walk right thrice	I_TURN_LEFT I_TURN_LEFT I_TURN_LEFT I_TURN_LEFT I_TURN_LEFT I_TURN_LEFT I_TURN_LEFT I_TURN_LEFT I_TURN_LEFT I_TURN_LEFT I_TURN_LEFT I_TURN_LEFT I_TURN_RIGHT I_WALK I_TURN_RIGHT I_WALK I_TURN_RIGHT I_WALK
run opposite left after turn opposite right thrice	I_TURN_RIGHT I_TURN_RIGHT I_TURN_RIGHT I_TURN_RIGHT I_TURN_RIGHT I_TURN_RIGHT I_TURN_LEFT I_TURN_LEFT I_RUN
look opposite right twice after turn opposite left	I_TURN_LEFT I_TURN_LEFT I_TURN_RIGHT I_TURN_RIGHT I_LOOK I_TURN_RIGHT I_TURN_RIGHT I_LOOK
turn around right thrice and run left	I_TURN_RIGHT I_TURN_RIGHT I_TURN_RIGHT I_TURN_RIGHT I_TURN_RIGHT I_TURN_RIGHT I_TURN_RIGHT I_TURN_RIGHT I_TURN_RIGHT I_TURN_RIGHT I_TURN_RIGHT I_TURN_RIGHT I_TURN_LEFT I_RUN
walk around right twice after walk left twice	I_TURN_LEFT I_WALK I_TURN_LEFT I_WALK I_TURN_RIGHT I_WALK I_TURN_RIGHT I_WALK I_TURN_RIGHT I_WALK I_TURN_RIGHT I_WALK I_TURN_RIGHT I_WALK I_TURN_RIGHT I_WALK I_TURN_RIGHT I_WALK I_TURN_RIGHT I_WALK
look opposite right thrice after jump around right thrice	I_TURN_RIGHT I_JUMP I_TURN_RIGHT I_JUMP I_TURN_RIGHT I_JUMP I_TURN_RIGHT I_JUMP I_TURN_RIGHT I_JUMP I_TURN_RIGHT I_JUMP I_TURN_RIGHT I_JUMP I_TURN_RIGHT I_JUMP I_TURN_RIGHT I_JUMP I_TURN_RIGHT I_JUMP I_TURN_RIGHT I_JUMP I_TURN_RIGHT I_JUMP I_TURN_RIGHT I_TURN_RIGHT I_LOOK I_TURN_RIGHT I_TURN_RIGHT I_LOOK I_TURN_RIGHT I_TURN_RIGHT I_LOOK
jump thrice after run around left	I_TURN_LEFT I_RUN I_TURN_LEFT I_RUN I_TURN_LEFT I_RUN I_TURN_LEFT I_RUN I_JUMP I_JUMP I_JUMP
jump around left thrice and run around right twice	I_TURN_LEFT I_JUMP I_TURN_LEFT I_JUMP I_TURN_LEFT I_JUMP I_TURN_LEFT I_JUMP I_TURN_LEFT I_JUMP I_TURN_LEFT I_JUMP I_TURN_LEFT I_JUMP I_TURN_LEFT I_JUMP I_TURN_LEFT I_JUMP I_TURN_LEFT I_JUMP I_TURN_LEFT I_JUMP I_TURN_LEFT I_JUMP I_TURN_RIGHT I_RUN I_TURN_RIGHT I_RUN I_TURN_RIGHT I_RUN I_TURN_RIGHT I_RUN I_TURN_RIGHT I_RUN I_TURN_RIGHT I_RUN I_TURN_RIGHT I_RUN I_TURN_RIGHT I_RUN
turn left thrice after look left	I_TURN_LEFT I_LOOK I_TURN_LEFT I_TURN_LEFT I_TURN_LEFT
jump left and walk left thrice	I_TURN_LEFT I_JUMP I_TURN_LEFT I_WALK I_TURN_LEFT I_WALK I_TURN_LEFT I_WALK
jump around right twice and run opposite right twice	I_TURN_RIGHT I_JUMP I_TURN_RIGHT I_JUMP I_TURN_RIGHT I_JUMP I_TURN_RIGHT I_JUMP I_TURN_RIGHT I_JUMP I_TURN_RIGHT I_JUMP I_TURN_RIGHT I_JUMP I_TURN_RIGHT I_JUMP I_TURN_RIGHT I_TURN_RIGHT I_RUN I_TURN_RIGHT I_TURN_RIGHT I_RUN
look around right thrice after jump around left	I_TURN_LEFT I_JUMP I_TURN_LEFT I_JUMP I_TURN_LEFT I_JUMP I_TURN_LEFT I_JUMP I_TURN_RIGHT I_LOOK I_TURN_RIGHT I_LOOK I_TURN_RIGHT I_LOOK I_TURN_RIGHT I_LOOK I_TURN_RIGHT I_LOOK I_TURN_RIGHT I_LOOK I_TURN_RIGHT I_LOOK I_TURN_RIGHT I_LOOK I_TURN_RIGHT I_LOOK I_TURN_RIGHT I_LOOK I_TURN_RIGHT I_LOOK I_TURN_RIGHT I_LOOK
walk thrice and turn opposite left thrice	I_WALK I_WALK I_WALK I_TURN_LEFT I_TURN_LEFT I_TURN_LEFT I_TURN_LEFT I_TURN_LEFT I_TURN_LEFT
run opposite right twice after turn right	I_TURN_RIGHT I_TURN_RIGHT I_TURN_RIGHT I_RUN I_TURN_RIGHT I_TURN_RIGHT I_RUN
walk around left and look right thrice	I_TURN_LEFT I_WALK I_TURN_LEFT I_WALK I_TURN_LEFT I_WALK I_TURN_LEFT I_WALK I_TURN_RIGHT I_LOOK I_TURN_RIGHT I_LOOK I_TURN_RIGHT I_LOOK
jump right thrice and walk left	I_TURN_RIGHT I_JUMP I_TURN_RIGHT I_JUMP I_TURN_RIGHT I_JUMP I_TURN_LEFT I_WALK
walk opposite left twice and run opposite left	I_TURN_LEFT I_TURN_LEFT I_WALK I_TURN_LEFT I_TURN_LEFT I_WALK I_TURN_LEFT I_TURN_LEFT I_RUN
jump opposite right thrice after turn right twice	I_TURN_RIGHT I_TURN_RIGHT I_TURN_RIGHT I_TURN_RIGHT I_JUMP I_TURN_RIGHT I_TURN_RIGHT I_JUMP I_TURN_RIGHT I_TURN_RIGHT I_JUMP
look thrice and look around right twice	I_LOOK I_LOOK I_LOOK I_TURN_RIGHT I_LOOK I_TURN_RIGHT I_LOOK I_TURN_RIGHT I_LOOK I_TURN_RIGHT I_LOOK I_TURN_RIGHT I_LOOK I_TURN_RIGHT I_LOOK I_TURN_RIGHT I_LOOK I_TURN_RIGHT I_LOOK
turn opposite right thrice after walk right twice	I_TURN_RIGHT I_WALK I_TURN_RIGHT I_WALK I_TURN_RIGHT I_TURN_RIGHT I_TURN_RIGHT I_TURN_RIGHT I_TURN_RIGHT I_TURN_RIGHT
look twice after look around right	I_TURN_RIGHT I_LOOK I_TURN_RIGHT I_LOOK I_TURN_RIGHT I_LOOK I_TURN_RIGHT I_LOOK I_LOOK I_LOOK
look opposite right twice after turn around right thrice	I_TURN_RIGHT I_TURN_RIGHT I_TURN_RIGHT I_TURN_RIGHT I_TURN_RIGHT I_TURN_RIGHT I_TURN_RIGHT I_TURN_RIGHT I_TURN_RIGHT I_TURN_RIGHT I_TURN_RIGHT I_TURN_RIGHT I_TURN_RIGHT I_TURN_RIGHT I_LOOK I_TURN_RIGHT I_TURN_RIGHT I_LOOK
look left twice and turn around right thrice	I_TURN_LEFT I_LOOK I_TURN_LEFT I_LOOK I_TURN_RIGHT I_TURN_RIGHT I_TURN_RIGHT I_TURN_RIGHT I_TURN_RIGHT I_TURN_RIGHT I_TURN_RIGHT I_TURN_RIGHT I_TURN_RIGHT I_TURN_RIGHT I_TURN_RIGHT I_TURN_RIGHT
look thrice after turn left thrice	I_TURN_LEFT I_TURN_LEFT I_TURN_LEFT I_LOOK I_LOOK I_LOOK
jump opposite right thrice after run right twice	I_TURN_RIGHT I_RUN I_TURN_RIGHT I_RUN I_TURN_RIGHT I_TURN_RIGHT I_JUMP I_TURN_RIGHT I_TURN_RIGHT I_JUMP I_TURN_RIGHT I_TURN_RIGHT I_JUMP
walk right after turn around left twice	I_TURN_LEFT I_TURN_LEFT I_TURN_LEFT I_TURN_LEFT I_TURN_LEFT I_TURN_LEFT I_TURN_LEFT I_TURN_LEFT I_TURN_RIGHT I_WALK
walk around left thrice and jump left twice	I_TURN_LEFT I_WALK I_TURN_LEFT I_WALK I_TURN_LEFT I_WALK I_TURN_LEFT I_WALK I_TURN_LEFT I_WALK I_TURN_LEFT I_WALK I_TURN_LEFT I_WALK I_TURN_LEFT I_WALK I_TURN_LEFT I_WALK I_TURN_LEFT I_WALK I_TURN_LEFT I_WALK I_TURN_LEFT I_WALK I_TURN_LEFT I_JUMP I_TURN_LEFT I_JUMP
run opposite left thrice and jump left thrice	I_TURN_LEFT I_TURN_LEFT I_RUN I_TURN_LEFT I_TURN_LEFT I_RUN I_TURN_LEFT I_TURN_LEFT I_RUN I_TURN_LEFT I_JUMP I_TURN_LEFT I_JUMP I_TURN_LEFT I_JUMP
jump around left and run around left	I_TURN_LEFT I_JUMP I_TURN_LEFT I_JUMP I_TURN_LEFT I_JUMP I_TURN_LEFT I_JUMP I_TURN_LEFT I_RUN I_TURN_LEFT I_RUN I_TURN_LEFT I_RUN I_TURN_LEFT I_RUN
walk opposite left twice after turn right thrice	I_TURN_RIGHT I_TURN_RIGHT I_TURN_RIGHT I_TURN_LEFT I_TURN_LEFT I_WALK I_TURN_LEFT I_TURN_LEFT I_WALK
run around left after jump opposite left thrice	I_TURN_LEFT I_TURN_LEFT I_JUMP I_TURN_LEFT I_TURN_LEFT I_JUMP I_TURN_LEFT I_TURN_LEFT I_JUMP I_TURN_LEFT I_RUN I_TURN_LEFT I_RUN I_TURN_LEFT I_RUN I_TURN_LEFT I_RUN
run around left thrice and turn right thrice	I_TURN_LEFT I_RUN I_TURN_LEFT I_RUN I_TURN_LEFT I_RUN I_TURN_LEFT I_RUN I_TURN_LEFT I_RUN I_TURN_LEFT I_RUN I_TURN_LEFT I_RUN I_TURN_LEFT I_RUN I_TURN_LEFT I_RUN I_TURN_LEFT I_RUN I_TURN_LEFT I_RUN I_TURN_LEFT I_RUN I_TURN_RIGHT I_TURN_RIGHT I_TURN_RIGHT
run opposite left thrice after run left	I_TURN_LEFT I_RUN I_TURN_LEFT I_TURN_LEFT I_RUN I_TURN_LEFT I_TURN_LEFT I_RUN I_TURN_LEFT I_TURN_LEFT I_RUN
look thrice and turn around left	I_LOOK I_LOOK I_LOOK I_TURN_LEFT I_TURN_LEFT I_TURN_LEFT I_TURN_LEFT
turn left after look around left	I_TURN_LEFT I_LOOK I_TURN_LEFT I_LOOK I_TURN_LEFT I_LOOK I_TURN_LEFT I_LOOK I_TURN_LEFT
walk opposite left thrice after run around right twice	I_TURN_RIGHT I_RUN I_TURN_RIGHT I_RUN I_TURN_RIGHT I_RUN I_TURN_RIGHT I_RUN I_TURN_RIGHT I_RUN I_TURN_RIGHT I_RUN I_TURN_RIGHT I_RUN I_TURN_RIGHT I_RUN I_TURN_LEFT I_TURN_LEFT I_WALK I_TURN_LEFT I_TURN_LEFT I_WALK I_TURN_LEFT I_TURN_LEFT I_WALK
jump opposite right twice after walk around left twice	I_TURN_LEFT I_WALK I_TURN_LEFT I_WALK I_TURN_LEFT I_WALK I_TURN_LEFT I_WALK I_TURN_LEFT I_WALK I_TURN_LEFT I_WALK I_TURN_LEFT I_WALK I_TURN_LEFT I_WALK I_TURN_RIGHT I_TURN_RIGHT I_JUMP I_TURN_RIGHT I_TURN_RIGHT I_JUMP
turn opposite left twice after look around left	I_TURN_LEFT I_LOOK I_TURN_LEFT I_LOOK I_TURN_LEFT I_LOOK I_TURN_LEFT I_LOOK I_TURN_LEFT I_TURN_LEFT I_TURN_LEFT I_TURN_LEFT
jump around right and jump twice	I_TURN_RIGHT I_JUMP I_TURN_RIGHT I_JUMP I_TURN_RIGHT I_JUMP I_TURN_RIGHT I_JUMP I_JUMP I_JUMP
walk right and run thrice	I_TURN_RIGHT I_WALK I_RUN I_RUN I_RUN
run thrice and turn opposite right twice	I_RUN I_RUN I_RUN I_TURN_RIGHT I_TURN_RIGHT I_TURN_RIGHT I_TURN_RIGHT
walk thrice after turn opposite left thrice	I_TURN_LEFT I_TURN_LEFT I_TURN_LEFT I_TURN_LEFT I_TURN_LEFT I_TURN_LEFT I_WALK I_WALK I_WALK
look around right thrice after look left	I_TURN_LEFT I_LOOK I_TURN_RIGHT I_LOOK I_TURN_RIGHT I_LOOK I_TURN_RIGHT I_LOOK I_TURN_RIGHT I_LOOK I_TURN_RIGHT I_LOOK I_TURN_RIGHT I_LOOK I_TURN_RIGHT I_LOOK I_TURN_RIGHT I_LOOK I_TURN_RIGHT I_LOOK I_TURN_RIGHT I_LOOK I_TURN_RIGHT I_LOOK I_TURN_RIGHT I_LOOK
look around left twice and walk opposite left thrice	I_TURN_LEFT I_LOOK I_TURN_LEFT I_LOOK I_TURN_LEFT I_LOOK I_TURN_LEFT I_LOOK I_TURN_LEFT I_LOOK I_TURN_LEFT I_LOOK I_TURN_LEFT I_LOOK I_TURN_LEFT I_LOOK I_TURN_LEFT I_TURN_LEFT I_WALK I_TURN_LEFT I_TURN_LEFT I_WALK I_TURN_LEFT I_TURN_LEFT I_WALK
turn opposite right twice and look around right	I_TURN_RIGHT I_TURN_RIGHT I_TURN_RIGHT I_TURN_RIGHT I_TURN_RIGHT I_LOOK I_TURN_RIGHT I_LOOK I_TURN_RIGHT I_LOOK I_TURN_RIGHT I_LOOK
jump left thrice after run right twice	I_TURN_RIGHT I_RUN I_TURN_RIGHT I_RUN I_TURN_LEFT I_JUMP I_TURN_LEFT I_JUMP I_TURN_LEFT I_JUMP
jump left twice and walk opposite right twice	I_TURN_LEFT I_JUMP I_TURN_LEFT I_JUMP I_TURN_RIGHT I_TURN_RIGHT I_WALK I_TURN_RIGHT I_TURN_RIGHT I_WALK
look and turn around right twice	I_LOOK I_TURN_RIGHT I_TURN_RIGHT I_TURN_RIGHT I_TURN_RIGHT I_TURN_RIGHT I_TURN_RIGHT I_TURN_RIGHT I_TURN_RIGHT
walk right thrice and turn left thrice	I_TURN_RIGHT I_WALK I_TURN_RIGHT I_WALK I_TURN_RIGHT I_WALK I_TURN_LEFT I_TURN_LEFT I_TURN_LEFT
turn left thrice after run	I_RUN I_TURN_LEFT I_TURN_LEFT I_TURN_LEFT
walk right and run around left	I_TURN_RIGHT I_WALK I_TURN_LEFT I_RUN I_TURN_LEFT I_RUN I_TURN_LEFT I_RUN I_TURN_LEFT I_RUN
run around right twice after walk thrice	I_WALK I_WALK I_WALK I_TURN_RIGHT I_RUN I_TURN_RIGHT I_RUN I_TURN_RIGHT I_RUN I_TURN_RIGHT I_RUN I_TURN_RIGHT I_RUN I_TURN_RIGHT I_RUN I_TURN_RIGHT I_RUN I_TURN_RIGHT I_RUN
walk opposite right after walk left thrice	I_TURN_LEFT I_WALK I_TURN_LEFT I_WALK I_TURN_LEFT I_WALK I_TURN_RIGHT I_TURN_RIGHT I_WALK
look opposite left thrice and look left	I_TURN_LEFT I_TURN_LEFT I_LOOK I_TURN_LEFT I_TURN_LEFT I_LOOK I_TURN_LEFT I_TURN_LEFT I_LOOK I_TURN_LEFT I_LOOK
turn opposite right thrice after turn left	I_TURN_LEFT I_TURN_RIGHT I_TURN_RIGHT I_TURN_RIGHT I_TURN_RIGHT I_TURN_RIGHT I_TURN_RIGHT
walk around left after run	I_RUN I_TURN_LEFT I_WALK I_TURN_LEFT I_WALK I_TURN_LEFT I_WALK I_TURN_LEFT I_WALK
run around right and turn around right thrice	I_TURN_RIGHT I_RUN I_TURN_RIGHT I_RUN I_TURN_RIGHT I_RUN I_TURN_RIGHT I_RUN I_TURN_RIGHT I_TURN_RIGHT I_TURN_RIGHT I_TURN_RIGHT I_TURN_RIGHT I_TURN_RIGHT I_TURN_RIGHT I_TURN_RIGHT I_TURN_RIGHT I_TURN_RIGHT I_TURN_RIGHT I_TURN_RIGHT
walk twice and walk around left twice	I_WALK I_WALK I_TURN_LEFT I_WALK I_TURN_LEFT I_WALK I_TURN_LEFT I_WALK I_TURN_LEFT I_WALK I_TURN_LEFT I_WALK I_TURN_LEFT I_WALK I_TURN_LEFT I_WALK I_TURN_LEFT I_WALK
look around left twice and walk twice	I_TURN_LEFT I_LOOK I_TURN_LEFT I_LOOK I_TURN_LEFT I_LOOK I_TURN_LEFT I_LOOK I_TURN_LEFT I_LOOK I_TURN_LEFT I_LOOK I_TURN_LEFT I_LOOK I_TURN_LEFT I_LOOK I_WALK I_WALK
look opposite left after walk opposite left twice	I_TURN_LEFT I_TURN_LEFT I_WALK I_TURN_LEFT I_TURN_LEFT I_WALK I_TURN_LEFT I_TURN_LEFT I_LOOK
run around left thrice after walk left thrice	I_TURN_LEFT I_WALK I_TURN_LEFT I_WALK I_TURN_LEFT I_WALK I_TURN_LEFT I_RUN I_TURN_LEFT I_RUN I_TURN_LEFT I_RUN I_TURN_LEFT I_RUN I_TURN_LEFT I_RUN I_TURN_LEFT I_RUN I_TURN_LEFT I_RUN I_TURN_LEFT I_RUN I_TURN_LEFT I_RUN I_TURN_LEFT I_RUN I_TURN_LEFT I_RUN I_TURN_LEFT I_RUN
walk around left thrice and run around right thrice	I_TURN_LEFT I_WALK I_TURN_LEFT I_WALK I_TURN_LEFT I_WALK I_TURN_LEFT I_WALK I_TURN_LEFT I_WALK I_TURN_LEFT I_WALK I_TURN_LEFT I_WALK I_TURN_LEFT I_WALK I_TURN_LEFT I_WALK I_TURN_LEFT I_WALK I_TURN_LEFT I_WALK I_TURN_LEFT I_WALK I_TURN_RIGHT I_RUN I_TURN_RIGHT I_RUN I_TURN_RIGHT I_RUN I_TURN_RIGHT I_RUN I_TURN_RIGHT I_RUN I_TURN_RIGHT I_RUN I_TURN_RIGHT I_RUN I_TURN_RIGHT I_RUN I_TURN_RIGHT I_RUN I_TURN_RIGHT I_RUN I_TURN_RIGHT I_RUN I_TURN_RIGHT I_RUN
turn opposite left after walk opposite left thrice	I_TURN_LEFT I_TURN_LEFT I_WALK I_TURN_LEFT I_TURN_LEFT I_WALK I_TURN_LEFT I_TURN_LEFT I_WALK I_TURN_LEFT I_TURN_LEFT
turn opposite right twice after look opposite right	I_TURN_RIGHT I_TURN_RIGHT I_LOOK I_TURN_RIGHT I_TURN_RIGHT I_TURN_RIGHT I_TURN_RIGHT
walk around right twice and turn around left twice	I_TURN_RIGHT I_WALK I_TURN_RIGHT I_WALK I_TURN_RIGHT I_WALK I_TURN_RIGHT I_WALK I_TURN_RIGHT I_WALK I_TURN_RIGHT I_WALK I_TURN_RIGHT I_WALK I_TURN_RIGHT I_WALK I_TURN_LEFT I_TURN_LEFT I_TURN_LEFT I_TURN_LEFT I_TURN_LEFT I_TURN_LEFT I_TURN_LEFT I_TURN_LEFT
walk left after walk opposite left	I_TURN_LEFT I_TURN_LEFT I_WALK I_TURN_LEFT I_WALK
run opposite left after jump right	I_TURN_RIGHT I_JUMP I_TURN_LEFT I_TURN_LEFT I_RUN
turn opposite left and jump left	I_TURN_LEFT I_TURN_LEFT I_TURN_LEFT I_JUMP
jump around left thrice and look around left twice	I_TURN_LEFT I_JUMP I_TURN_LEFT I_JUMP I_TURN_LEFT I_JUMP I_TURN_LEFT I_JUMP I_TURN_LEFT I_JUMP I_TURN_LEFT I_JUMP I_TURN_LEFT I_JUMP I_TURN_LEFT I_JUMP I_TURN_LEFT I_JUMP I_TURN_LEFT I_JUMP I_TURN_LEFT I_JUMP I_TURN_LEFT I_JUMP I_TURN_LEFT I_LOOK I_TURN_LEFT I_LOOK I_TURN_LEFT I_LOOK I_TURN_LEFT I_LOOK I_TURN_LEFT I_LOOK I_TURN_LEFT I_LOOK I_TURN_LEFT I_LOOK I_TURN_LEFT I_LOOK
turn right twice after look opposite left	I_TURN_LEFT I_TURN_LEFT I_LOOK I_TURN_RIGHT I_TURN_RIGHT
jump opposite left thrice after look around left thrice	I_TURN_LEFT I_LOOK I_TURN_LEFT I_LOOK I_TURN_LEFT I_LOOK I_TURN_LEFT I_LOOK I_TURN_LEFT I_LOOK I_TURN_LEFT I_LOOK I_TURN_LEFT I_LOOK I_TURN_LEFT I_LOOK I_TURN_LEFT I_LOOK I_TURN_LEFT I_LOOK I_TURN_LEFT I_LOOK I_TURN_LEFT I_LOOK I_TURN_LEFT I_TURN_LEFT I_JUMP I_TURN_LEFT I_TURN_LEFT I_JUMP I_TURN_LEFT I_TURN_LEFT I_JUMP
look opposite right twice and run right	I_TURN_RIGHT I_TURN_RIGHT I_LOOK I_TURN_RIGHT I_TURN_RIGHT I_LOOK I_TURN_RIGHT I_RUN
run right thrice after look around left twice	I_TURN_LEFT I_LOOK I_TURN_LEFT I_LOOK I_TURN_LEFT I_LOOK I_TURN_LEFT I_LOOK I_TURN_LEFT I_LOOK I_TURN_LEFT I_LOOK I_TURN_LEFT I_LOOK I_TURN_LEFT I_LOOK I_TURN_RIGHT I_RUN I_TURN_RIGHT I_RUN I_TURN_RIGHT I_RUN
turn around right twice and walk left twice	I_TURN_RIGHT I_TURN_RIGHT I_TURN_RIGHT I_TURN_RIGHT I_TURN_RIGHT I_TURN_RIGHT I_TURN_RIGHT I_TURN_RIGHT I_TURN_LEFT I_WALK I_TURN_LEFT I_WALK
run after run opposite right	I_TURN_RIGHT I_TURN_RIGHT I_RUN I_RUN
run opposite right twice and jump left	I_TURN_RIGHT I_TURN_RIGHT I_RUN I_TURN_RIGHT I_TURN_RIGHT I_RUN I_TURN_LEFT I_JUMP
turn opposite right twice after run around left thrice	I_TURN_LEFT I_RUN I_TURN_LEFT I_RUN I_TURN_LEFT I_RUN I_TURN_LEFT I_RUN I_TURN_LEFT I_RUN I_TURN_LEFT I_RUN I_TURN_LEFT I_RUN I_TURN_LEFT I_RUN I_TURN_LEFT I_RUN I_TURN_LEFT I_RUN I_TURN_LEFT I_RUN I_TURN_LEFT I_RUN I_TURN_RIGHT I_TURN_RIGHT I_TURN_RIGHT I_TURN_RIGHT
look around left and run	I_TURN_LEFT I_LOOK I_TURN_LEFT I_LOOK I_TURN_LEFT I_LOOK I_TURN_LEFT I_LOOK I_RUN
look left and look opposite right	I_TURN_LEFT I_LOOK I_TURN_RIGHT I_TURN_RIGHT I_LOOK
look opposite right twice and jump around left twice	I_TURN_RIGHT I_TURN_RIGHT I_LOOK I_TURN_RIGHT I_TURN_RIGHT I_LOOK I_TURN_LEFT I_JUMP I_TURN_LEFT I_JUMP I_TURN_LEFT I_JUMP I_TURN_LEFT I_JUMP I_TURN_LEFT I_JUMP I_TURN_LEFT I_JUMP I_TURN_LEFT I_JUMP I_TURN_LEFT I_JUMP
look around right and run around left twice	I_TURN_RIGHT I_LOOK I_TURN_RIGHT I_LOOK I_TURN_RIGHT I_LOOK I_TURN_RIGHT I_LOOK I_TURN_LEFT I_RUN I_TURN_LEFT I_RUN I_TURN_LEFT I_RUN I_TURN_LEFT I_RUN I_TURN_LEFT I_RUN I_TURN_LEFT I_RUN I_TURN_LEFT I_RUN I_TURN_LEFT I_RUN
walk left twice and walk around left	I_TURN_LEFT I_WALK I_TURN_LEFT I_WALK I_TURN_LEFT I_WALK I_TURN_LEFT I_WALK I_TURN_LEFT I_WALK I_TURN_LEFT I_WALK
turn opposite right and turn around right twice	I_TURN_RIGHT I_TURN_RIGHT I_TURN_RIGHT I_TURN_RIGHT I_TURN_RIGHT I_TURN_RIGHT I_TURN_RIGHT I_TURN_RIGHT I_TURN_RIGHT I_TURN_RIGHT
jump around right thrice after turn opposite left thrice	I_TURN_LEFT I_TURN_LEFT I_TURN_LEFT I_TURN_LEFT I_TURN_LEFT I_TURN_LEFT I_TURN_RIGHT I_JUMP I_TURN_RIGHT I_JUMP I_TURN_RIGHT I_JUMP I_TURN_RIGHT I_JUMP I_TURN_RIGHT I_JUMP I_TURN_RIGHT I_JUMP I_TURN_RIGHT I_JUMP I_TURN_RIGHT I_JUMP I_TURN_RIGHT I_JUMP I_TURN_RIGHT I_JUMP I_TURN_RIGHT I_JUMP I_TURN_RIGHT I_JUMP
walk around left thrice after turn around right thrice	I_TURN_RIGHT I_TURN_RIGHT I_TURN_RIGHT I_TURN_RIGHT I_TURN_RIGHT I_TURN_RIGHT I_TURN_RIGHT I_TURN_RIGHT I_TURN_RIGHT I_TURN_RIGHT I_TURN_RIGHT I_TURN_RIGHT I_TURN_LEFT I_WALK I_TURN_LEFT I_WALK I_TURN_LEFT I_WALK I_TURN_LEFT I_WALK I_TURN_LEFT I_WALK I_TURN_LEFT I_WALK I_TURN_LEFT I_WALK I_TURN_LEFT I_WALK I_TURN_LEFT I_WALK I_TURN_LEFT I_WALK I_TURN_LEFT I_WALK I_TURN_LEFT I_WALK
jump around right after turn opposite left twice	I_TURN_LEFT I_TURN_LEFT I_TURN_LEFT I_TURN_LEFT I_TURN_RIGHT I_JUMP I_TURN_RIGHT I_JUMP I_TURN_RIGHT I_JUMP I_TURN_RIGHT I_JUMP
look left thrice after walk opposite right	I_TURN_RIGHT I_TURN_RIGHT I_WALK I_TURN_LEFT I_LOOK I_TURN_LEFT I_LOOK I_TURN_LEFT I_LOOK
turn around left twice and jump left	I_TURN_LEFT I_TURN_LEFT I_TURN_LEFT I_TURN_LEFT I_TURN_LEFT I_TURN_LEFT I_TURN_LEFT I_TURN_LEFT I_TURN_LEFT I_JUMP
run right after look opposite right	I_TURN_RIGHT I_TURN_RIGHT I_LOOK I_TURN_RIGHT I_RUN
look twice and run right thrice	I_LOOK I_LOOK I_TURN_RIGHT I_RUN I_TURN_RIGHT I_RUN I_TURN_RIGHT I_RUN
run around left and run right thrice	I_TURN_LEFT I_RUN I_TURN_LEFT I_RUN I_TURN_LEFT I_RUN I_TURN_LEFT I_RUN I_TURN_RIGHT I_RUN I_TURN_RIGHT I_RUN I_TURN_RIGHT I_RUN
walk opposite right twice after run right thrice	I_TURN_RIGHT I_RUN I_TURN_RIGHT I_RUN I_TURN_RIGHT I_RUN I_TURN_RIGHT I_TURN_RIGHT I_WALK I_TURN_RIGHT I_TURN_RIGHT I_WALK
look around left twice and turn opposite right thrice	I_TURN_LEFT I_LOOK I_TURN_LEFT I_LOOK I_TURN_LEFT I_LOOK I_TURN_LEFT I_LOOK I_TURN_LEFT I_LOOK I_TURN_LEFT I_LOOK I_TURN_LEFT I_LOOK I_TURN_LEFT I_LOOK I_TURN_RIGHT I_TURN_RIGHT I_TURN_RIGHT I_TURN_RIGHT I_TURN_RIGHT I_TURN_RIGHT
walk left thrice and look left thrice	I_TURN_LEFT I_WALK I_TURN_LEFT I_WALK I_TURN_LEFT I_WALK I_TURN_LEFT I_LOOK I_TURN_LEFT I_LOOK I_TURN_LEFT I_LOOK
run and turn around left thrice	I_RUN I_TURN_LEFT I_TURN_LEFT I_TURN_LEFT I_TURN_LEFT I_TURN_LEFT I_TURN_LEFT I_TURN_LEFT I_TURN_LEFT I_TURN_LEFT I_TURN_LEFT I_TURN_LEFT I_TURN_LEFT
turn opposite left and walk around right thrice	I_TURN_LEFT I_TURN_LEFT I_TURN_RIGHT I_WALK I_TURN_RIGHT I_WALK I_TURN_RIGHT I_WALK I_TURN_RIGHT I_WALK I_TURN_RIGHT I_WALK I_TURN_RIGHT I_WALK I_TURN_RIGHT I_WALK I_TURN_RIGHT I_WALK I_TURN_RIGHT I_WALK I_TURN_RIGHT I_WALK I_TURN_RIGHT I_WALK I_TURN_RIGHT I_WALK
jump opposite left after walk opposite right twice	I_TURN_RIGHT I_TURN_RIGHT I_WALK I_TURN_RIGHT I_TURN_RIGHT I_WALK I_TURN_LEFT I_TURN_LEFT I_JUMP
walk opposite right thrice and turn around left	I_TURN_RIGHT I_TURN_RIGHT I_WALK I_TURN_RIGHT I_TURN_RIGHT I_WALK I_TURN_RIGHT I_TURN_RIGHT I_WALK I_TURN_LEFT I_TURN_LEFT I_TURN_LEFT I_TURN_LEFT
turn opposite right after look around right twice	I_TURN_RIGHT I_LOOK I_TURN_RIGHT I_LOOK I_TURN_RIGHT I_LOOK I_TURN_RIGHT I_LOOK I_TURN_RIGHT I_LOOK I_TURN_RIGHT I_LOOK I_TURN_RIGHT I_LOOK I_TURN_RIGHT I_LOOK I_TURN_RIGHT I_TURN_RIGHT
walk after walk around right	I_TURN_RIGHT I_WALK I_TURN_RIGHT I_WALK I_TURN_RIGHT I_WALK I_TURN_RIGHT I_WALK I_WALK
run opposite left twice and walk left thrice	I_TURN_LEFT I_TURN_LEFT I_RUN I_TURN_LEFT I_TURN_LEFT I_RUN I_TURN_LEFT I_WALK I_TURN_LEFT I_WALK I_TURN_LEFT I_WALK
walk opposite left twice and look left thrice	I_TURN_LEFT I_TURN_LEFT I_WALK I_TURN_LEFT I_TURN_LEFT I_WALK I_TURN_LEFT I_LOOK I_TURN_LEFT I_LOOK I_TURN_LEFT I_LOOK
turn left and jump left	I_TURN_LEFT I_TURN_LEFT I_JUMP
jump opposite left and turn opposite left thrice	I_TURN_LEFT I_TURN_LEFT I_JUMP I_TURN_LEFT I_TURN_LEFT I_TURN_LEFT I_TURN_LEFT I_TURN_LEFT I_TURN_LEFT
look left thrice after look around left	I_TURN_LEFT I_LOOK I_TURN_LEFT I_LOOK I_TURN_LEFT I_LOOK I_TURN_LEFT I_LOOK I_TURN_LEFT I_LOOK I_TURN_LEFT I_LOOK I_TURN_LEFT I_LOOK
look left after look around left twice	I_TURN_LEFT I_LOOK I_TURN_LEFT I_LOOK I_TURN_LEFT I_LOOK I_TURN_LEFT I_LOOK I_TURN_LEFT I_LOOK I_TURN_LEFT I_LOOK I_TURN_LEFT I_LOOK I_TURN_LEFT I_LOOK I_TURN_LEFT I_LOOK
turn around right and run opposite left thrice	I_TURN_RIGHT I_TURN_RIGHT I_TURN_RIGHT I_TURN_RIGHT I_TURN_LEFT I_TURN_LEFT I_RUN I_TURN_LEFT I_TURN_LEFT I_RUN I_TURN_LEFT I_TURN_LEFT I_RUN
walk around right and turn right thrice	I_TURN_RIGHT I_WALK I_TURN_RIGHT I_WALK I_TURN_RIGHT I_WALK I_TURN_RIGHT I_WALK I_TURN_RIGHT I_TURN_RIGHT I_TURN_RIGHT
turn opposite left twice and jump opposite left twice	I_TURN_LEFT I_TURN_LEFT I_TURN_LEFT I_TURN_LEFT I_TURN_LEFT I_TURN_LEFT I_JUMP I_TURN_LEFT I_TURN_LEFT I_JUMP
turn right twice after jump opposite left thrice	I_TURN_LEFT I_TURN_LEFT I_JUMP I_TURN_LEFT I_TURN_LEFT I_JUMP I_TURN_LEFT I_TURN_LEFT I_JUMP I_TURN_RIGHT I_TURN_RIGHT
walk around left thrice and walk around left thrice	I_TURN_LEFT I_WALK I_TURN_LEFT I_WALK I_TURN_LEFT I_WALK I_TURN_LEFT I_WALK I_TURN_LEFT I_WALK I_TURN_LEFT I_WALK I_TURN_LEFT I_WALK I_TURN_LEFT I_WALK I_TURN_LEFT I_WALK I_TURN_LEFT I_WALK I_TURN_LEFT I_WALK I_TURN_LEFT I_WALK I_TURN_LEFT I_WALK I_TURN_LEFT I_WALK I_TURN_LEFT I_WALK I_TURN_LEFT I_WALK I_TURN_LEFT I_WALK I_TURN_LEFT I_WALK I_TURN_LEFT I_WALK I_TURN_LEFT I_WALK I_TURN_LEFT I_WALK I_TURN_LEFT I_WALK I_TURN_LEFT I_WALK I_TURN_LEFT I_WALK
jump around right after walk right	I_TURN_RIGHT I_WALK I_TURN_RIGHT I_JUMP I_TURN_RIGHT I_JUMP I_TURN_RIGHT I_JUMP I_TURN_RIGHT I_JUMP
walk left thrice after look left thrice	I_TURN_LEFT I_LOOK I_TURN_LEFT I_LOOK I_TURN_LEFT I_LOOK I_TURN_LEFT I_WALK I_TURN_LEFT I_WALK I_TURN_LEFT I_WALK
look around right after look around left twice	I_TURN_LEFT I_LOOK I_TURN_LEFT I_LOOK I_TURN_LEFT I_LOOK I_TURN_LEFT I_LOOK I_TURN_LEFT I_LOOK I_TURN_LEFT I_LOOK I_TURN_LEFT I_LOOK I_TURN_LEFT I_LOOK I_TURN_RIGHT I_LOOK I_TURN_RIGHT I_LOOK I_TURN_RIGHT I_LOOK I_TURN_RIGHT I_LOOK
run and run left thrice	I_RUN I_TURN_LEFT I_RUN I_TURN_LEFT I_RUN I_TURN_LEFT I_RUN
look around left thrice and run left thrice	I_TURN_LEFT I_LOOK I_TURN_LEFT I_LOOK I_TURN_LEFT I_LOOK I_TURN_LEFT I_LOOK I_TURN_LEFT I_LOOK I_TURN_LEFT I_LOOK I_TURN_LEFT I_LOOK I_TURN_LEFT I_LOOK I_TURN_LEFT I_LOOK I_TURN_LEFT I_LOOK I_TURN_LEFT I_LOOK I_TURN_LEFT I_LOOK I_TURN_LEFT I_RUN I_TURN_LEFT I_RUN I_TURN_LEFT I_RUN
jump around left twice after look right	I_TURN_RIGHT I_LOOK I_TURN_LEFT I_JUMP I_TURN_LEFT I_JUMP I_TURN_LEFT I_JUMP I_TURN_LEFT I_JUMP I_TURN_LEFT I_JUMP I_TURN_LEFT I_JUMP I_TURN_LEFT I_JUMP I_TURN_LEFT I_JUMP
turn around right after run opposite right	I_TURN_RIGHT I_TURN_RIGHT I_RUN I_TURN_RIGHT I_TURN_RIGHT I_TURN_RIGHT I_TURN_RIGHT
walk opposite right after look right	I_TURN_RIGHT I_LOOK I_TURN_RIGHT I_TURN_RIGHT I_WALK
run twice and walk around right twice	I_RUN I_RUN I_TURN_RIGHT I_WALK I_TURN_RIGHT I_WALK I_TURN_RIGHT I_WALK I_TURN_RIGHT I_WALK I_TURN_RIGHT I_WALK I_TURN_RIGHT I_WALK I_TURN_RIGHT I_WALK I_TURN_RIGHT I_WALK
run after run twice	I_RUN I_RUN I_RUN
run left and run opposite left twice	I_TURN_LEFT I_RUN I_TURN_LEFT I_TURN_LEFT I_RUN I_TURN_LEFT I_TURN_LEFT I_RUN
look left twice and look opposite left thrice	I_TURN_LEFT I_LOOK I_TURN_LEFT I_LOOK I_TURN_LEFT I_TURN_LEFT I_LOOK I_TURN_LEFT I_TURN_LEFT I_LOOK I_TURN_LEFT I_TURN_LEFT I_LOOK
run thrice and run thrice	I_RUN I_RUN I_RUN I_RUN I_RUN I_RUN
look around left twice after jump opposite right twice	I_TURN_RIGHT I_TURN_RIGHT I_JUMP I_TURN_RIGHT I_TURN_RIGHT I_JUMP I_TURN_LEFT I_LOOK I_TURN_LEFT I_LOOK I_TURN_LEFT I_LOOK I_TURN_LEFT I_LOOK I_TURN_LEFT I_LOOK I_TURN_LEFT I_LOOK I_TURN_LEFT I_LOOK I_TURN_LEFT I_LOOK
turn around right after walk left thrice	I_TURN_LEFT I_WALK I_TURN_LEFT I_WALK I_TURN_LEFT I_WALK I_TURN_RIGHT I_TURN_RIGHT I_TURN_RIGHT I_TURN_RIGHT
look after turn opposite left twice	I_TURN_LEFT I_TURN_LEFT I_TURN_LEFT I_TURN_LEFT I_LOOK
run right twice after walk around left thrice	I_TURN_LEFT I_WALK I_TURN_LEFT I_WALK I_TURN_LEFT I_WALK I_TURN_LEFT I_WALK I_TURN_LEFT I_WALK I_TURN_LEFT I_WALK I_TURN_LEFT I_WALK I_TURN_LEFT I_WALK I_TURN_LEFT I_WALK I_TURN_LEFT I_WALK I_TURN_LEFT I_WALK I_TURN_LEFT I_WALK I_TURN_RIGHT I_RUN I_TURN_RIGHT I_RUN
turn right	I_TURN_RIGHT
walk around right after look opposite left twice	I_TURN_LEFT I_TURN_LEFT I_LOOK I_TURN_LEFT I_TURN_LEFT I_LOOK I_TURN_RIGHT I_WALK I_TURN_RIGHT I_WALK I_TURN_RIGHT I_WALK I_TURN_RIGHT I_WALK
run around right twice and run around left thrice	I_TURN_RIGHT I_RUN I_TURN_RIGHT I_RUN I_TURN_RIGHT I_RUN I_TURN_RIGHT I_RUN I_TURN_RIGHT I_RUN I_TURN_RIGHT I_RUN I_TURN_RIGHT I_RUN I_TURN_RIGHT I_RUN I_TURN_LEFT I_RUN I_TURN_LEFT I_RUN I_TURN_LEFT I_RUN I_TURN_LEFT I_RUN I_TURN_LEFT I_RUN I_TURN_LEFT I_RUN I_TURN_LEFT I_RUN I_TURN_LEFT I_RUN I_TURN_LEFT I_RUN I_TURN_LEFT I_RUN I_TURN_LEFT I_RUN I_TURN_LEFT I_RUN
jump opposite left and jump opposite right thrice	I_TURN_LEFT I_TURN_LEFT I_JUMP I_TURN_RIGHT I_TURN_RIGHT I_JUMP I_TURN_RIGHT I_TURN_RIGHT I_JUMP I_TURN_RIGHT I_TURN_RIGHT I_JUMP
walk around left thrice after jump around right	I_TURN_RIGHT I_JUMP I_TURN_RIGHT I_JUMP I_TURN_RIGHT I_JUMP I_TURN_RIGHT I_JUMP I_TURN_LEFT I_WALK I_TURN_LEFT I_WALK I_TURN_LEFT I_WALK I_TURN_LEFT I_WALK I_TURN_LEFT I_WALK I_TURN_LEFT I_WALK I_TURN_LEFT I_WALK I_TURN_LEFT I_WALK I_TURN_LEFT I_WALK I_TURN_LEFT I_WALK I_TURN_LEFT I_WALK I_TURN_LEFT I_WALK
jump right twice and run	I_TURN_RIGHT I_JUMP I_TURN_RIGHT I_JUMP I_RUN
jump opposite left thrice and look right twice	I_TURN_LEFT I_TURN_LEFT I_JUMP I_TURN_LEFT I_TURN_LEFT I_JUMP I_TURN_LEFT I_TURN_LEFT I_JUMP I_TURN_RIGHT I_LOOK I_TURN_RIGHT I_LOOK
jump around right and run around left thrice	I_TURN_RIGHT I_JUMP I_TURN_RIGHT I_JUMP I_TURN_RIGHT I_JUMP I_TURN_RIGHT I_JUMP I_TURN_LEFT I_RUN I_TURN_LEFT I_RUN I_TURN_LEFT I_RUN I_TURN_LEFT I_RUN I_TURN_LEFT I_RUN I_TURN_LEFT I_RUN I_TURN_LEFT I_RUN I_TURN_LEFT I_RUN I_TURN_LEFT I_RUN I_TURN_LEFT I_RUN I_TURN_LEFT I_RUN I_TURN_LEFT I_RUN
walk right thrice and look thrice	I_TURN_RIGHT I_WALK I_TURN_RIGHT I_WALK I_TURN_RIGHT I_WALK I_LOOK I_LOOK I_LOOK
run opposite left thrice after jump opposite right twice	I_TURN_RIGHT I_TURN_RIGHT I_JUMP I_TURN_RIGHT I_TURN_RIGHT I_JUMP I_TURN_LEFT I_TURN_LEFT I_RUN I_TURN_LEFT I_TURN_LEFT I_RUN I_TURN_LEFT I_TURN_LEFT I_RUN
walk thrice after jump opposite left	I_TURN_LEFT I_TURN_LEFT I_JUMP I_WALK I_WALK I_WALK
walk around left after run opposite left twice	I_TURN_LEFT I_TURN_LEFT I_RUN I_TURN_LEFT I_TURN_LEFT I_RUN I_TURN_LEFT I_WALK I_TURN_LEFT I_WALK I_TURN_LEFT I_WALK I_TURN_LEFT I_WALK
look around left after walk opposite left twice	I_TURN_LEFT I_TURN_LEFT I_WALK I_TURN_LEFT I_TURN_LEFT I_WALK I_TURN_LEFT I_LOOK I_TURN_LEFT I_LOOK I_TURN_LEFT I_LOOK I_TURN_LEFT I_LOOK
jump opposite left after run right thrice	I_TURN_RIGHT I_RUN I_TURN_RIGHT I_RUN I_TURN_RIGHT I_RUN I_TURN_LEFT I_TURN_LEFT I_JUMP
run opposite right twice after walk left thrice	I_TURN_LEFT I_WALK I_TURN_LEFT I_WALK I_TURN_LEFT I_WALK I_TURN_RIGHT I_TURN_RIGHT I_RUN I_TURN_RIGHT I_TURN_RIGHT I_RUN
jump right after turn around right thrice	I_TURN_RIGHT I_TURN_RIGHT I_TURN_RIGHT I_TURN_RIGHT I_TURN_RIGHT I_TURN_RIGHT I_TURN_RIGHT I_TURN_RIGHT I_TURN_RIGHT I_TURN_RIGHT I_TURN_RIGHT I_TURN_RIGHT I_TURN_RIGHT I_JUMP
jump twice after jump thrice	I_JUMP I_JUMP I_JUMP I_JUMP I_JUMP
look right thrice and walk opposite left thrice	I_TURN_RIGHT I_LOOK I_TURN_RIGHT I_LOOK I_TURN_RIGHT I_LOOK I_TURN_LEFT I_TURN_LEFT I_WALK I_TURN_LEFT I_TURN_LEFT I_WALK I_TURN_LEFT I_TURN_LEFT I_WALK
walk twice after turn opposite left	I_TURN_LEFT I_TURN_LEFT I_WALK I_WALK
turn left thrice after jump right twice	I_TURN_RIGHT I_JUMP I_TURN_RIGHT I_JUMP I_TURN_LEFT I_TURN_LEFT I_TURN_LEFT
walk around left twice after walk right	I_TURN_RIGHT I_WALK I_TURN_LEFT I_WALK I_TURN_LEFT I_WALK I_TURN_LEFT I_WALK I_TURN_LEFT I_WALK I_TURN_LEFT I_WALK I_TURN_LEFT I_WALK I_TURN_LEFT I_WALK I_TURN_LEFT I_WALK
walk opposite right thrice after jump right thrice	I_TURN_RIGHT I_JUMP I_TURN_RIGHT I_JUMP I_TURN_RIGHT I_JUMP I_TURN_RIGHT I_TURN_RIGHT I_WALK I_TURN_RIGHT I_TURN_RIGHT I_WALK I_TURN_RIGHT I_TURN_RIGHT I_WALK
jump left thrice and turn around right thrice	I_TURN_LEFT I_JUMP I_TURN_LEFT I_JUMP I_TURN_LEFT I_JUMP I_TURN_RIGHT I_TURN_RIGHT I_TURN_RIGHT I_TURN_RIGHT I_TURN_RIGHT I_TURN_RIGHT I_TURN_RIGHT I_TURN_RIGHT I_TURN_RIGHT I_TURN_RIGHT I_TURN_RIGHT I_TURN_RIGHT
walk left after look left	I_TURN_LEFT I_LOOK I_TURN_LEFT I_WALK
turn right twice and walk opposite left thrice	I_TURN_RIGHT I_TURN_RIGHT I_TURN_LEFT I_TURN_LEFT I_WALK I_TURN_LEFT I_TURN_LEFT I_WALK I_TURN_LEFT I_TURN_LEFT I_WALK
turn around left thrice and jump opposite left thrice	I_TURN_LEFT I_TURN_LEFT I_TURN_LEFT I_TURN_LEFT I_TURN_LEFT I_TURN_LEFT I_TURN_LEFT I_TURN_LEFT I_TURN_LEFT I_TURN_LEFT I_TURN_LEFT I_TURN_LEFT I_TURN_LEFT I_TURN_LEFT I_JUMP I_TURN_LEFT I_TURN_LEFT I_JUMP I_TURN_LEFT I_TURN_LEFT I_JUMP
run around right after look right twice	I_TURN_RIGHT I_LOOK I_TURN_RIGHT I_LOOK I_TURN_RIGHT I_RUN I_TURN_RIGHT I_RUN I_TURN_RIGHT I_RUN I_TURN_RIGHT I_RUN
run and look around left	I_RUN I_TURN_LEFT I_LOOK I_TURN_LEFT I_LOOK I_TURN_LEFT I_LOOK I_TURN_LEFT I_LOOK
jump opposite right thrice and run around right twice	I_TURN_RIGHT I_TURN_RIGHT I_JUMP I_TURN_RIGHT I_TURN_RIGHT I_JUMP I_TURN_RIGHT I_TURN_RIGHT I_JUMP I_TURN_RIGHT I_RUN I_TURN_RIGHT I_RUN I_TURN_RIGHT I_RUN I_TURN_RIGHT I_RUN I_TURN_RIGHT I_RUN I_TURN_RIGHT I_RUN I_TURN_RIGHT I_RUN I_TURN_RIGHT I_RUN
walk left twice after run right twice	I_TURN_RIGHT I_RUN I_TURN_RIGHT I_RUN I_TURN_LEFT I_WALK I_TURN_LEFT I_WALK
walk opposite right twice after look around right thrice	I_TURN_RIGHT I_LOOK I_TURN_RIGHT I_LOOK I_TURN_RIGHT I_LOOK I_TURN_RIGHT I_LOOK I_TURN_RIGHT I_LOOK I_TURN_RIGHT I_LOOK I_TURN_RIGHT I_LOOK I_TURN_RIGHT I_LOOK I_TURN_RIGHT I_LOOK I_TURN_RIGHT I_LOOK I_TURN_RIGHT I_LOOK I_TURN_RIGHT I_LOOK I_TURN_RIGHT I_TURN_RIGHT I_WALK I_TURN_RIGHT I_TURN_RIGHT I_WALK
jump opposite left twice after jump twice	I_JUMP I_JUMP I_TURN_LEFT I_TURN_LEFT I_JUMP I_TURN_LEFT I_TURN_LEFT I_JUMP
run left twice and walk around right	I_TURN_LEFT I_RUN I_TURN_LEFT I_RUN I_TURN_RIGHT I_WALK I_TURN_RIGHT I_WALK I_TURN_RIGHT I_WALK I_TURN_RIGHT I_WALK
walk around left after jump right	I_TURN_RIGHT I_JUMP I_TURN_LEFT I_WALK I_TURN_LEFT I_WALK I_TURN_LEFT I_WALK I_TURN_LEFT I_WALK
walk and turn around left	I_WALK I_TURN_LEFT I_TURN_LEFT I_TURN_LEFT I_TURN_LEFT
look right thrice after walk left	I_TURN_LEFT I_WALK I_TURN_RIGHT I_LOOK I_TURN_RIGHT I_LOOK I_TURN_RIGHT I_LOOK
run around right thrice and run	I_TURN_RIGHT I_RUN I_TURN_RIGHT I_RUN I_TURN_RIGHT I_RUN I_TURN_RIGHT I_RUN I_TURN_RIGHT I_RUN I_TURN_RIGHT I_RUN I_TURN_RIGHT I_RUN I_TURN_RIGHT I_RUN I_TURN_RIGHT I_RUN I_TURN_RIGHT I_RUN I_TURN_RIGHT I_RUN I_TURN_RIGHT I_RUN I_RUN
walk around right and run twice	I_TURN_RIGHT I_WALK I_TURN_RIGHT I_WALK I_TURN_RIGHT I_WALK I_TURN_RIGHT I_WALK I_RUN I_RUN
walk opposite right twice after walk	I_WALK I_TURN_RIGHT I_TURN_RIGHT I_WALK I_TURN_RIGHT I_TURN_RIGHT I_WALK
look around left after walk left twice	I_TURN_LEFT I_WALK I_TURN_LEFT I_WALK I_TURN_LEFT I_LOOK I_TURN_LEFT I_LOOK I_TURN_LEFT I_LOOK I_TURN_LEFT I_LOOK
walk opposite left after turn opposite right thrice	I_TURN_RIGHT I_TURN_RIGHT I_TURN_RIGHT I_TURN_RIGHT I_TURN_RIGHT I_TURN_RIGHT I_TURN_LEFT I_TURN_LEFT I_WALK
run around right thrice and walk left twice	I_TURN_RIGHT I_RUN I_TURN_RIGHT I_RUN I_TURN_RIGHT I_RUN I_TURN_RIGHT I_RUN I_TURN_RIGHT I_RUN I_TURN_RIGHT I_RUN I_TURN_RIGHT I_RUN I_TURN_RIGHT I_RUN I_TURN_RIGHT I_RUN I_TURN_RIGHT I_RUN I_TURN_RIGHT I_RUN I_TURN_RIGHT I_RUN I_TURN_LEFT I_WALK I_TURN_LEFT I_WALK
turn around right after jump around left twice	I_TURN_LEFT I_JUMP I_TURN_LEFT I_JUMP I_TURN_LEFT I_JUMP I_TURN_LEFT I_JUMP I_TURN_LEFT I_JUMP I_TURN_LEFT I_JUMP I_TURN_LEFT I_JUMP I_TURN_LEFT I_JUMP I_TURN_RIGHT I_TURN_RIGHT I_TURN_RIGHT I_TURN_RIGHT
run left twice and run around right twice	I_TURN_LEFT I_RUN I_TURN_LEFT I_RUN I_TURN_RIGHT I_RUN I_TURN_RIGHT I_RUN I_TURN_RIGHT I_RUN I_TURN_RIGHT I_RUN I_TURN_RIGHT I_RUN I_TURN_RIGHT I_RUN I_TURN_RIGHT I_RUN I_TURN_RIGHT I_RUN
turn opposite left thrice after turn opposite left twice	I_TURN_LEFT I_TURN_LEFT I_TURN_LEFT I_TURN_LEFT I_TURN_LEFT I_TURN_LEFT I_TURN_LEFT I_TURN_LEFT I_TURN_LEFT I_TURN_LEFT
walk left thrice and run left	I_TURN_LEFT I_WALK I_TURN_LEFT I_WALK I_TURN_LEFT I_WALK I_TURN_LEFT I_RUN
look around left twice after turn right	I_TURN_RIGHT I_TURN_LEFT I_LOOK I_TURN_LEFT I_LOOK I_TURN_LEFT I_LOOK I_TURN_LEFT I_LOOK I_TURN_LEFT I_LOOK I_TURN_LEFT I_LOOK I_TURN_LEFT I_LOOK I_TURN_LEFT I_LOOK
look after turn opposite right twice	I_TURN_RIGHT I_TURN_RIGHT I_TURN_RIGHT I_TURN_RIGHT I_LOOK
walk around right after turn left	I_TURN_LEFT I_TURN_RIGHT I_WALK I_TURN_RIGHT I_WALK I_TURN_RIGHT I_WALK I_TURN_RIGHT I_WALK
look left twice and look opposite right thrice	I_TURN_LEFT I_LOOK I_TURN_LEFT I_LOOK I_TURN_RIGHT I_TURN_RIGHT I_LOOK I_TURN_RIGHT I_TURN_RIGHT I_LOOK I_TURN_RIGHT I_TURN_RIGHT I_LOOK
look opposite left thrice and run opposite left	I_TURN_LEFT I_TURN_LEFT I_LOOK I_TURN_LEFT I_TURN_LEFT I_LOOK I_TURN_LEFT I_TURN_LEFT I_LOOK I_TURN_LEFT I_TURN_LEFT I_RUN
look opposite right twice after turn left thrice	I_TURN_LEFT I_TURN_LEFT I_TURN_LEFT I_TURN_RIGHT I_TURN_RIGHT I_LOOK I_TURN_RIGHT I_TURN_RIGHT I_LOOK
jump around left and look opposite right	I_TURN_LEFT I_JUMP I_TURN_LEFT I_JUMP I_TURN_LEFT I_JUMP I_TURN_LEFT I_JUMP I_TURN_RIGHT I_TURN_RIGHT I_LOOK
jump opposite right twice after run opposite right twice	I_TURN_RIGHT I_TURN_RIGHT I_RUN I_TURN_RIGHT I_TURN_RIGHT I_RUN I_TURN_RIGHT I_TURN_RIGHT I_JUMP I_TURN_RIGHT I_TURN_RIGHT I_JUMP
walk right thrice after jump opposite right	I_TURN_RIGHT I_TURN_RIGHT I_JUMP I_TURN_RIGHT I_WALK I_TURN_RIGHT I_WALK I_TURN_RIGHT I_WALK
run around right twice and look	I_TURN_RIGHT I_RUN I_TURN_RIGHT I_RUN I_TURN_RIGHT I_RUN I_TURN_RIGHT I_RUN I_TURN_RIGHT I_RUN I_TURN_RIGHT I_RUN I_TURN_RIGHT I_RUN I_TURN_RIGHT I_RUN I_LOOK
turn around left thrice after walk opposite left thrice	I_TURN_LEFT I_TURN_LEFT I_WALK I_TURN_LEFT I_TURN_LEFT I_WALK I_TURN_LEFT I_TURN_LEFT I_WALK I_TURN_LEFT I_TURN_LEFT I_TURN_LEFT I_TURN_LEFT I_TURN_LEFT I_TURN_LEFT I_TURN_LEFT I_TURN_LEFT I_TURN_LEFT I_TURN_LEFT I_TURN_LEFT I_TURN_LEFT
turn left thrice after look around left twice	I_TURN_LEFT I_LOOK I_TURN_LEFT I_LOOK I_TURN_LEFT I_LOOK I_TURN_LEFT I_LOOK I_TURN_LEFT I_LOOK I_TURN_LEFT I_LOOK I_TURN_LEFT I_LOOK I_TURN_LEFT I_LOOK I_TURN_LEFT I_TURN_LEFT I_TURN_LEFT
jump around left after jump opposite left thrice	I_TURN_LEFT I_TURN_LEFT I_JUMP I_TURN_LEFT I_TURN_LEFT I_JUMP I_TURN_LEFT I_TURN_LEFT I_JUMP I_TURN_LEFT I_JUMP I_TURN_LEFT I_JUMP I_TURN_LEFT I_JUMP I_TURN_LEFT I_JUMP
look twice after jump around right twice	I_TURN_RIGHT I_JUMP I_TURN_RIGHT I_JUMP I_TURN_RIGHT I_JUMP I_TURN_RIGHT I_JUMP I_TURN_RIGHT I_JUMP I_TURN_RIGHT I_JUMP I_TURN_RIGHT I_JUMP I_TURN_RIGHT I_JUMP I_LOOK I_LOOK
walk opposite right after run left	I_TURN_LEFT I_RUN I_TURN_RIGHT I_TURN_RIGHT I_WALK
run around right twice after turn opposite right twice	I_TURN_RIGHT I_TURN_RIGHT I_TURN_RIGHT I_TURN_RIGHT I_TURN_RIGHT I_RUN I_TURN_RIGHT I_RUN I_TURN_RIGHT I_RUN I_TURN_RIGHT I_RUN I_TURN_RIGHT I_RUN I_TURN_RIGHT I_RUN I_TURN_RIGHT I_RUN I_TURN_RIGHT I_RUN
look left twice and run thrice	I_TURN_LEFT I_LOOK I_TURN_LEFT I_LOOK I_RUN I_RUN I_RUN
jump and turn right thrice	I_JUMP I_TURN_RIGHT I_TURN_RIGHT I_TURN_RIGHT
walk twice and look opposite right twice	I_WALK I_WALK I_TURN_RIGHT I_TURN_RIGHT I_LOOK I_TURN_RIGHT I_TURN_RIGHT I_LOOK
walk around right twice	I_TURN_RIGHT I_WALK I_TURN_RIGHT I_WALK I_TURN_RIGHT I_WALK I_TURN_RIGHT I_WALK I_TURN_RIGHT I_WALK I_TURN_RIGHT I_WALK I_TURN_RIGHT I_WALK I_TURN_RIGHT I_WALK
run left thrice and look around left twice	I_TURN_LEFT I_RUN I_TURN_LEFT I_RUN I_TURN_LEFT I_RUN I_TURN_LEFT I_LOOK I_TURN_LEFT I_LOOK I_TURN_LEFT I_LOOK I_TURN_LEFT I_LOOK I_TURN_LEFT I_LOOK I_TURN_LEFT I_LOOK I_TURN_LEFT I_LOOK I_TURN_LEFT I_LOOK
turn opposite left and run right thrice	I_TURN_LEFT I_TURN_LEFT I_TURN_RIGHT I_RUN I_TURN_RIGHT I_RUN I_TURN_RIGHT I_RUN
walk right and look right	I_TURN_RIGHT I_WALK I_TURN_RIGHT I_LOOK
look opposite left thrice and run opposite left thrice	I_TURN_LEFT I_TURN_LEFT I_LOOK I_TURN_LEFT I_TURN_LEFT I_LOOK I_TURN_LEFT I_TURN_LEFT I_LOOK I_TURN_LEFT I_TURN_LEFT I_RUN I_TURN_LEFT I_TURN_LEFT I_RUN I_TURN_LEFT I_TURN_LEFT I_RUN
turn opposite left twice and run thrice	I_TURN_LEFT I_TURN_LEFT I_TURN_LEFT I_TURN_LEFT I_RUN I_RUN I_RUN
run opposite left thrice and look right	I_TURN_LEFT I_TURN_LEFT I_RUN I_TURN_LEFT I_TURN_LEFT I_RUN I_TURN_LEFT I_TURN_LEFT I_RUN I_TURN_RIGHT I_LOOK
walk after walk opposite right twice	I_TURN_RIGHT I_TURN_RIGHT I_WALK I_TURN_RIGHT I_TURN_RIGHT I_WALK I_WALK
turn right twice and turn left thrice	I_TURN_RIGHT I_TURN_RIGHT I_TURN_LEFT I_TURN_LEFT I_TURN_LEFT
walk after turn right thrice	I_TURN_RIGHT I_TURN_RIGHT I_TURN_RIGHT I_WALK
run left thrice after jump around left twice	I_TURN_LEFT I_JUMP I_TURN_LEFT I_JUMP I_TURN_LEFT I_JUMP I_TURN_LEFT I_JUMP I_TURN_LEFT I_JUMP I_TURN_LEFT I_JUMP I_TURN_LEFT I_JUMP I_TURN_LEFT I_JUMP I_TURN_LEFT I_RUN I_TURN_LEFT I_RUN I_TURN_LEFT I_RUN
walk right twice after walk	I_WALK I_TURN_RIGHT I_WALK I_TURN_RIGHT I_WALK
run around left and turn around left	I_TURN_LEFT I_RUN I_TURN_LEFT I_RUN I_TURN_LEFT I_RUN I_TURN_LEFT I_RUN I_TURN_LEFT I_TURN_LEFT I_TURN_LEFT I_TURN_LEFT
run opposite right twice and look left	I_TURN_RIGHT I_TURN_RIGHT I_RUN I_TURN_RIGHT I_TURN_RIGHT I_RUN I_TURN_LEFT I_LOOK
run around right twice after run opposite right twice	I_TURN_RIGHT I_TURN_RIGHT I_RUN I_TURN_RIGHT I_TURN_RIGHT I_RUN I_TURN_RIGHT I_RUN I_TURN_RIGHT I_RUN I_TURN_RIGHT I_RUN I_TURN_RIGHT I_RUN I_TURN_RIGHT I_RUN I_TURN_RIGHT I_RUN I_TURN_RIGHT I_RUN I_TURN_RIGHT I_RUN
turn opposite right twice after run left thrice	I_TURN_LEFT I_RUN I_TURN_LEFT I_RUN I_TURN_LEFT I_RUN I_TURN_RIGHT I_TURN_RIGHT I_TURN_RIGHT I_TURN_RIGHT
look thrice and run left twice	I_LOOK I_LOOK I_LOOK I_TURN_LEFT I_RUN I_TURN_LEFT I_RUN
walk after run right thrice	I_TURN_RIGHT I_RUN I_TURN_RIGHT I_RUN I_TURN_RIGHT I_RUN I_WALK
run left after turn around right thrice	I_TURN_RIGHT I_TURN_RIGHT I_TURN_RIGHT I_TURN_RIGHT I_TURN_RIGHT I_TURN_RIGHT I_TURN_RIGHT I_TURN_RIGHT I_TURN_RIGHT I_TURN_RIGHT I_TURN_RIGHT I_TURN_RIGHT I_TURN_LEFT I_RUN
turn around right and turn left	I_TURN_RIGHT I_TURN_RIGHT I_TURN_RIGHT I_TURN_RIGHT I_TURN_LEFT
jump around left and look left thrice	I_TURN_LEFT I_JUMP I_TURN_LEFT I_JUMP I_TURN_LEFT I_JUMP I_TURN_LEFT I_JUMP I_TURN_LEFT I_LOOK I_TURN_LEFT I_LOOK I_TURN_LEFT I_LOOK
run opposite left and jump around right	I_TURN_LEFT I_TURN_LEFT I_RUN I_TURN_RIGHT I_JUMP I_TURN_RIGHT I_JUMP I_TURN_RIGHT I_JUMP I_TURN_RIGHT I_JUMP
run around right and look opposite left twice	I_TURN_RIGHT I_RUN I_TURN_RIGHT I_RUN I_TURN_RIGHT I_RUN I_TURN_RIGHT I_RUN I_TURN_LEFT I_TURN_LEFT I_LOOK I_TURN_LEFT I_TURN_LEFT I_LOOK
look left twice after walk left twice	I_TURN_LEFT I_WALK I_TURN_LEFT I_WALK I_TURN_LEFT I_LOOK I_TURN_LEFT I_LOOK
jump after walk around right	I_TURN_RIGHT I_WALK I_TURN_RIGHT I_WALK I_TURN_RIGHT I_WALK I_TURN_RIGHT I_WALK I_JUMP
walk opposite left twice after jump around right twice	I_TURN_RIGHT I_JUMP I_TURN_RIGHT I_JUMP I_TURN_RIGHT I_JUMP I_TURN_RIGHT I_JUMP I_TURN_RIGHT I_JUMP I_TURN_RIGHT I_JUMP I_TURN_RIGHT I_JUMP I_TURN_RIGHT I_JUMP I_TURN_LEFT I_TURN_LEFT I_WALK I_TURN_LEFT I_TURN_LEFT I_WALK
jump twice and walk around left twice	I_JUMP I_JUMP I_TURN_LEFT I_WALK I_TURN_LEFT I_WALK I_TURN_LEFT I_WALK I_TURN_LEFT I_WALK I_TURN_LEFT I_WALK I_TURN_LEFT I_WALK I_TURN_LEFT I_WALK I_TURN_LEFT I_WALK
jump around left twice after turn opposite left	I_TURN_LEFT I_TURN_LEFT I_TURN_LEFT I_JUMP I_TURN_LEFT I_JUMP I_TURN_LEFT I_JUMP I_TURN_LEFT I_JUMP I_TURN_LEFT I_JUMP I_TURN_LEFT I_JUMP I_TURN_LEFT I_JUMP I_TURN_LEFT I_JUMP
jump left twice after look around left twice	I_TURN_LEFT I_LOOK I_TURN_LEFT I_LOOK I_TURN_LEFT I_LOOK I_TURN_LEFT I_LOOK I_TURN_LEFT I_LOOK I_TURN_LEFT I_LOOK I_TURN_LEFT I_LOOK I_TURN_LEFT I_LOOK I_TURN_LEFT I_JUMP I_TURN_LEFT I_JUMP
run left and walk opposite right twice	I_TURN_LEFT I_RUN I_TURN_RIGHT I_TURN_RIGHT I_WALK I_TURN_RIGHT I_TURN_RIGHT I_WALK
look right after walk	I_WALK I_TURN_RIGHT I_LOOK
walk around right twice and walk left thrice	I_TURN_RIGHT I_WALK I_TURN_RIGHT I_WALK I_TURN_RIGHT I_WALK I_TURN_RIGHT I_WALK I_TURN_RIGHT I_WALK I_TURN_RIGHT I_WALK I_TURN_RIGHT I_WALK I_TURN_RIGHT I_WALK I_TURN_LEFT I_WALK I_TURN_LEFT I_WALK I_TURN_LEFT I_WALK
turn around right twice after walk around left thrice	I_TURN_LEFT I_WALK I_TURN_LEFT I_WALK I_TURN_LEFT I_WALK I_TURN_LEFT I_WALK I_TURN_LEFT I_WALK I_TURN_LEFT I_WALK I_TURN_LEFT I_WALK I_TURN_LEFT I_WALK I_TURN_LEFT I_WALK I_TURN_LEFT I_WALK I_TURN_LEFT I_WALK I_TURN_LEFT I_WALK I_TURN_RIGHT I_TURN_RIGHT I_TURN_RIGHT I_TURN_RIGHT I_TURN_RIGHT I_TURN_RIGHT I_TURN_RIGHT I_TURN_RIGHT
jump right thrice and walk right thrice	I_TURN_RIGHT I_JUMP I_TURN_RIGHT I_JUMP I_TURN_RIGHT I_JUMP I_TURN_RIGHT I_WALK I_TURN_RIGHT I_WALK I_TURN_RIGHT I_WALK
turn opposite left thrice after run left	I_TURN_LEFT I_RUN I_TURN_LEFT I_TURN_LEFT I_TURN_LEFT I_TURN_LEFT I_TURN_LEFT I_TURN_LEFT
jump opposite right twice and jump opposite left	I_TURN_RIGHT I_TURN_RIGHT I_JUMP I_TURN_RIGHT I_TURN_RIGHT I_JUMP I_TURN_LEFT I_TURN_LEFT I_JUMP
turn around right thrice after run twice	I_RUN I_RUN I_TURN_RIGHT I_TURN_RIGHT I_TURN_RIGHT I_TURN_RIGHT I_TURN_RIGHT I_TURN_RIGHT I_TURN_RIGHT I_TURN_RIGHT I_TURN_RIGHT I_TURN_RIGHT I_TURN_RIGHT I_TURN_RIGHT
turn opposite right and walk around right	I_TURN_RIGHT I_TURN_RIGHT I_TURN_RIGHT I_WALK I_TURN_RIGHT I_WALK I_TURN_RIGHT I_WALK I_TURN_RIGHT I_WALK
jump opposite right and run around left thrice	I_TURN_RIGHT I_TURN_RIGHT I_JUMP I_TURN_LEFT I_RUN I_TURN_LEFT I_RUN I_TURN_LEFT I_RUN I_TURN_LEFT I_RUN I_TURN_LEFT I_RUN I_TURN_LEFT I_RUN I_TURN_LEFT I_RUN I_TURN_LEFT I_RUN I_TURN_LEFT I_RUN I_TURN_LEFT I_RUN I_TURN_LEFT I_RUN I_TURN_LEFT I_RUN
look around right thrice after walk around right thrice	I_TURN_RIGHT I_WALK I_TURN_RIGHT I_WALK I_TURN_RIGHT I_WALK I_TURN_RIGHT I_WALK I_TURN_RIGHT I_WALK I_TURN_RIGHT I_WALK I_TURN_RIGHT I_WALK I_TURN_RIGHT I_WALK I_TURN_RIGHT I_WALK I_TURN_RIGHT I_WALK I_TURN_RIGHT I_WALK I_TURN_RIGHT I_WALK I_TURN_RIGHT I_LOOK I_TURN_RIGHT I_LOOK I_TURN_RIGHT I_LOOK I_TURN_RIGHT I_LOOK I_TURN_RIGHT I_LOOK I_TURN_RIGHT I_LOOK I_TURN_RIGHT I_LOOK I_TURN_RIGHT I_LOOK I_TURN_RIGHT I_LOOK I_TURN_RIGHT I_LOOK I_TURN_RIGHT I_LOOK I_TURN_RIGHT I_LOOK
walk opposite left after walk twice	I_WALK I_WALK I_TURN_LEFT I_TURN_LEFT I_WALK
look thrice and turn opposite right thrice	I_LOOK I_LOOK I_LOOK I_TURN_RIGHT I_TURN_RIGHT I_TURN_RIGHT I_TURN_RIGHT I_TURN_RIGHT I_TURN_RIGHT
walk opposite left twice and walk around right thrice	I_TURN_LEFT I_TURN_LEFT I_WALK I_TURN_LEFT I_TURN_LEFT I_WALK I_TURN_RIGHT I_WALK I_TURN_RIGHT I_WALK I_TURN_RIGHT I_WALK I_TURN_RIGHT I_WALK I_TURN_RIGHT I_WALK I_TURN_RIGHT I_WALK I_TURN_RIGHT I_WALK I_TURN_RIGHT I_WALK I_TURN_RIGHT I_WALK I_TURN_RIGHT I_WALK I_TURN_RIGHT I_WALK I_TURN_RIGHT I_WALK
walk left twice and walk opposite left twice	I_TURN_LEFT I_WALK I_TURN_LEFT I_WALK I_TURN_LEFT I_TURN_LEFT I_WALK I_TURN_LEFT I_TURN_LEFT I_WALK
look around right thrice after jump opposite right	I_TURN_RIGHT I_TURN_RIGHT I_JUMP I_TURN_RIGHT I_LOOK I_TURN_RIGHT I_LOOK I_TURN_RIGHT I_LOOK I_TURN_RIGHT I_LOOK I_TURN_RIGHT I_LOOK I_TURN_RIGHT I_LOOK I_TURN_RIGHT I_LOOK I_TURN_RIGHT I_LOOK I_TURN_RIGHT I_LOOK I_TURN_RIGHT I_LOOK I_TURN_RIGHT I_LOOK I_TURN_RIGHT I_LOOK
walk around right thrice and run around right thrice	I_TURN_RIGHT I_WALK I_TURN_RIGHT I_WALK I_TURN_RIGHT I_WALK I_TURN_RIGHT I_WALK I_TURN_RIGHT I_WALK I_TURN_RIGHT I_WALK I_TURN_RIGHT I_WALK I_TURN_RIGHT I_WALK I_TURN_RIGHT I_WALK I_TURN_RIGHT I_WALK I_TURN_RIGHT I_WALK I_TURN_RIGHT I_WALK I_TURN_RIGHT I_RUN I_TURN_RIGHT I_RUN I_TURN_RIGHT I_RUN I_TURN_RIGHT I_RUN I_TURN_RIGHT I_RUN I_TURN_RIGHT I_RUN I_TURN_RIGHT I_RUN I_TURN_RIGHT I_RUN I_TURN_RIGHT I_RUN I_TURN_RIGHT I_RUN I_TURN_RIGHT I_RUN I_TURN_RIGHT I_RUN
jump around left twice after look left twice	I_TURN_LEFT I_LOOK I_TURN_LEFT I_LOOK I_TURN_LEFT I_JUMP I_TURN_LEFT I_JUMP I_TURN_LEFT I_JUMP I_TURN_LEFT I_JUMP I_TURN_LEFT I_JUMP I_TURN_LEFT I_JUMP I_TURN_LEFT I_JUMP I_TURN_LEFT I_JUMP
look twice after jump left twice	I_TURN_LEFT I_JUMP I_TURN_LEFT I_JUMP I_LOOK I_LOOK
turn around right after jump right thrice	I_TURN_RIGHT I_JUMP I_TURN_RIGHT I_JUMP I_TURN_RIGHT I_JUMP I_TURN_RIGHT I_TURN_RIGHT I_TURN_RIGHT I_TURN_RIGHT
run around left thrice and jump right thrice	I_TURN_LEFT I_RUN I_TURN_LEFT I_RUN I_TURN_LEFT I_RUN I_TURN_LEFT I_RUN I_TURN_LEFT I_RUN I_TURN_LEFT I_RUN I_TURN_LEFT I_RUN I_TURN_LEFT I_RUN I_TURN_LEFT I_RUN I_TURN_LEFT I_RUN I_TURN_LEFT I_RUN I_TURN_LEFT I_RUN I_TURN_RIGHT I_JUMP I_TURN_RIGHT I_JUMP I_TURN_RIGHT I_JUMP
walk around right and jump left twice	I_TURN_RIGHT I_WALK I_TURN_RIGHT I_WALK I_TURN_RIGHT I_WALK I_TURN_RIGHT I_WALK I_TURN_LEFT I_JUMP I_TURN_LEFT I_JUMP
turn left thrice after look opposite left	I_TURN_LEFT I_TURN_LEFT I_LOOK I_TURN_LEFT I_TURN_LEFT I_TURN_LEFT
run opposite right twice after walk opposite right thrice	I_TURN_RIGHT I_TURN_RIGHT I_WALK I_TURN_RIGHT I_TURN_RIGHT I_WALK I_TURN_RIGHT I_TURN_RIGHT I_WALK I_TURN_RIGHT I_TURN_RIGHT I_RUN I_TURN_RIGHT I_TURN_RIGHT I_RUN
walk opposite left twice after run left thrice	I_TURN_LEFT I_RUN I_TURN_LEFT I_RUN I_TURN_LEFT I_RUN I_TURN_LEFT I_TURN_LEFT I_WALK I_TURN_LEFT I_TURN_LEFT I_WALK
walk right twice and turn around left twice	I_TURN_RIGHT I_WALK I_TURN_RIGHT I_WALK I_TURN_LEFT I_TURN_LEFT I_TURN_LEFT I_TURN_LEFT I_TURN_LEFT I_TURN_LEFT I_TURN_LEFT I_TURN_LEFT
look opposite left thrice and jump opposite left thrice	I_TURN_LEFT I_TURN_LEFT I_LOOK I_TURN_LEFT I_TURN_LEFT I_LOOK I_TURN_LEFT I_TURN_LEFT I_LOOK I_TURN_LEFT I_TURN_LEFT I_JUMP I_TURN_LEFT I_TURN_LEFT I_JUMP I_TURN_LEFT I_TURN_LEFT I_JUMP
run left after jump left	I_TURN_LEFT I_JUMP I_TURN_LEFT I_RUN
look opposite left twice after walk around right twice	I_TURN_RIGHT I_WALK I_TURN_RIGHT I_WALK I_TURN_RIGHT I_WALK I_TURN_RIGHT I_WALK I_TURN_RIGHT I_WALK I_TURN_RIGHT I_WALK I_TURN_RIGHT I_WALK I_TURN_RIGHT I_WALK I_TURN_LEFT I_TURN_LEFT I_LOOK I_TURN_LEFT I_TURN_LEFT I_LOOK
run around left twice after turn left thrice	I_TURN_LEFT I_TURN_LEFT I_TURN_LEFT I_TURN_LEFT I_RUN I_TURN_LEFT I_RUN I_TURN_LEFT I_RUN I_TURN_LEFT I_RUN I_TURN_LEFT I_RUN I_TURN_LEFT I_RUN I_TURN_LEFT I_RUN I_TURN_LEFT I_RUN
run around right after turn opposite left	I_TURN_LEFT I_TURN_LEFT I_TURN_RIGHT I_RUN I_TURN_RIGHT I_RUN I_TURN_RIGHT I_RUN I_TURN_RIGHT I_RUN
look thrice and look left twice	I_LOOK I_LOOK I_LOOK I_TURN_LEFT I_LOOK I_TURN_LEFT I_LOOK
run twice after turn around right	I_TURN_RIGHT I_TURN_RIGHT I_TURN_RIGHT I_TURN_RIGHT I_RUN I_RUN
jump right thrice after look opposite left thrice	I_TURN_LEFT I_TURN_LEFT I_LOOK I_TURN_LEFT I_TURN_LEFT I_LOOK I_TURN_LEFT I_TURN_LEFT I_LOOK I_TURN_RIGHT I_JUMP I_TURN_RIGHT I_JUMP I_TURN_RIGHT I_JUMP
run opposite right thrice after turn around left thrice	I_TURN_LEFT I_TURN_LEFT I_TURN_LEFT I_TURN_LEFT I_TURN_LEFT I_TURN_LEFT I_TURN_LEFT I_TURN_LEFT I_TURN_LEFT I_TURN_LEFT I_TURN_LEFT I_TURN_LEFT I_TURN_RIGHT I_TURN_RIGHT I_RUN I_TURN_RIGHT I_TURN_RIGHT I_RUN I_TURN_RIGHT I_TURN_RIGHT I_RUN
run around right thrice after run opposite right thrice	I_TURN_RIGHT I_TURN_RIGHT I_RUN I_TURN_RIGHT I_TURN_RIGHT I_RUN I_TURN_RIGHT I_TURN_RIGHT I_RUN I_TURN_RIGHT I_RUN I_TURN_RIGHT I_RUN I_TURN_RIGHT I_RUN I_TURN_RIGHT I_RUN I_TURN_RIGHT I_RUN I_TURN_RIGHT I_RUN I_TURN_RIGHT I_RUN I_TURN_RIGHT I_RUN I_TURN_RIGHT I_RUN I_TURN_RIGHT I_RUN I_TURN_RIGHT I_RUN I_TURN_RIGHT I_RUN
jump around right and turn around right	I_TURN_RIGHT I_JUMP I_TURN_RIGHT I_JUMP I_TURN_RIGHT I_JUMP I_TURN_RIGHT I_JUMP I_TURN_RIGHT I_TURN_RIGHT I_TURN_RIGHT I_TURN_RIGHT
walk opposite left twice and walk thrice	I_TURN_LEFT I_TURN_LEFT I_WALK I_TURN_LEFT I_TURN_LEFT I_WALK I_WALK I_WALK I_WALK
turn around left thrice and look opposite left thrice	I_TURN_LEFT I_TURN_LEFT I_TURN_LEFT I_TURN_LEFT I_TURN_LEFT I_TURN_LEFT I_TURN_LEFT I_TURN_LEFT I_TURN_LEFT I_TURN_LEFT I_TURN_LEFT I_TURN_LEFT I_TURN_LEFT I_TURN_LEFT I_LOOK I_TURN_LEFT I_TURN_LEFT I_LOOK I_TURN_LEFT I_TURN_LEFT I_LOOK
turn opposite right twice and look left twice	I_TURN_RIGHT I_TURN_RIGHT I_TURN_RIGHT I_TURN_RIGHT I_TURN_LEFT I_LOOK I_TURN_LEFT I_LOOK
walk opposite left thrice after turn right	I_TURN_RIGHT I_TURN_LEFT I_TURN_LEFT I_WALK I_TURN_LEFT I_TURN_LEFT I_WALK I_TURN_LEFT I_TURN_LEFT I_WALK
look right after run twice	I_RUN I_RUN I_TURN_RIGHT I_LOOK
turn around right twice after walk left	I_TURN_LEFT I_WALK I_TURN_RIGHT I_TURN_RIGHT I_TURN_RIGHT I_TURN_RIGHT I_TURN_RIGHT I_TURN_RIGHT I_TURN_RIGHT I_TURN_RIGHT
run after look left twice	I_TURN_LEFT I_LOOK I_TURN_LEFT I_LOOK I_RUN
run around left twice after jump around left twice	I_TURN_LEFT I_JUMP I_TURN_LEFT I_JUMP I_TURN_LEFT I_JUMP I_TURN_LEFT I_JUMP I_TURN_LEFT I_JUMP I_TURN_LEFT I_JUMP I_TURN_LEFT I_JUMP I_TURN_LEFT I_JUMP I_TURN_LEFT I_RUN I_TURN_LEFT I_RUN I_TURN_LEFT I_RUN I_TURN_LEFT I_RUN I_TURN_LEFT I_RUN I_TURN_LEFT I_RUN I_TURN_LEFT I_RUN I_TURN_LEFT I_RUN
look left and look left thrice	I_TURN_LEFT I_LOOK I_TURN_LEFT I_LOOK I_TURN_LEFT I_LOOK I_TURN_LEFT I_LOOK
look right and walk around right twice	I_TURN_RIGHT I_LOOK I_TURN_RIGHT I_WALK I_TURN_RIGHT I_WALK I_TURN_RIGHT I_WALK I_TURN_RIGHT I_WALK I_TURN_RIGHT I_WALK I_TURN_RIGHT I_WALK I_TURN_RIGHT I_WALK I_TURN_RIGHT I_WALK
turn around left thrice and turn right	I_TURN_LEFT I_TURN_LEFT I_TURN_LEFT I_TURN_LEFT I_TURN_LEFT I_TURN_LEFT I_TURN_LEFT I_TURN_LEFT I_TURN_LEFT I_TURN_LEFT I_TURN_LEFT I_TURN_LEFT I_TURN_RIGHT
jump around left thrice after jump right	I_TURN_RIGHT I_JUMP I_TURN_LEFT I_JUMP I_TURN_LEFT I_JUMP I_TURN_LEFT I_JUMP I_TURN_LEFT I_JUMP I_TURN_LEFT I_JUMP I_TURN_LEFT I_JUMP I_TURN_LEFT I_JUMP I_TURN_LEFT I_JUMP I_TURN_LEFT I_JUMP I_TURN_LEFT I_JUMP I_TURN_LEFT I_JUMP I_TURN_LEFT I_JUMP
jump after look opposite right thrice	I_TURN_RIGHT I_TURN_RIGHT I_LOOK I_TURN_RIGHT I_TURN_RIGHT I_LOOK I_TURN_RIGHT I_TURN_RIGHT I_LOOK I_JUMP
jump around left after look opposite left thrice	I_TURN_LEFT I_TURN_LEFT I_LOOK I_TURN_LEFT I_TURN_LEFT I_LOOK I_TURN_LEFT I_TURN_LEFT I_LOOK I_TURN_LEFT I_JUMP I_TURN_LEFT I_JUMP I_TURN_LEFT I_JUMP I_TURN_LEFT I_JUMP
walk opposite right twice after run right twice	I_TURN_RIGHT I_RUN I_TURN_RIGHT I_RUN I_TURN_RIGHT I_TURN_RIGHT I_WALK I_TURN_RIGHT I_TURN_RIGHT I_WALK
turn opposite left twice after jump	I_JUMP I_TURN_LEFT I_TURN_LEFT I_TURN_LEFT I_TURN_LEFT
walk opposite left twice and walk left thrice	I_TURN_LEFT I_TURN_LEFT I_WALK I_TURN_LEFT I_TURN_LEFT I_WALK I_TURN_LEFT I_WALK I_TURN_LEFT I_WALK I_TURN_LEFT I_WALK
look around left thrice and run opposite left thrice	I_TURN_LEFT I_LOOK I_TURN_LEFT I_LOOK I_TURN_LEFT I_LOOK I_TURN_LEFT I_LOOK I_TURN_LEFT I_LOOK I_TURN_LEFT I_LOOK I_TURN_LEFT I_LOOK I_TURN_LEFT I_LOOK I_TURN_LEFT I_LOOK I_TURN_LEFT I_LOOK I_TURN_LEFT I_LOOK I_TURN_LEFT I_LOOK I_TURN_LEFT I_TURN_LEFT I_RUN I_TURN_LEFT I_TURN_LEFT I_RUN I_TURN_LEFT I_TURN_LEFT I_RUN
turn left twice after turn around right thrice	I_TURN_RIGHT I_TURN_RIGHT I_TURN_RIGHT I_TURN_RIGHT I_TURN_RIGHT I_TURN_RIGHT I_TURN_RIGHT I_TURN_RIGHT I_TURN_RIGHT I_TURN_RIGHT I_TURN_RIGHT I_TURN_RIGHT I_TURN_LEFT I_TURN_LEFT
run around left twice after look	I_LOOK I_TURN_LEFT I_RUN I_TURN_LEFT I_RUN I_TURN_LEFT I_RUN I_TURN_LEFT I_RUN I_TURN_LEFT I_RUN I_TURN_LEFT I_RUN I_TURN_LEFT I_RUN I_TURN_LEFT I_RUN
look opposite left thrice after turn around left thrice	I_TURN_LEFT I_TURN_LEFT I_TURN_LEFT I_TURN_LEFT I_TURN_LEFT I_TURN_LEFT I_TURN_LEFT I_TURN_LEFT I_TURN_LEFT I_TURN_LEFT I_TURN_LEFT I_TURN_LEFT I_TURN_LEFT I_TURN_LEFT I_LOOK I_TURN_LEFT I_TURN_LEFT I_LOOK I_TURN_LEFT I_TURN_LEFT I_LOOK
walk around left twice after jump thrice	I_JUMP I_JUMP I_JUMP I_TURN_LEFT I_WALK I_TURN_LEFT I_WALK I_TURN_LEFT I_WALK I_TURN_LEFT I_WALK I_TURN_LEFT I_WALK I_TURN_LEFT I_WALK I_TURN_LEFT I_WALK I_TURN_LEFT I_WALK
walk left twice and jump thrice	I_TURN_LEFT I_WALK I_TURN_LEFT I_WALK I_JUMP I_JUMP I_JUMP
walk left and turn opposite left thrice	I_TURN_LEFT I_WALK I_TURN_LEFT I_TURN_LEFT I_TURN_LEFT I_TURN_LEFT I_TURN_LEFT I_TURN_LEFT
look right twice after walk opposite left twice	I_TURN_LEFT I_TURN_LEFT I_WALK I_TURN_LEFT I_TURN_LEFT I_WALK I_TURN_RIGHT I_LOOK I_TURN_RIGHT I_LOOK
turn around right twice after walk opposite left twice	I_TURN_LEFT I_TURN_LEFT I_WALK I_TURN_LEFT I_TURN_LEFT I_WALK I_TURN_RIGHT I_TURN_RIGHT I_TURN_RIGHT I_TURN_RIGHT I_TURN_RIGHT I_TURN_RIGHT I_TURN_RIGHT I_TURN_RIGHT
look left twice after look opposite left thrice	I_TURN_LEFT I_TURN_LEFT I_LOOK I_TURN_LEFT I_TURN_LEFT I_LOOK I_TURN_LEFT I_TURN_LEFT I_LOOK I_TURN_LEFT I_LOOK I_TURN_LEFT I_LOOK
look around left and look opposite right twice	I_TURN_LEFT I_LOOK I_TURN_LEFT I_LOOK I_TURN_LEFT I_LOOK I_TURN_LEFT I_LOOK I_TURN_RIGHT I_TURN_RIGHT I_LOOK I_TURN_RIGHT I_TURN_RIGHT I_LOOK
turn left after run around left twice	I_TURN_LEFT I_RUN I_TURN_LEFT I_RUN I_TURN_LEFT I_RUN I_TURN_LEFT I_RUN I_TURN_LEFT I_RUN I_TURN_LEFT I_RUN I_TURN_LEFT I_RUN I_TURN_LEFT I_RUN I_TURN_LEFT
jump opposite left twice after jump opposite right twice	I_TURN_RIGHT I_TURN_RIGHT I_JUMP I_TURN_RIGHT I_TURN_RIGHT I_JUMP I_TURN_LEFT I_TURN_LEFT I_JUMP I_TURN_LEFT I_TURN_LEFT I_JUMP
jump right twice after walk thrice	I_WALK I_WALK I_WALK I_TURN_RIGHT I_JUMP I_TURN_RIGHT I_JUMP
run opposite left thrice and turn left thrice	I_TURN_LEFT I_TURN_LEFT I_RUN I_TURN_LEFT I_TURN_LEFT I_RUN I_TURN_LEFT I_TURN_LEFT I_RUN I_TURN_LEFT I_TURN_LEFT I_TURN_LEFT
jump after walk around left	I_TURN_LEFT I_WALK I_TURN_LEFT I_WALK I_TURN_LEFT I_WALK I_TURN_LEFT I_WALK I_JUMP
turn left twice and look left	I_TURN_LEFT I_TURN_LEFT I_TURN_LEFT I_LOOK
walk right after run right twice	I_TURN_RIGHT I_RUN I_TURN_RIGHT I_RUN I_TURN_RIGHT I_WALK
run around left thrice and look around left twice	I_TURN_LEFT I_RUN I_TURN_LEFT I_RUN I_TURN_LEFT I_RUN I_TURN_LEFT I_RUN I_TURN_LEFT I_RUN I_TURN_LEFT I_RUN I_TURN_LEFT I_RUN I_TURN_LEFT I_RUN I_TURN_LEFT I_RUN I_TURN_LEFT I_RUN I_TURN_LEFT I_RUN I_TURN_LEFT I_RUN I_TURN_LEFT I_LOOK I_TURN_LEFT I_LOOK I_TURN_LEFT I_LOOK I_TURN_LEFT I_LOOK I_TURN_LEFT I_LOOK I_TURN_LEFT I_LOOK I_TURN_LEFT I_LOOK I_TURN_LEFT I_LOOK
run around left twice after look opposite right	I_TURN_RIGHT I_TURN_RIGHT I_LOOK I_TURN_LEFT I_RUN I_TURN_LEFT I_RUN I_TURN_LEFT I_RUN I_TURN_LEFT I_RUN I_TURN_LEFT I_RUN I_TURN_LEFT I_RUN I_TURN_LEFT I_RUN I_TURN_LEFT I_RUN
look right and jump around left thrice	I_TURN_RIGHT I_LOOK I_TURN_LEFT I_JUMP I_TURN_LEFT I_JUMP I_TURN_LEFT I_JUMP I_TURN_LEFT I_JUMP I_TURN_LEFT I_JUMP I_TURN_LEFT I_JUMP I_TURN_LEFT I_JUMP I_TURN_LEFT I_JUMP I_TURN_LEFT I_JUMP I_TURN_LEFT I_JUMP I_TURN_LEFT I_JUMP I_TURN_LEFT I_JUMP
jump opposite left and jump opposite right	I_TURN_LEFT I_TURN_LEFT I_JUMP I_TURN_RIGHT I_TURN_RIGHT I_JUMP
run around left twice and jump twice	I_TURN_LEFT I_RUN I_TURN_LEFT I_RUN I_TURN_LEFT I_RUN I_TURN_LEFT I_RUN I_TURN_LEFT I_RUN I_TURN_LEFT I_RUN I_TURN_LEFT I_RUN I_TURN_LEFT I_RUN I_JUMP I_JUMP
jump around left twice after walk right thrice	I_TURN_RIGHT I_WALK I_TURN_RIGHT I_WALK I_TURN_RIGHT I_WALK I_TURN_LEFT I_JUMP I_TURN_LEFT I_JUMP I_TURN_LEFT I_JUMP I_TURN_LEFT I_JUMP I_TURN_LEFT I_JUMP I_TURN_LEFT I_JUMP I_TURN_LEFT I_JUMP I_TURN_LEFT I_JUMP
walk around right twice after walk around left thrice	I_TURN_LEFT I_WALK I_TURN_LEFT I_WALK I_TURN_LEFT I_WALK I_TURN_LEFT I_WALK I_TURN_LEFT I_WALK I_TURN_LEFT I_WALK I_TURN_LEFT I_WALK I_TURN_LEFT I_WALK I_TURN_LEFT I_WALK I_TURN_LEFT I_WALK I_TURN_LEFT I_WALK I_TURN_LEFT I_WALK I_TURN_RIGHT I_WALK I_TURN_RIGHT I_WALK I_TURN_RIGHT I_WALK I_TURN_RIGHT I_WALK I_TURN_RIGHT I_WALK I_TURN_RIGHT I_WALK I_TURN_RIGHT I_WALK I_TURN_RIGHT I_WALK
jump around right and turn opposite left twice	I_TURN_RIGHT I_JUMP I_TURN_RIGHT I_JUMP I_TURN_RIGHT I_JUMP I_TURN_RIGHT I_JUMP I_TURN_LEFT I_TURN_LEFT I_TURN_LEFT I_TURN_LEFT
look left and run around left thrice	I_TURN_LEFT I_LOOK I_TURN_LEFT I_RUN I_TURN_LEFT I_RUN I_TURN_LEFT I_RUN I_TURN_LEFT I_RUN I_TURN_LEFT I_RUN I_TURN_LEFT I_RUN I_TURN_LEFT I_RUN I_TURN_LEFT I_RUN I_TURN_LEFT I_RUN I_TURN_LEFT I_RUN I_TURN_LEFT I_RUN I_TURN_LEFT I_RUN
look after look opposite left	I_TURN_LEFT I_TURN_LEFT I_LOOK I_LOOK
jump around left thrice and turn left	I_TURN_LEFT I_JUMP I_TURN_LEFT I_JUMP I_TURN_LEFT I_JUMP I_TURN_LEFT I_JUMP I_TURN_LEFT I_JUMP I_TURN_LEFT I_JUMP I_TURN_LEFT I_JUMP I_TURN_LEFT I_JUMP I_TURN_LEFT I_JUMP I_TURN_LEFT I_JUMP I_TURN_LEFT I_JUMP I_TURN_LEFT I_JUMP I_TURN_LEFT
look around left twice after turn around left twice	I_TURN_LEFT I_TURN_LEFT I_TURN_LEFT I_TURN_LEFT I_TURN_LEFT I_TURN_LEFT I_TURN_LEFT I_TURN_LEFT I_TURN_LEFT I_LOOK I_TURN_LEFT I_LOOK I_TURN_LEFT I_LOOK I_TURN_LEFT I_LOOK I_TURN_LEFT I_LOOK I_TURN_LEFT I_LOOK I_TURN_LEFT I_LOOK I_TURN_LEFT I_LOOK
run opposite left twice after jump around left	I_TURN_LEFT I_JUMP I_TURN_LEFT I_JUMP I_TURN_LEFT I_JUMP I_TURN_LEFT I_JUMP I_TURN_LEFT I_TURN_LEFT I_RUN I_TURN_LEFT I_TURN_LEFT I_RUN
run around right after run opposite left	I_TURN_LEFT I_TURN_LEFT I_RUN I_TURN_RIGHT I_RUN I_TURN_RIGHT I_RUN I_TURN_RIGHT I_RUN I_TURN_RIGHT I_RUN
walk left and run right thrice	I_TURN_LEFT I_WALK I_TURN_RIGHT I_RUN I_TURN_RIGHT I_RUN I_TURN_RIGHT I_RUN
look opposite right thrice after run around right	I_TURN_RIGHT I_RUN I_TURN_RIGHT I_RUN I_TURN_RIGHT I_RUN I_TURN_RIGHT I_RUN I_TURN_RIGHT I_TURN_RIGHT I_LOOK I_TURN_RIGHT I_TURN_RIGHT I_LOOK I_TURN_RIGHT I_TURN_RIGHT I_LOOK
turn around right twice and turn opposite right	I_TURN_RIGHT I_TURN_RIGHT I_TURN_RIGHT I_TURN_RIGHT I_TURN_RIGHT I_TURN_RIGHT I_TURN_RIGHT I_TURN_RIGHT I_TURN_RIGHT I_TURN_RIGHT
jump opposite right and walk opposite left	I_TURN_RIGHT I_TURN_RIGHT I_JUMP I_TURN_LEFT I_TURN_LEFT I_WALK
jump left thrice after turn around right	I_TURN_RIGHT I_TURN_RIGHT I_TURN_RIGHT I_TURN_RIGHT I_TURN_LEFT I_JUMP I_TURN_LEFT I_JUMP I_TURN_LEFT I_JUMP
walk thrice and run opposite left twice	I_WALK I_WALK I_WALK I_TURN_LEFT I_TURN_LEFT I_RUN I_TURN_LEFT I_TURN_LEFT I_RUN
walk around right after look left thrice	I_TURN_LEFT I_LOOK I_TURN_LEFT I_LOOK I_TURN_LEFT I_LOOK I_TURN_RIGHT I_WALK I_TURN_RIGHT I_WALK I_TURN_RIGHT I_WALK I_TURN_RIGHT I_WALK
jump left twice after look left	I_TURN_LEFT I_LOOK I_TURN_LEFT I_JUMP I_TURN_LEFT I_JUMP
walk thrice and walk opposite right	I_WALK I_WALK I_WALK I_TURN_RIGHT I_TURN_RIGHT I_WALK
turn opposite right after look around right thrice	I_TURN_RIGHT I_LOOK I_TURN_RIGHT I_LOOK I_TURN_RIGHT I_LOOK I_TURN_RIGHT I_LOOK I_TURN_RIGHT I_LOOK I_TURN_RIGHT I_LOOK I_TURN_RIGHT I_LOOK I_TURN_RIGHT I_LOOK I_TURN_RIGHT I_LOOK I_TURN_RIGHT I_LOOK I_TURN_RIGHT I_LOOK I_TURN_RIGHT I_LOOK I_TURN_RIGHT I_TURN_RIGHT
run around right and look	I_TURN_RIGHT I_RUN I_TURN_RIGHT I_RUN I_TURN_RIGHT I_RUN I_TURN_RIGHT I_RUN I_LOOK
look after turn right thrice	I_TURN_RIGHT I_TURN_RIGHT I_TURN_RIGHT I_LOOK
run right and jump	I_TURN_RIGHT I_RUN I_JUMP
jump opposite left thrice after look right twice	I_TURN_RIGHT I_LOOK I_TURN_RIGHT I_LOOK I_TURN_LEFT I_TURN_LEFT I_JUMP I_TURN_LEFT I_TURN_LEFT I_JUMP I_TURN_LEFT I_TURN_LEFT I_JUMP
turn around right after jump around left	I_TURN_LEFT I_JUMP I_TURN_LEFT I_JUMP I_TURN_LEFT I_JUMP I_TURN_LEFT I_JUMP I_TURN_RIGHT I_TURN_RIGHT I_TURN_RIGHT I_TURN_RIGHT
run twice and look twice	I_RUN I_RUN I_LOOK I_LOOK
look around left and walk opposite left	I_TURN_LEFT I_LOOK I_TURN_LEFT I_LOOK I_TURN_LEFT I_LOOK I_TURN_LEFT I_LOOK I_TURN_LEFT I_TURN_LEFT I_WALK
run opposite right twice after jump around right thrice	I_TURN_RIGHT I_JUMP I_TURN_RIGHT I_JUMP I_TURN_RIGHT I_JUMP I_TURN_RIGHT I_JUMP I_TURN_RIGHT I_JUMP I_TURN_RIGHT I_JUMP I_TURN_RIGHT I_JUMP I_TURN_RIGHT I_JUMP I_TURN_RIGHT I_JUMP I_TURN_RIGHT I_JUMP I_TURN_RIGHT I_JUMP I_TURN_RIGHT I_JUMP I_TURN_RIGHT I_TURN_RIGHT I_RUN I_TURN_RIGHT I_TURN_RIGHT I_RUN
walk right twice after turn around right thrice	I_TURN_RIGHT I_TURN_RIGHT I_TURN_RIGHT I_TURN_RIGHT I_TURN_RIGHT I_TURN_RIGHT I_TURN_RIGHT I_TURN_RIGHT I_TURN_RIGHT I_TURN_RIGHT I_TURN_RIGHT I_TURN_RIGHT I_TURN_RIGHT I_WALK I_TURN_RIGHT I_WALK
jump twice after run left thrice	I_TURN_LEFT I_RUN I_TURN_LEFT I_RUN I_TURN_LEFT I_RUN I_JUMP I_JUMP
walk around left twice after turn left	I_TURN_LEFT I_TURN_LEFT I_WALK I_TURN_LEFT I_WALK I_TURN_LEFT I_WALK I_TURN_LEFT I_WALK I_TURN_LEFT I_WALK I_TURN_LEFT I_WALK I_TURN_LEFT I_WALK I_TURN_LEFT I_WALK
turn around left twice and jump opposite left twice	I_TURN_LEFT I_TURN_LEFT I_TURN_LEFT I_TURN_LEFT I_TURN_LEFT I_TURN_LEFT I_TURN_LEFT I_TURN_LEFT I_TURN_LEFT I_TURN_LEFT I_JUMP I_TURN_LEFT I_TURN_LEFT I_JUMP
run around right after look opposite left	I_TURN_LEFT I_TURN_LEFT I_LOOK I_TURN_RIGHT I_RUN I_TURN_RIGHT I_RUN I_TURN_RIGHT I_RUN I_TURN_RIGHT I_RUN
look left and look right twice	I_TURN_LEFT I_LOOK I_TURN_RIGHT I_LOOK I_TURN_RIGHT I_LOOK
jump opposite left and walk around right thrice	I_TURN_LEFT I_TURN_LEFT I_JUMP I_TURN_RIGHT I_WALK I_TURN_RIGHT I_WALK I_TURN_RIGHT I_WALK I_TURN_RIGHT I_WALK I_TURN_RIGHT I_WALK I_TURN_RIGHT I_WALK I_TURN_RIGHT I_WALK I_TURN_RIGHT I_WALK I_TURN_RIGHT I_WALK I_TURN_RIGHT I_WALK I_TURN_RIGHT I_WALK I_TURN_RIGHT I_WALK
turn opposite left twice and jump left twice	I_TURN_LEFT I_TURN_LEFT I_TURN_LEFT I_TURN_LEFT I_TURN_LEFT I_JUMP I_TURN_LEFT I_JUMP
walk opposite right and run opposite left	I_TURN_RIGHT I_TURN_RIGHT I_WALK I_TURN_LEFT I_TURN_LEFT I_RUN
run left and look left twice	I_TURN_LEFT I_RUN I_TURN_LEFT I_LOOK I_TURN_LEFT I_LOOK
run opposite right twice after look around left twice	I_TURN_LEFT I_LOOK I_TURN_LEFT I_LOOK I_TURN_LEFT I_LOOK I_TURN_LEFT I_LOOK I_TURN_LEFT I_LOOK I_TURN_LEFT I_LOOK I_TURN_LEFT I_LOOK I_TURN_LEFT I_LOOK I_TURN_RIGHT I_TURN_RIGHT I_RUN I_TURN_RIGHT I_TURN_RIGHT I_RUN
jump right twice after jump opposite right twice	I_TURN_RIGHT I_TURN_RIGHT I_JUMP I_TURN_RIGHT I_TURN_RIGHT I_JUMP I_TURN_RIGHT I_JUMP I_TURN_RIGHT I_JUMP
run opposite right and turn opposite left	I_TURN_RIGHT I_TURN_RIGHT I_RUN I_TURN_LEFT I_TURN_LEFT
run opposite left after run around left thrice	I_TURN_LEFT I_RUN I_TURN_LEFT I_RUN I_TURN_LEFT I_RUN I_TURN_LEFT I_RUN I_TURN_LEFT I_RUN I_TURN_LEFT I_RUN I_TURN_LEFT I_RUN I_TURN_LEFT I_RUN I_TURN_LEFT I_RUN I_TURN_LEFT I_RUN I_TURN_LEFT I_RUN I_TURN_LEFT I_RUN I_TURN_LEFT I_TURN_LEFT I_RUN
jump around left thrice after jump twice	I_JUMP I_JUMP I_TURN_LEFT I_JUMP I_TURN_LEFT I_JUMP I_TURN_LEFT I_JUMP I_TURN_LEFT I_JUMP I_TURN_LEFT I_JUMP I_TURN_LEFT I_JUMP I_TURN_LEFT I_JUMP I_TURN_LEFT I_JUMP I_TURN_LEFT I_JUMP I_TURN_LEFT I_JUMP I_TURN_LEFT I_JUMP I_TURN_LEFT I_JUMP
run after turn around left twice	I_TURN_LEFT I_TURN_LEFT I_TURN_LEFT I_TURN_LEFT I_TURN_LEFT I_TURN_LEFT I_TURN_LEFT I_TURN_LEFT I_RUN
walk opposite left twice after walk opposite right thrice	I_TURN_RIGHT I_TURN_RIGHT I_WALK I_TURN_RIGHT I_TURN_RIGHT I_WALK I_TURN_RIGHT I_TURN_RIGHT I_WALK I_TURN_LEFT I_TURN_LEFT I_WALK I_TURN_LEFT I_TURN_LEFT I_WALK
walk opposite left twice after run left	I_TURN_LEFT I_RUN I_TURN_LEFT I_TURN_LEFT I_WALK I_TURN_LEFT I_TURN_LEFT I_WALK
turn around left twice after run around left thrice	I_TURN_LEFT I_RUN I_TURN_LEFT I_RUN I_TURN_LEFT I_RUN I_TURN_LEFT I_RUN I_TURN_LEFT I_RUN I_TURN_LEFT I_RUN I_TURN_LEFT I_RUN I_TURN_LEFT I_RUN I_TURN_LEFT I_RUN I_TURN_LEFT I_RUN I_TURN_LEFT I_RUN I_TURN_LEFT I_RUN I_TURN_LEFT I_TURN_LEFT I_TURN_LEFT I_TURN_LEFT I_TURN_LEFT I_TURN_LEFT I_TURN_LEFT I_TURN_LEFT
jump right and turn opposite right twice	I_TURN_RIGHT I_JUMP I_TURN_RIGHT I_TURN_RIGHT I_TURN_RIGHT I_TURN_RIGHT
jump left after run right thrice	I_TURN_RIGHT I_RUN I_TURN_RIGHT I_RUN I_TURN_RIGHT I_RUN I_TURN_LEFT I_JUMP
run left twice and turn opposite right	I_TURN_LEFT I_RUN I_TURN_LEFT I_RUN I_TURN_RIGHT I_TURN_RIGHT
jump around left and turn around right	I_TURN_LEFT I_JUMP I_TURN_LEFT I_JUMP I_TURN_LEFT I_JUMP I_TURN_LEFT I_JUMP I_TURN_RIGHT I_TURN_RIGHT I_TURN_RIGHT I_TURN_RIGHT
turn around left thrice and run	I_TURN_LEFT I_TURN_LEFT I_TURN_LEFT I_TURN_LEFT I_TURN_LEFT I_TURN_LEFT I_TURN_LEFT I_TURN_LEFT I_TURN_LEFT I_TURN_LEFT I_TURN_LEFT I_TURN_LEFT I_RUN
jump right and look right thrice	I_TURN_RIGHT I_JUMP I_TURN_RIGHT I_LOOK I_TURN_RIGHT I_LOOK I_TURN_RIGHT I_LOOK
jump right thrice after walk twice	I_WALK I_WALK I_TURN_RIGHT I_JUMP I_TURN_RIGHT I_JUMP I_TURN_RIGHT I_JUMP
turn around right and jump right thrice	I_TURN_RIGHT I_TURN_RIGHT I_TURN_RIGHT I_TURN_RIGHT I_TURN_RIGHT I_JUMP I_TURN_RIGHT I_JUMP I_TURN_RIGHT I_JUMP
jump around right twice after run opposite left twice	I_TURN_LEFT I_TURN_LEFT I_RUN I_TURN_LEFT I_TURN_LEFT I_RUN I_TURN_RIGHT I_JUMP I_TURN_RIGHT I_JUMP I_TURN_RIGHT I_JUMP I_TURN_RIGHT I_JUMP I_TURN_RIGHT I_JUMP I_TURN_RIGHT I_JUMP I_TURN_RIGHT I_JUMP I_TURN_RIGHT I_JUMP
run left and turn opposite left thrice	I_TURN_LEFT I_RUN I_TURN_LEFT I_TURN_LEFT I_TURN_LEFT I_TURN_LEFT I_TURN_LEFT I_TURN_LEFT
look opposite right twice	I_TURN_RIGHT I_TURN_RIGHT I_LOOK I_TURN_RIGHT I_TURN_RIGHT I_LOOK
jump right twice and run right thrice	I_TURN_RIGHT I_JUMP I_TURN_RIGHT I_JUMP I_TURN_RIGHT I_RUN I_TURN_RIGHT I_RUN I_TURN_RIGHT I_RUN
run left twice after look twice	I_LOOK I_LOOK I_TURN_LEFT I_RUN I_TURN_LEFT I_RUN
turn around right after jump around right twice	I_TURN_RIGHT I_JUMP I_TURN_RIGHT I_JUMP I_TURN_RIGHT I_JUMP I_TURN_RIGHT I_JUMP I_TURN_RIGHT I_JUMP I_TURN_RIGHT I_JUMP I_TURN_RIGHT I_JUMP I_TURN_RIGHT I_JUMP I_TURN_RIGHT I_TURN_RIGHT I_TURN_RIGHT I_TURN_RIGHT
walk twice and walk opposite right	I_WALK I_WALK I_TURN_RIGHT I_TURN_RIGHT I_WALK
run twice after turn opposite right	I_TURN_RIGHT I_TURN_RIGHT I_RUN I_RUN
walk right and look	I_TURN_RIGHT I_WALK I_LOOK
jump around left twice after jump opposite left twice	I_TURN_LEFT I_TURN_LEFT I_JUMP I_TURN_LEFT I_TURN_LEFT I_JUMP I_TURN_LEFT I_JUMP I_TURN_LEFT I_JUMP I_TURN_LEFT I_JUMP I_TURN_LEFT I_JUMP I_TURN_LEFT I_JUMP I_TURN_LEFT I_JUMP I_TURN_LEFT I_JUMP I_TURN_LEFT I_JUMP
walk around left thrice after jump opposite right	I_TURN_RIGHT I_TURN_RIGHT I_JUMP I_TURN_LEFT I_WALK I_TURN_LEFT I_WALK I_TURN_LEFT I_WALK I_TURN_LEFT I_WALK I_TURN_LEFT I_WALK I_TURN_LEFT I_WALK I_TURN_LEFT I_WALK I_TURN_LEFT I_WALK I_TURN_LEFT I_WALK I_TURN_LEFT I_WALK I_TURN_LEFT I_WALK I_TURN_LEFT I_WALK
jump opposite left twice and look right twice	I_TURN_LEFT I_TURN_LEFT I_JUMP I_TURN_LEFT I_TURN_LEFT I_JUMP I_TURN_RIGHT I_LOOK I_TURN_RIGHT I_LOOK
walk opposite right thrice after run around left	I_TURN_LEFT I_RUN I_TURN_LEFT I_RUN I_TURN_LEFT I_RUN I_TURN_LEFT I_RUN I_TURN_RIGHT I_TURN_RIGHT I_WALK I_TURN_RIGHT I_TURN_RIGHT I_WALK I_TURN_RIGHT I_TURN_RIGHT I_WALK
jump right twice after jump opposite left thrice	I_TURN_LEFT I_TURN_LEFT I_JUMP I_TURN_LEFT I_TURN_LEFT I_JUMP I_TURN_LEFT I_TURN_LEFT I_JUMP I_TURN_RIGHT I_JUMP I_TURN_RIGHT I_JUMP
run opposite right twice after run opposite right twice	I_TURN_RIGHT I_TURN_RIGHT I_RUN I_TURN_RIGHT I_TURN_RIGHT I_RUN I_TURN_RIGHT I_TURN_RIGHT I_RUN I_TURN_RIGHT I_TURN_RIGHT I_RUN
jump around left twice after walk	I_WALK I_TURN_LEFT I_JUMP I_TURN_LEFT I_JUMP I_TURN_LEFT I_JUMP I_TURN_LEFT I_JUMP I_TURN_LEFT I_JUMP I_TURN_LEFT I_JUMP I_TURN_LEFT I_JUMP I_TURN_LEFT I_JUMP
walk right and jump left	I_TURN_RIGHT I_WALK I_TURN_LEFT I_JUMP
run twice and jump twice	I_RUN I_RUN I_JUMP I_JUMP
jump twice after look	I_LOOK I_JUMP I_JUMP
turn left twice and look left twice	I_TURN_LEFT I_TURN_LEFT I_TURN_LEFT I_LOOK I_TURN_LEFT I_LOOK
walk around left thrice and turn opposite right twice	I_TURN_LEFT I_WALK I_TURN_LEFT I_WALK I_TURN_LEFT I_WALK I_TURN_LEFT I_WALK I_TURN_LEFT I_WALK I_TURN_LEFT I_WALK I_TURN_LEFT I_WALK I_TURN_LEFT I_WALK I_TURN_LEFT I_WALK I_TURN_LEFT I_WALK I_TURN_LEFT I_WALK I_TURN_LEFT I_WALK I_TURN_RIGHT I_TURN_RIGHT I_TURN_RIGHT I_TURN_RIGHT
look opposite left twice after run left thrice	I_TURN_LEFT I_RUN I_TURN_LEFT I_RUN I_TURN_LEFT I_RUN I_TURN_LEFT I_TURN_LEFT I_LOOK I_TURN_LEFT I_TURN_LEFT I_LOOK
run left thrice and look opposite right thrice	I_TURN_LEFT I_RUN I_TURN_LEFT I_RUN I_TURN_LEFT I_RUN I_TURN_RIGHT I_TURN_RIGHT I_LOOK I_TURN_RIGHT I_TURN_RIGHT I_LOOK I_TURN_RIGHT I_TURN_RIGHT I_LOOK
turn right thrice and jump around right	I_TURN_RIGHT I_TURN_RIGHT I_TURN_RIGHT I_TURN_RIGHT I_JUMP I_TURN_RIGHT I_JUMP I_TURN_RIGHT I_JUMP I_TURN_RIGHT I_JUMP
run right thrice after look opposite left twice	I_TURN_LEFT I_TURN_LEFT I_LOOK I_TURN_LEFT I_TURN_LEFT I_LOOK I_TURN_RIGHT I_RUN I_TURN_RIGHT I_RUN I_TURN_RIGHT I_RUN
look left after walk thrice	I_WALK I_WALK I_WALK I_TURN_LEFT I_LOOK
jump left thrice after run thrice	I_RUN I_RUN I_RUN I_TURN_LEFT I_JUMP I_TURN_LEFT I_JUMP I_TURN_LEFT I_JUMP
look around left after turn left twice	I_TURN_LEFT I_TURN_LEFT I_TURN_LEFT I_LOOK I_TURN_LEFT I_LOOK I_TURN_LEFT I_LOOK I_TURN_LEFT I_LOOK
turn left thrice and turn opposite left	I_TURN_LEFT I_TURN_LEFT I_TURN_LEFT I_TURN_LEFT I_TURN_LEFT
jump right twice and look opposite right	I_TURN_RIGHT I_JUMP I_TURN_RIGHT I_JUMP I_TURN_RIGHT I_TURN_RIGHT I_LOOK
look around right twice and walk opposite right thrice	I_TURN_RIGHT I_LOOK I_TURN_RIGHT I_LOOK I_TURN_RIGHT I_LOOK I_TURN_RIGHT I_LOOK I_TURN_RIGHT I_LOOK I_TURN_RIGHT I_LOOK I_TURN_RIGHT I_LOOK I_TURN_RIGHT I_LOOK I_TURN_RIGHT I_TURN_RIGHT I_WALK I_TURN_RIGHT I_TURN_RIGHT I_WALK I_TURN_RIGHT I_TURN_RIGHT I_WALK
look after walk right	I_TURN_RIGHT I_WALK I_LOOK
walk around right thrice and jump around right	I_TURN_RIGHT I_WALK I_TURN_RIGHT I_WALK I_TURN_RIGHT I_WALK I_TURN_RIGHT I_WALK I_TURN_RIGHT I_WALK I_TURN_RIGHT I_WALK I_TURN_RIGHT I_WALK I_TURN_RIGHT I_WALK I_TURN_RIGHT I_WALK I_TURN_RIGHT I_WALK I_TURN_RIGHT I_WALK I_TURN_RIGHT I_WALK I_TURN_RIGHT I_JUMP I_TURN_RIGHT I_JUMP I_TURN_RIGHT I_JUMP I_TURN_RIGHT I_JUMP
walk around left thrice after run twice	I_RUN I_RUN I_TURN_LEFT I_WALK I_TURN_LEFT I_WALK I_TURN_LEFT I_WALK I_TURN_LEFT I_WALK I_TURN_LEFT I_WALK I_TURN_LEFT I_WALK I_TURN_LEFT I_WALK I_TURN_LEFT I_WALK I_TURN_LEFT I_WALK I_TURN_LEFT I_WALK I_TURN_LEFT I_WALK I_TURN_LEFT I_WALK
jump twice after jump opposite left thrice	I_TURN_LEFT I_TURN_LEFT I_JUMP I_TURN_LEFT I_TURN_LEFT I_JUMP I_TURN_LEFT I_TURN_LEFT I_JUMP I_JUMP I_JUMP
jump around right and run right thrice	I_TURN_RIGHT I_JUMP I_TURN_RIGHT I_JUMP I_TURN_RIGHT I_JUMP I_TURN_RIGHT I_JUMP I_TURN_RIGHT I_RUN I_TURN_RIGHT I_RUN I_TURN_RIGHT I_RUN
walk opposite right twice after run around right	I_TURN_RIGHT I_RUN I_TURN_RIGHT I_RUN I_TURN_RIGHT I_RUN I_TURN_RIGHT I_RUN I_TURN_RIGHT I_TURN_RIGHT I_WALK I_TURN_RIGHT I_TURN_RIGHT I_WALK
turn opposite right twice after turn around right thrice	I_TURN_RIGHT I_TURN_RIGHT I_TURN_RIGHT I_TURN_RIGHT I_TURN_RIGHT I_TURN_RIGHT I_TURN_RIGHT I_TURN_RIGHT I_TURN_RIGHT I_TURN_RIGHT I_TURN_RIGHT I_TURN_RIGHT I_TURN_RIGHT I_TURN_RIGHT I_TURN_RIGHT I_TURN_RIGHT
turn around right after turn opposite left twice	I_TURN_LEFT I_TURN_LEFT I_TURN_LEFT I_TURN_LEFT I_TURN_RIGHT I_TURN_RIGHT I_TURN_RIGHT I_TURN_RIGHT
walk opposite left twice and run twice	I_TURN_LEFT I_TURN_LEFT I_WALK I_TURN_LEFT I_TURN_LEFT I_WALK I_RUN I_RUN
look around left after walk opposite right thrice	I_TURN_RIGHT I_TURN_RIGHT I_WALK I_TURN_RIGHT I_TURN_RIGHT I_WALK I_TURN_RIGHT I_TURN_RIGHT I_WALK I_TURN_LEFT I_LOOK I_TURN_LEFT I_LOOK I_TURN_LEFT I_LOOK I_TURN_LEFT I_LOOK
turn opposite left and jump opposite right twice	I_TURN_LEFT I_TURN_LEFT I_TURN_RIGHT I_TURN_RIGHT I_JUMP I_TURN_RIGHT I_TURN_RIGHT I_JUMP
turn right twice and turn around left twice	I_TURN_RIGHT I_TURN_RIGHT I_TURN_LEFT I_TURN_LEFT I_TURN_LEFT I_TURN_LEFT I_TURN_LEFT I_TURN_LEFT I_TURN_LEFT I_TURN_LEFT
jump right twice and turn opposite left	I_TURN_RIGHT I_JUMP I_TURN_RIGHT I_JUMP I_TURN_LEFT I_TURN_LEFT
jump right thrice after turn opposite right thrice	I_TURN_RIGHT I_TURN_RIGHT I_TURN_RIGHT I_TURN_RIGHT I_TURN_RIGHT I_TURN_RIGHT I_TURN_RIGHT I_JUMP I_TURN_RIGHT I_JUMP I_TURN_RIGHT I_JUMP
look opposite left and run	I_TURN_LEFT I_TURN_LEFT I_LOOK I_RUN
look around right twice and run right thrice	I_TURN_RIGHT I_LOOK I_TURN_RIGHT I_LOOK I_TURN_RIGHT I_LOOK I_TURN_RIGHT I_LOOK I_TURN_RIGHT I_LOOK I_TURN_RIGHT I_LOOK I_TURN_RIGHT I_LOOK I_TURN_RIGHT I_LOOK I_TURN_RIGHT I_RUN I_TURN_RIGHT I_RUN I_TURN_RIGHT I_RUN
run opposite left thrice after jump opposite left	I_TURN_LEFT I_TURN_LEFT I_JUMP I_TURN_LEFT I_TURN_LEFT I_RUN I_TURN_LEFT I_TURN_LEFT I_RUN I_TURN_LEFT I_TURN_LEFT I_RUN
walk right twice and run opposite right thrice	I_TURN_RIGHT I_WALK I_TURN_RIGHT I_WALK I_TURN_RIGHT I_TURN_RIGHT I_RUN I_TURN_RIGHT I_TURN_RIGHT I_RUN I_TURN_RIGHT I_TURN_RIGHT I_RUN
look opposite left and look	I_TURN_LEFT I_TURN_LEFT I_LOOK I_LOOK
look left twice after turn around right	I_TURN_RIGHT I_TURN_RIGHT I_TURN_RIGHT I_TURN_RIGHT I_TURN_LEFT I_LOOK I_TURN_LEFT I_LOOK
look opposite left thrice after run right twice	I_TURN_RIGHT I_RUN I_TURN_RIGHT I_RUN I_TURN_LEFT I_TURN_LEFT I_LOOK I_TURN_LEFT I_TURN_LEFT I_LOOK I_TURN_LEFT I_TURN_LEFT I_LOOK
turn opposite right twice after turn right thrice	I_TURN_RIGHT I_TURN_RIGHT I_TURN_RIGHT I_TURN_RIGHT I_TURN_RIGHT I_TURN_RIGHT I_TURN_RIGHT
walk around right thrice after jump right twice	I_TURN_RIGHT I_JUMP I_TURN_RIGHT I_JUMP I_TURN_RIGHT I_WALK I_TURN_RIGHT I_WALK I_TURN_RIGHT I_WALK I_TURN_RIGHT I_WALK I_TURN_RIGHT I_WALK I_TURN_RIGHT I_WALK I_TURN_RIGHT I_WALK I_TURN_RIGHT I_WALK I_TURN_RIGHT I_WALK I_TURN_RIGHT I_WALK I_TURN_RIGHT I_WALK I_TURN_RIGHT I_WALK
look and turn right	I_LOOK I_TURN_RIGHT
jump opposite right twice after jump opposite left	I_TURN_LEFT I_TURN_LEFT I_JUMP I_TURN_RIGHT I_TURN_RIGHT I_JUMP I_TURN_RIGHT I_TURN_RIGHT I_JUMP
walk around right thrice after run right	I_TURN_RIGHT I_RUN I_TURN_RIGHT I_WALK I_TURN_RIGHT I_WALK I_TURN_RIGHT I_WALK I_TURN_RIGHT I_WALK I_TURN_RIGHT I_WALK I_TURN_RIGHT I_WALK I_TURN_RIGHT I_WALK I_TURN_RIGHT I_WALK I_TURN_RIGHT I_WALK I_TURN_RIGHT I_WALK I_TURN_RIGHT I_WALK I_TURN_RIGHT I_WALK
look right after walk right	I_TURN_RIGHT I_WALK I_TURN_RIGHT I_LOOK
walk around right and look left twice	I_TURN_RIGHT I_WALK I_TURN_RIGHT I_WALK I_TURN_RIGHT I_WALK I_TURN_RIGHT I_WALK I_TURN_LEFT I_LOOK I_TURN_LEFT I_LOOK
jump thrice after run	I_RUN I_JUMP I_JUMP I_JUMP
jump opposite left thrice and walk	I_TURN_LEFT I_TURN_LEFT I_JUMP I_TURN_LEFT I_TURN_LEFT I_JUMP I_TURN_LEFT I_TURN_LEFT I_JUMP I_WALK
turn opposite left thrice and look left thrice	I_TURN_LEFT I_TURN_LEFT I_TURN_LEFT I_TURN_LEFT I_TURN_LEFT I_TURN_LEFT I_TURN_LEFT I_LOOK I_TURN_LEFT I_LOOK I_TURN_LEFT I_LOOK
look around left twice and run around left thrice	I_TURN_LEFT I_LOOK I_TURN_LEFT I_LOOK I_TURN_LEFT I_LOOK I_TURN_LEFT I_LOOK I_TURN_LEFT I_LOOK I_TURN_LEFT I_LOOK I_TURN_LEFT I_LOOK I_TURN_LEFT I_LOOK I_TURN_LEFT I_RUN I_TURN_LEFT I_RUN I_TURN_LEFT I_RUN I_TURN_LEFT I_RUN I_TURN_LEFT I_RUN I_TURN_LEFT I_RUN I_TURN_LEFT I_RUN I_TURN_LEFT I_RUN I_TURN_LEFT I_RUN I_TURN_LEFT I_RUN I_TURN_LEFT I_RUN I_TURN_LEFT I_RUN
walk opposite left after run left thrice	I_TURN_LEFT I_RUN I_TURN_LEFT I_RUN I_TURN_LEFT I_RUN I_TURN_LEFT I_TURN_LEFT I_WALK
run and walk right	I_RUN I_TURN_RIGHT I_WALK
turn opposite right thrice and walk right	I_TURN_RIGHT I_TURN_RIGHT I_TURN_RIGHT I_TURN_RIGHT I_TURN_RIGHT I_TURN_RIGHT I_TURN_RIGHT I_WALK
run opposite left after run right	I_TURN_RIGHT I_RUN I_TURN_LEFT I_TURN_LEFT I_RUN
walk opposite left twice after run opposite left twice	I_TURN_LEFT I_TURN_LEFT I_RUN I_TURN_LEFT I_TURN_LEFT I_RUN I_TURN_LEFT I_TURN_LEFT I_WALK I_TURN_LEFT I_TURN_LEFT I_WALK
run right and run around right	I_TURN_RIGHT I_RUN I_TURN_RIGHT I_RUN I_TURN_RIGHT I_RUN I_TURN_RIGHT I_RUN I_TURN_RIGHT I_RUN
run after look right twice	I_TURN_RIGHT I_LOOK I_TURN_RIGHT I_LOOK I_RUN
jump thrice and walk left	I_JUMP I_JUMP I_JUMP I_TURN_LEFT I_WALK
jump around left after run opposite right twice	I_TURN_RIGHT I_TURN_RIGHT I_RUN I_TURN_RIGHT I_TURN_RIGHT I_RUN I_TURN_LEFT I_JUMP I_TURN_LEFT I_JUMP I_TURN_LEFT I_JUMP I_TURN_LEFT I_JUMP
turn left and turn around left	I_TURN_LEFT I_TURN_LEFT I_TURN_LEFT I_TURN_LEFT I_TURN_LEFT
turn right and look around left thrice	I_TURN_RIGHT I_TURN_LEFT I_LOOK I_TURN_LEFT I_LOOK I_TURN_LEFT I_LOOK I_TURN_LEFT I_LOOK I_TURN_LEFT I_LOOK I_TURN_LEFT I_LOOK I_TURN_LEFT I_LOOK I_TURN_LEFT I_LOOK I_TURN_LEFT I_LOOK I_TURN_LEFT I_LOOK I_TURN_LEFT I_LOOK I_TURN_LEFT I_LOOK
run left thrice after run opposite right twice	I_TURN_RIGHT I_TURN_RIGHT I_RUN I_TURN_RIGHT I_TURN_RIGHT I_RUN I_TURN_LEFT I_RUN I_TURN_LEFT I_RUN I_TURN_LEFT I_RUN
look opposite left twice after jump around left twice	I_TURN_LEFT I_JUMP I_TURN_LEFT I_JUMP I_TURN_LEFT I_JUMP I_TURN_LEFT I_JUMP I_TURN_LEFT I_JUMP I_TURN_LEFT I_JUMP I_TURN_LEFT I_JUMP I_TURN_LEFT I_JUMP I_TURN_LEFT I_TURN_LEFT I_LOOK I_TURN_LEFT I_TURN_LEFT I_LOOK
turn opposite left twice and turn right twice	I_TURN_LEFT I_TURN_LEFT I_TURN_LEFT I_TURN_LEFT I_TURN_RIGHT I_TURN_RIGHT
jump left thrice after run around left thrice	I_TURN_LEFT I_RUN I_TURN_LEFT I_RUN I_TURN_LEFT I_RUN I_TURN_LEFT I_RUN I_TURN_LEFT I_RUN I_TURN_LEFT I_RUN I_TURN_LEFT I_RUN I_TURN_LEFT I_RUN I_TURN_LEFT I_RUN I_TURN_LEFT I_RUN I_TURN_LEFT I_RUN I_TURN_LEFT I_RUN I_TURN_LEFT I_JUMP I_TURN_LEFT I_JUMP I_TURN_LEFT I_JUMP
walk around right and look around right thrice	I_TURN_RIGHT I_WALK I_TURN_RIGHT I_WALK I_TURN_RIGHT I_WALK I_TURN_RIGHT I_WALK I_TURN_RIGHT I_LOOK I_TURN_RIGHT I_LOOK I_TURN_RIGHT I_LOOK I_TURN_RIGHT I_LOOK I_TURN_RIGHT I_LOOK I_TURN_RIGHT I_LOOK I_TURN_RIGHT I_LOOK I_TURN_RIGHT I_LOOK I_TURN_RIGHT I_LOOK I_TURN_RIGHT I_LOOK I_TURN_RIGHT I_LOOK I_TURN_RIGHT I_LOOK
look around right thrice and jump	I_TURN_RIGHT I_LOOK I_TURN_RIGHT I_LOOK I_TURN_RIGHT I_LOOK I_TURN_RIGHT I_LOOK I_TURN_RIGHT I_LOOK I_TURN_RIGHT I_LOOK I_TURN_RIGHT I_LOOK I_TURN_RIGHT I_LOOK I_TURN_RIGHT I_LOOK I_TURN_RIGHT I_LOOK I_TURN_RIGHT I_LOOK I_TURN_RIGHT I_LOOK I_JUMP
walk right twice after turn around left	I_TURN_LEFT I_TURN_LEFT I_TURN_LEFT I_TURN_LEFT I_TURN_RIGHT I_WALK I_TURN_RIGHT I_WALK
walk twice after look right thrice	I_TURN_RIGHT I_LOOK I_TURN_RIGHT I_LOOK I_TURN_RIGHT I_LOOK I_WALK I_WALK
run left thrice and look right	I_TURN_LEFT I_RUN I_TURN_LEFT I_RUN I_TURN_LEFT I_RUN I_TURN_RIGHT I_LOOK
turn left thrice and look around right	I_TURN_LEFT I_TURN_LEFT I_TURN_LEFT I_TURN_RIGHT I_LOOK I_TURN_RIGHT I_LOOK I_TURN_RIGHT I_LOOK I_TURN_RIGHT I_LOOK
look right twice and look around right twice	I_TURN_RIGHT I_LOOK I_TURN_RIGHT I_LOOK I_TURN_RIGHT I_LOOK I_TURN_RIGHT I_LOOK I_TURN_RIGHT I_LOOK I_TURN_RIGHT I_LOOK I_TURN_RIGHT I_LOOK I_TURN_RIGHT I_LOOK I_TURN_RIGHT I_LOOK I_TURN_RIGHT I_LOOK
run around left twice after look twice	I_LOOK I_LOOK I_TURN_LEFT I_RUN I_TURN_LEFT I_RUN I_TURN_LEFT I_RUN I_TURN_LEFT I_RUN I_TURN_LEFT I_RUN I_TURN_LEFT I_RUN I_TURN_LEFT I_RUN I_TURN_LEFT I_RUN
run left twice after jump opposite left thrice	I_TURN_LEFT I_TURN_LEFT I_JUMP I_TURN_LEFT I_TURN_LEFT I_JUMP I_TURN_LEFT I_TURN_LEFT I_JUMP I_TURN_LEFT I_RUN I_TURN_LEFT I_RUN
jump around right after look around right thrice	I_TURN_RIGHT I_LOOK I_TURN_RIGHT I_LOOK I_TURN_RIGHT I_LOOK I_TURN_RIGHT I_LOOK I_TURN_RIGHT I_LOOK I_TURN_RIGHT I_LOOK I_TURN_RIGHT I_LOOK I_TURN_RIGHT I_LOOK I_TURN_RIGHT I_LOOK I_TURN_RIGHT I_LOOK I_TURN_RIGHT I_LOOK I_TURN_RIGHT I_LOOK I_TURN_RIGHT I_JUMP I_TURN_RIGHT I_JUMP I_TURN_RIGHT I_JUMP I_TURN_RIGHT I_JUMP
look left twice after jump twice	I_JUMP I_JUMP I_TURN_LEFT I_LOOK I_TURN_LEFT I_LOOK
turn opposite left thrice and walk around left	I_TURN_LEFT I_TURN_LEFT I_TURN_LEFT I_TURN_LEFT I_TURN_LEFT I_TURN_LEFT I_TURN_LEFT I_WALK I_TURN_LEFT I_WALK I_TURN_LEFT I_WALK I_TURN_LEFT I_WALK
turn around left twice after jump right	I_TURN_RIGHT I_JUMP I_TURN_LEFT I_TURN_LEFT I_TURN_LEFT I_TURN_LEFT I_TURN_LEFT I_TURN_LEFT I_TURN_LEFT I_TURN_LEFT
walk around left and walk right twice	I_TURN_LEFT I_WALK I_TURN_LEFT I_WALK I_TURN_LEFT I_WALK I_TURN_LEFT I_WALK I_TURN_RIGHT I_WALK I_TURN_RIGHT I_WALK
look around right after look left twice	I_TURN_LEFT I_LOOK I_TURN_LEFT I_LOOK I_TURN_RIGHT I_LOOK I_TURN_RIGHT I_LOOK I_TURN_RIGHT I_LOOK I_TURN_RIGHT I_LOOK
turn around right after walk twice	I_WALK I_WALK I_TURN_RIGHT I_TURN_RIGHT I_TURN_RIGHT I_TURN_RIGHT
jump left and walk around left	I_TURN_LEFT I_JUMP I_TURN_LEFT I_WALK I_TURN_LEFT I_WALK I_TURN_LEFT I_WALK I_TURN_LEFT I_WALK
look left twice and jump twice	I_TURN_LEFT I_LOOK I_TURN_LEFT I_LOOK I_JUMP I_JUMP
turn left thrice and turn right thrice	I_TURN_LEFT I_TURN_LEFT I_TURN_LEFT I_TURN_RIGHT I_TURN_RIGHT I_TURN_RIGHT
look after run around left thrice	I_TURN_LEFT I_RUN I_TURN_LEFT I_RUN I_TURN_LEFT I_RUN I_TURN_LEFT I_RUN I_TURN_LEFT I_RUN I_TURN_LEFT I_RUN I_TURN_LEFT I_RUN I_TURN_LEFT I_RUN I_TURN_LEFT I_RUN I_TURN_LEFT I_RUN I_TURN_LEFT I_RUN I_TURN_LEFT I_RUN I_LOOK
walk around right twice after run left twice	I_TURN_LEFT I_RUN I_TURN_LEFT I_RUN I_TURN_RIGHT I_WALK I_TURN_RIGHT I_WALK I_TURN_RIGHT I_WALK I_TURN_RIGHT I_WALK I_TURN_RIGHT I_WALK I_TURN_RIGHT I_WALK I_TURN_RIGHT I_WALK I_TURN_RIGHT I_WALK
walk left thrice and jump left thrice	I_TURN_LEFT I_WALK I_TURN_LEFT I_WALK I_TURN_LEFT I_WALK I_TURN_LEFT I_JUMP I_TURN_LEFT I_JUMP I_TURN_LEFT I_JUMP
run around right thrice after look opposite right thrice	I_TURN_RIGHT I_TURN_RIGHT I_LOOK I_TURN_RIGHT I_TURN_RIGHT I_LOOK I_TURN_RIGHT I_TURN_RIGHT I_LOOK I_TURN_RIGHT I_RUN I_TURN_RIGHT I_RUN I_TURN_RIGHT I_RUN I_TURN_RIGHT I_RUN I_TURN_RIGHT I_RUN I_TURN_RIGHT I_RUN I_TURN_RIGHT I_RUN I_TURN_RIGHT I_RUN I_TURN_RIGHT I_RUN I_TURN_RIGHT I_RUN I_TURN_RIGHT I_RUN I_TURN_RIGHT I_RUN
run left and turn opposite right	I_TURN_LEFT I_RUN I_TURN_RIGHT I_TURN_RIGHT
jump right thrice and turn right twice	I_TURN_RIGHT I_JUMP I_TURN_RIGHT I_JUMP I_TURN_RIGHT I_JUMP I_TURN_RIGHT I_TURN_RIGHT
walk right and run opposite left	I_TURN_RIGHT I_WALK I_TURN_LEFT I_TURN_LEFT I_RUN
walk thrice and run right thrice	I_WALK I_WALK I_WALK I_TURN_RIGHT I_RUN I_TURN_RIGHT I_RUN I_TURN_RIGHT I_RUN
jump opposite left thrice and turn opposite right	I_TURN_LEFT I_TURN_LEFT I_JUMP I_TURN_LEFT I_TURN_LEFT I_JUMP I_TURN_LEFT I_TURN_LEFT I_JUMP I_TURN_RIGHT I_TURN_RIGHT
walk opposite right twice after walk left	I_TURN_LEFT I_WALK I_TURN_RIGHT I_TURN_RIGHT I_WALK I_TURN_RIGHT I_TURN_RIGHT I_WALK
turn opposite right and look around right	I_TURN_RIGHT I_TURN_RIGHT I_TURN_RIGHT I_LOOK I_TURN_RIGHT I_LOOK I_TURN_RIGHT I_LOOK I_TURN_RIGHT I_LOOK
jump opposite right after walk left thrice	I_TURN_LEFT I_WALK I_TURN_LEFT I_WALK I_TURN_LEFT I_WALK I_TURN_RIGHT I_TURN_RIGHT I_JUMP
jump right thrice after jump opposite right thrice	I_TURN_RIGHT I_TURN_RIGHT I_JUMP I_TURN_RIGHT I_TURN_RIGHT I_JUMP I_TURN_RIGHT I_TURN_RIGHT I_JUMP I_TURN_RIGHT I_JUMP I_TURN_RIGHT I_JUMP I_TURN_RIGHT I_JUMP
run opposite right thrice and turn right twice	I_TURN_RIGHT I_TURN_RIGHT I_RUN I_TURN_RIGHT I_TURN_RIGHT I_RUN I_TURN_RIGHT I_TURN_RIGHT I_RUN I_TURN_RIGHT I_TURN_RIGHT
look around left twice after walk opposite left twice	I_TURN_LEFT I_TURN_LEFT I_WALK I_TURN_LEFT I_TURN_LEFT I_WALK I_TURN_LEFT I_LOOK I_TURN_LEFT I_LOOK I_TURN_LEFT I_LOOK I_TURN_LEFT I_LOOK I_TURN_LEFT I_LOOK I_TURN_LEFT I_LOOK I_TURN_LEFT I_LOOK I_TURN_LEFT I_LOOK
run thrice and walk opposite right twice	I_RUN I_RUN I_RUN I_TURN_RIGHT I_TURN_RIGHT I_WALK I_TURN_RIGHT I_TURN_RIGHT I_WALK
walk opposite left twice and walk right	I_TURN_LEFT I_TURN_LEFT I_WALK I_TURN_LEFT I_TURN_LEFT I_WALK I_TURN_RIGHT I_WALK
look opposite right thrice and run left	I_TURN_RIGHT I_TURN_RIGHT I_LOOK I_TURN_RIGHT I_TURN_RIGHT I_LOOK I_TURN_RIGHT I_TURN_RIGHT I_LOOK I_TURN_LEFT I_RUN
walk opposite left after turn opposite left thrice	I_TURN_LEFT I_TURN_LEFT I_TURN_LEFT I_TURN_LEFT I_TURN_LEFT I_TURN_LEFT I_TURN_LEFT I_TURN_LEFT I_WALK
jump opposite right twice after jump around left twice	I_TURN_LEFT I_JUMP I_TURN_LEFT I_JUMP I_TURN_LEFT I_JUMP I_TURN_LEFT I_JUMP I_TURN_LEFT I_JUMP I_TURN_LEFT I_JUMP I_TURN_LEFT I_JUMP I_TURN_LEFT I_JUMP I_TURN_RIGHT I_TURN_RIGHT I_JUMP I_TURN_RIGHT I_TURN_RIGHT I_JUMP
run left twice and walk around left thrice	I_TURN_LEFT I_RUN I_TURN_LEFT I_RUN I_TURN_LEFT I_WALK I_TURN_LEFT I_WALK I_TURN_LEFT I_WALK I_TURN_LEFT I_WALK I_TURN_LEFT I_WALK I_TURN_LEFT I_WALK I_TURN_LEFT I_WALK I_TURN_LEFT I_WALK I_TURN_LEFT I_WALK I_TURN_LEFT I_WALK I_TURN_LEFT I_WALK I_TURN_LEFT I_WALK
look left twice after jump around left	I_TURN_LEFT I_JUMP I_TURN_LEFT I_JUMP I_TURN_LEFT I_JUMP I_TURN_LEFT I_JUMP I_TURN_LEFT I_LOOK I_TURN_LEFT I_LOOK
jump opposite right thrice after run right thrice	I_TURN_RIGHT I_RUN I_TURN_RIGHT I_RUN I_TURN_RIGHT I_RUN I_TURN_RIGHT I_TURN_RIGHT I_JUMP I_TURN_RIGHT I_TURN_RIGHT I_JUMP I_TURN_RIGHT I_TURN_RIGHT I_JUMP
run around left after look left twice	I_TURN_LEFT I_LOOK I_TURN_LEFT I_LOOK I_TURN_LEFT I_RUN I_TURN_LEFT I_RUN I_TURN_LEFT I_RUN I_TURN_LEFT I_RUN
walk opposite right twice after run opposite right thrice	I_TURN_RIGHT I_TURN_RIGHT I_RUN I_TURN_RIGHT I_TURN_RIGHT I_RUN I_TURN_RIGHT I_TURN_RIGHT I_RUN I_TURN_RIGHT I_TURN_RIGHT I_WALK I_TURN_RIGHT I_TURN_RIGHT I_WALK
turn around right and look right	I_TURN_RIGHT I_TURN_RIGHT I_TURN_RIGHT I_TURN_RIGHT I_TURN_RIGHT I_LOOK
walk twice after jump	I_JUMP I_WALK I_WALK
look right and jump opposite right twice	I_TURN_RIGHT I_LOOK I_TURN_RIGHT I_TURN_RIGHT I_JUMP I_TURN_RIGHT I_TURN_RIGHT I_JUMP
turn around left thrice and look right	I_TURN_LEFT I_TURN_LEFT I_TURN_LEFT I_TURN_LEFT I_TURN_LEFT I_TURN_LEFT I_TURN_LEFT I_TURN_LEFT I_TURN_LEFT I_TURN_LEFT I_TURN_LEFT I_TURN_LEFT I_TURN_RIGHT I_LOOK
walk opposite right after walk around left thrice	I_TURN_LEFT I_WALK I_TURN_LEFT I_WALK I_TURN_LEFT I_WALK I_TURN_LEFT I_WALK I_TURN_LEFT I_WALK I_TURN_LEFT I_WALK I_TURN_LEFT I_WALK I_TURN_LEFT I_WALK I_TURN_LEFT I_WALK I_TURN_LEFT I_WALK I_TURN_LEFT I_WALK I_TURN_LEFT I_WALK I_TURN_RIGHT I_TURN_RIGHT I_WALK
jump opposite right and run twice	I_TURN_RIGHT I_TURN_RIGHT I_JUMP I_RUN I_RUN
run opposite right thrice and walk around right	I_TURN_RIGHT I_TURN_RIGHT I_RUN I_TURN_RIGHT I_TURN_RIGHT I_RUN I_TURN_RIGHT I_TURN_RIGHT I_RUN I_TURN_RIGHT I_WALK I_TURN_RIGHT I_WALK I_TURN_RIGHT I_WALK I_TURN_RIGHT I_WALK
walk right thrice and turn left	I_TURN_RIGHT I_WALK I_TURN_RIGHT I_WALK I_TURN_RIGHT I_WALK I_TURN_LEFT
walk opposite left twice after look around left thrice	I_TURN_LEFT I_LOOK I_TURN_LEFT I_LOOK I_TURN_LEFT I_LOOK I_TURN_LEFT I_LOOK I_TURN_LEFT I_LOOK I_TURN_LEFT I_LOOK I_TURN_LEFT I_LOOK I_TURN_LEFT I_LOOK I_TURN_LEFT I_LOOK I_TURN_LEFT I_LOOK I_TURN_LEFT I_LOOK I_TURN_LEFT I_LOOK I_TURN_LEFT I_TURN_LEFT I_WALK I_TURN_LEFT I_TURN_LEFT I_WALK
jump around left after run around right twice	I_TURN_RIGHT I_RUN I_TURN_RIGHT I_RUN I_TURN_RIGHT I_RUN I_TURN_RIGHT I_RUN I_TURN_RIGHT I_RUN I_TURN_RIGHT I_RUN I_TURN_RIGHT I_RUN I_TURN_RIGHT I_RUN I_TURN_LEFT I_JUMP I_TURN_LEFT I_JUMP I_TURN_LEFT I_JUMP I_TURN_LEFT I_JUMP
jump opposite right twice after run opposite left	I_TURN_LEFT I_TURN_LEFT I_RUN I_TURN_RIGHT I_TURN_RIGHT I_JUMP I_TURN_RIGHT I_TURN_RIGHT I_JUMP
walk opposite right after turn left twice	I_TURN_LEFT I_TURN_LEFT I_TURN_RIGHT I_TURN_RIGHT I_WALK
jump right and walk twice	I_TURN_RIGHT I_JUMP I_WALK I_WALK
look right twice and look opposite right twice	I_TURN_RIGHT I_LOOK I_TURN_RIGHT I_LOOK I_TURN_RIGHT I_TURN_RIGHT I_LOOK I_TURN_RIGHT I_TURN_RIGHT I_LOOK
jump thrice after look left twice	I_TURN_LEFT I_LOOK I_TURN_LEFT I_LOOK I_JUMP I_JUMP I_JUMP
look twice and run left	I_LOOK I_LOOK I_TURN_LEFT I_RUN
run around right twice after run right twice	I_TURN_RIGHT I_RUN I_TURN_RIGHT I_RUN I_TURN_RIGHT I_RUN I_TURN_RIGHT I_RUN I_TURN_RIGHT I_RUN I_TURN_RIGHT I_RUN I_TURN_RIGHT I_RUN I_TURN_RIGHT I_RUN I_TURN_RIGHT I_RUN I_TURN_RIGHT I_RUN
run opposite right and walk right thrice	I_TURN_RIGHT I_TURN_RIGHT I_RUN I_TURN_RIGHT I_WALK I_TURN_RIGHT I_WALK I_TURN_RIGHT I_WALK
jump opposite right after look	I_LOOK I_TURN_RIGHT I_TURN_RIGHT I_JUMP
look left twice after turn opposite right twice	I_TURN_RIGHT I_TURN_RIGHT I_TURN_RIGHT I_TURN_RIGHT I_TURN_LEFT I_LOOK I_TURN_LEFT I_LOOK
turn opposite right thrice after turn opposite right thrice	I_TURN_RIGHT I_TURN_RIGHT I_TURN_RIGHT I_TURN_RIGHT I_TURN_RIGHT I_TURN_RIGHT I_TURN_RIGHT I_TURN_RIGHT I_TURN_RIGHT I_TURN_RIGHT I_TURN_RIGHT I_TURN_RIGHT
jump thrice and turn around right	I_JUMP I_JUMP I_JUMP I_TURN_RIGHT I_TURN_RIGHT I_TURN_RIGHT I_TURN_RIGHT
walk around right after jump around left twice	I_TURN_LEFT I_JUMP I_TURN_LEFT I_JUMP I_TURN_LEFT I_JUMP I_TURN_LEFT I_JUMP I_TURN_LEFT I_JUMP I_TURN_LEFT I_JUMP I_TURN_LEFT I_JUMP I_TURN_LEFT I_JUMP I_TURN_RIGHT I_WALK I_TURN_RIGHT I_WALK I_TURN_RIGHT I_WALK I_TURN_RIGHT I_WALK
run right thrice and jump around right thrice	I_TURN_RIGHT I_RUN I_TURN_RIGHT I_RUN I_TURN_RIGHT I_RUN I_TURN_RIGHT I_JUMP I_TURN_RIGHT I_JUMP I_TURN_RIGHT I_JUMP I_TURN_RIGHT I_JUMP I_TURN_RIGHT I_JUMP I_TURN_RIGHT I_JUMP I_TURN_RIGHT I_JUMP I_TURN_RIGHT I_JUMP I_TURN_RIGHT I_JUMP I_TURN_RIGHT I_JUMP I_TURN_RIGHT I_JUMP I_TURN_RIGHT I_JUMP
look thrice after turn opposite left thrice	I_TURN_LEFT I_TURN_LEFT I_TURN_LEFT I_TURN_LEFT I_TURN_LEFT I_TURN_LEFT I_LOOK I_LOOK I_LOOK
run around right twice and run opposite left	I_TURN_RIGHT I_RUN I_TURN_RIGHT I_RUN I_TURN_RIGHT I_RUN I_TURN_RIGHT I_RUN I_TURN_RIGHT I_RUN I_TURN_RIGHT I_RUN I_TURN_RIGHT I_RUN I_TURN_RIGHT I_RUN I_TURN_LEFT I_TURN_LEFT I_RUN
run right twice after look opposite left thrice	I_TURN_LEFT I_TURN_LEFT I_LOOK I_TURN_LEFT I_TURN_LEFT I_LOOK I_TURN_LEFT I_TURN_LEFT I_LOOK I_TURN_RIGHT I_RUN I_TURN_RIGHT I_RUN
look around left thrice after turn opposite left twice	I_TURN_LEFT I_TURN_LEFT I_TURN_LEFT I_TURN_LEFT I_TURN_LEFT I_LOOK I_TURN_LEFT I_LOOK I_TURN_LEFT I_LOOK I_TURN_LEFT I_LOOK I_TURN_LEFT I_LOOK I_TURN_LEFT I_LOOK I_TURN_LEFT I_LOOK I_TURN_LEFT I_LOOK I_TURN_LEFT I_LOOK I_TURN_LEFT I_LOOK I_TURN_LEFT I_LOOK I_TURN_LEFT I_LOOK
jump opposite right thrice and walk thrice	I_TURN_RIGHT I_TURN_RIGHT I_JUMP I_TURN_RIGHT I_TURN_RIGHT I_JUMP I_TURN_RIGHT I_TURN_RIGHT I_JUMP I_WALK I_WALK I_WALK
turn around right and jump around left thrice	I_TURN_RIGHT I_TURN_RIGHT I_TURN_RIGHT I_TURN_RIGHT I_TURN_LEFT I_JUMP I_TURN_LEFT I_JUMP I_TURN_LEFT I_JUMP I_TURN_LEFT I_JUMP I_TURN_LEFT I_JUMP I_TURN_LEFT I_JUMP I_TURN_LEFT I_JUMP I_TURN_LEFT I_JUMP I_TURN_LEFT I_JUMP I_TURN_LEFT I_JUMP I_TURN_LEFT I_JUMP I_TURN_LEFT I_JUMP
look around left thrice after walk right twice	I_TURN_RIGHT I_WALK I_TURN_RIGHT I_WALK I_TURN_LEFT I_LOOK I_TURN_LEFT I_LOOK I_TURN_LEFT I_LOOK I_TURN_LEFT I_LOOK I_TURN_LEFT I_LOOK I_TURN_LEFT I_LOOK I_TURN_LEFT I_LOOK I_TURN_LEFT I_LOOK I_TURN_LEFT I_LOOK I_TURN_LEFT I_LOOK I_TURN_LEFT I_LOOK I_TURN_LEFT I_LOOK
look twice and run around right twice	I_LOOK I_LOOK I_TURN_RIGHT I_RUN I_TURN_RIGHT I_RUN I_TURN_RIGHT I_RUN I_TURN_RIGHT I_RUN I_TURN_RIGHT I_RUN I_TURN_RIGHT I_RUN I_TURN_RIGHT I_RUN I_TURN_RIGHT I_RUN
run and look left thrice	I_RUN I_TURN_LEFT I_LOOK I_TURN_LEFT I_LOOK I_TURN_LEFT I_LOOK
run opposite left thrice and look around right twice	I_TURN_LEFT I_TURN_LEFT I_RUN I_TURN_LEFT I_TURN_LEFT I_RUN I_TURN_LEFT I_TURN_LEFT I_RUN I_TURN_RIGHT I_LOOK I_TURN_RIGHT I_LOOK I_TURN_RIGHT I_LOOK I_TURN_RIGHT I_LOOK I_TURN_RIGHT I_LOOK I_TURN_RIGHT I_LOOK I_TURN_RIGHT I_LOOK I_TURN_RIGHT I_LOOK
turn left twice after jump left twice	I_TURN_LEFT I_JUMP I_TURN_LEFT I_JUMP I_TURN_LEFT I_TURN_LEFT
run opposite left twice and jump left	I_TURN_LEFT I_TURN_LEFT I_RUN I_TURN_LEFT I_TURN_LEFT I_RUN I_TURN_LEFT I_JUMP
run around right twice after look left twice	I_TURN_LEFT I_LOOK I_TURN_LEFT I_LOOK I_TURN_RIGHT I_RUN I_TURN_RIGHT I_RUN I_TURN_RIGHT I_RUN I_TURN_RIGHT I_RUN I_TURN_RIGHT I_RUN I_TURN_RIGHT I_RUN I_TURN_RIGHT I_RUN I_TURN_RIGHT I_RUN
walk around right thrice and jump opposite right thrice	I_TURN_RIGHT I_WALK I_TURN_RIGHT I_WALK I_TURN_RIGHT I_WALK I_TURN_RIGHT I_WALK I_TURN_RIGHT I_WALK I_TURN_RIGHT I_WALK I_TURN_RIGHT I_WALK I_TURN_RIGHT I_WALK I_TURN_RIGHT I_WALK I_TURN_RIGHT I_WALK I_TURN_RIGHT I_WALK I_TURN_RIGHT I_WALK I_TURN_RIGHT I_TURN_RIGHT I_JUMP I_TURN_RIGHT I_TURN_RIGHT I_JUMP I_TURN_RIGHT I_TURN_RIGHT I_JUMP
jump left twice after walk left twice	I_TURN_LEFT I_WALK I_TURN_LEFT I_WALK I_TURN_LEFT I_JUMP I_TURN_LEFT I_JUMP
run thrice after turn left thrice	I_TURN_LEFT I_TURN_LEFT I_TURN_LEFT I_RUN I_RUN I_RUN
walk opposite left and look around right thrice	I_TURN_LEFT I_TURN_LEFT I_WALK I_TURN_RIGHT I_LOOK I_TURN_RIGHT I_LOOK I_TURN_RIGHT I_LOOK I_TURN_RIGHT I_LOOK I_TURN_RIGHT I_LOOK I_TURN_RIGHT I_LOOK I_TURN_RIGHT I_LOOK I_TURN_RIGHT I_LOOK I_TURN_RIGHT I_LOOK I_TURN_RIGHT I_LOOK I_TURN_RIGHT I_LOOK I_TURN_RIGHT I_LOOK
walk right and run right thrice	I_TURN_RIGHT I_WALK I_TURN_RIGHT I_RUN I_TURN_RIGHT I_RUN I_TURN_RIGHT I_RUN
jump and look opposite left thrice	I_JUMP I_TURN_LEFT I_TURN_LEFT I_LOOK I_TURN_LEFT I_TURN_LEFT I_LOOK I_TURN_LEFT I_TURN_LEFT I_LOOK
walk opposite right and turn opposite right thrice	I_TURN_RIGHT I_TURN_RIGHT I_WALK I_TURN_RIGHT I_TURN_RIGHT I_TURN_RIGHT I_TURN_RIGHT I_TURN_RIGHT I_TURN_RIGHT
walk left twice after jump around right thrice	I_TURN_RIGHT I_JUMP I_TURN_RIGHT I_JUMP I_TURN_RIGHT I_JUMP I_TURN_RIGHT I_JUMP I_TURN_RIGHT I_JUMP I_TURN_RIGHT I_JUMP I_TURN_RIGHT I_JUMP I_TURN_RIGHT I_JUMP I_TURN_RIGHT I_JUMP I_TURN_RIGHT I_JUMP I_TURN_RIGHT I_JUMP I_TURN_RIGHT I_JUMP I_TURN_LEFT I_WALK I_TURN_LEFT I_WALK
turn left and turn around right thrice	I_TURN_LEFT I_TURN_RIGHT I_TURN_RIGHT I_TURN_RIGHT I_TURN_RIGHT I_TURN_RIGHT I_TURN_RIGHT I_TURN_RIGHT I_TURN_RIGHT I_TURN_RIGHT I_TURN_RIGHT I_TURN_RIGHT I_TURN_RIGHT
walk around right thrice and look left twice	I_TURN_RIGHT I_WALK I_TURN_RIGHT I_WALK I_TURN_RIGHT I_WALK I_TURN_RIGHT I_WALK I_TURN_RIGHT I_WALK I_TURN_RIGHT I_WALK I_TURN_RIGHT I_WALK I_TURN_RIGHT I_WALK I_TURN_RIGHT I_WALK I_TURN_RIGHT I_WALK I_TURN_RIGHT I_WALK I_TURN_RIGHT I_WALK I_TURN_LEFT I_LOOK I_TURN_LEFT I_LOOK
walk left after look left twice	I_TURN_LEFT I_LOOK I_TURN_LEFT I_LOOK I_TURN_LEFT I_WALK
jump around left thrice after jump right twice	I_TURN_RIGHT I_JUMP I_TURN_RIGHT I_JUMP I_TURN_LEFT I_JUMP I_TURN_LEFT I_JUMP I_TURN_LEFT I_JUMP I_TURN_LEFT I_JUMP I_TURN_LEFT I_JUMP I_TURN_LEFT I_JUMP I_TURN_LEFT I_JUMP I_TURN_LEFT I_JUMP I_TURN_LEFT I_JUMP I_TURN_LEFT I_JUMP I_TURN_LEFT I_JUMP I_TURN_LEFT I_JUMP
walk around left and run thrice	I_TURN_LEFT I_WALK I_TURN_LEFT I_WALK I_TURN_LEFT I_WALK I_TURN_LEFT I_WALK I_RUN I_RUN I_RUN
run around right twice after jump around left thrice	I_TURN_LEFT I_JUMP I_TURN_LEFT I_JUMP I_TURN_LEFT I_JUMP I_TURN_LEFT I_JUMP I_TURN_LEFT I_JUMP I_TURN_LEFT I_JUMP I_TURN_LEFT I_JUMP I_TURN_LEFT I_JUMP I_TURN_LEFT I_JUMP I_TURN_LEFT I_JUMP I_TURN_LEFT I_JUMP I_TURN_LEFT I_JUMP I_TURN_RIGHT I_RUN I_TURN_RIGHT I_RUN I_TURN_RIGHT I_RUN I_TURN_RIGHT I_RUN I_TURN_RIGHT I_RUN I_TURN_RIGHT I_RUN I_TURN_RIGHT I_RUN I_TURN_RIGHT I_RUN
run around left and jump opposite right	I_TURN_LEFT I_RUN I_TURN_LEFT I_RUN I_TURN_LEFT I_RUN I_TURN_LEFT I_RUN I_TURN_RIGHT I_TURN_RIGHT I_JUMP
walk around right twice and run right twice	I_TURN_RIGHT I_WALK I_TURN_RIGHT I_WALK I_TURN_RIGHT I_WALK I_TURN_RIGHT I_WALK I_TURN_RIGHT I_WALK I_TURN_RIGHT I_WALK I_TURN_RIGHT I_WALK I_TURN_RIGHT I_WALK I_TURN_RIGHT I_RUN I_TURN_RIGHT I_RUN
run around right and walk opposite right thrice	I_TURN_RIGHT I_RUN I_TURN_RIGHT I_RUN I_TURN_RIGHT I_RUN I_TURN_RIGHT I_RUN I_TURN_RIGHT I_TURN_RIGHT I_WALK I_TURN_RIGHT I_TURN_RIGHT I_WALK I_TURN_RIGHT I_TURN_RIGHT I_WALK
turn around right twice after jump around right thrice	I_TURN_RIGHT I_JUMP I_TURN_RIGHT I_JUMP I_TURN_RIGHT I_JUMP I_TURN_RIGHT I_JUMP I_TURN_RIGHT I_JUMP I_TURN_RIGHT I_JUMP I_TURN_RIGHT I_JUMP I_TURN_RIGHT I_JUMP I_TURN_RIGHT I_JUMP I_TURN_RIGHT I_JUMP I_TURN_RIGHT I_JUMP I_TURN_RIGHT I_JUMP I_TURN_RIGHT I_TURN_RIGHT I_TURN_RIGHT I_TURN_RIGHT I_TURN_RIGHT I_TURN_RIGHT I_TURN_RIGHT I_TURN_RIGHT
walk opposite left thrice after jump left twice	I_TURN_LEFT I_JUMP I_TURN_LEFT I_JUMP I_TURN_LEFT I_TURN_LEFT I_WALK I_TURN_LEFT I_TURN_LEFT I_WALK I_TURN_LEFT I_TURN_LEFT I_WALK
walk and turn around left twice	I_WALK I_TURN_LEFT I_TURN_LEFT I_TURN_LEFT I_TURN_LEFT I_TURN_LEFT I_TURN_LEFT I_TURN_LEFT I_TURN_LEFT
jump right thrice and jump opposite right twice	I_TURN_RIGHT I_JUMP I_TURN_RIGHT I_JUMP I_TURN_RIGHT I_JUMP I_TURN_RIGHT I_TURN_RIGHT I_JUMP I_TURN_RIGHT I_TURN_RIGHT I_JUMP
run around left twice after run left thrice	I_TURN_LEFT I_RUN I_TURN_LEFT I_RUN I_TURN_LEFT I_RUN I_TURN_LEFT I_RUN I_TURN_LEFT I_RUN I_TURN_LEFT I_RUN I_TURN_LEFT I_RUN I_TURN_LEFT I_RUN I_TURN_LEFT I_RUN I_TURN_LEFT I_RUN I_TURN_LEFT I_RUN
run after look around left	I_TURN_LEFT I_LOOK I_TURN_LEFT I_LOOK I_TURN_LEFT I_LOOK I_TURN_LEFT I_LOOK I_RUN
jump after turn opposite right twice	I_TURN_RIGHT I_TURN_RIGHT I_TURN_RIGHT I_TURN_RIGHT I_JUMP
walk around right twice after jump right twice	I_TURN_RIGHT I_JUMP I_TURN_RIGHT I_JUMP I_TURN_RIGHT I_WALK I_TURN_RIGHT I_WALK I_TURN_RIGHT I_WALK I_TURN_RIGHT I_WALK I_TURN_RIGHT I_WALK I_TURN_RIGHT I_WALK I_TURN_RIGHT I_WALK I_TURN_RIGHT I_WALK
jump twice and run right thrice	I_JUMP I_JUMP I_TURN_RIGHT I_RUN I_TURN_RIGHT I_RUN I_TURN_RIGHT I_RUN
walk right and look twice	I_TURN_RIGHT I_WALK I_LOOK I_LOOK
walk around left thrice after run opposite left twice	I_TURN_LEFT I_TURN_LEFT I_RUN I_TURN_LEFT I_TURN_LEFT I_RUN I_TURN_LEFT I_WALK I_TURN_LEFT I_WALK I_TURN_LEFT I_WALK I_TURN_LEFT I_WALK I_TURN_LEFT I_WALK I_TURN_LEFT I_WALK I_TURN_LEFT I_WALK I_TURN_LEFT I_WALK I_TURN_LEFT I_WALK I_TURN_LEFT I_WALK I_TURN_LEFT I_WALK I_TURN_LEFT I_WALK
run left twice after jump opposite right	I_TURN_RIGHT I_TURN_RIGHT I_JUMP I_TURN_LEFT I_RUN I_TURN_LEFT I_RUN
run around left thrice after jump opposite left	I_TURN_LEFT I_TURN_LEFT I_JUMP I_TURN_LEFT I_RUN I_TURN_LEFT I_RUN I_TURN_LEFT I_RUN I_TURN_LEFT I_RUN I_TURN_LEFT I_RUN I_TURN_LEFT I_RUN I_TURN_LEFT I_RUN I_TURN_LEFT I_RUN I_TURN_LEFT I_RUN I_TURN_LEFT I_RUN I_TURN_LEFT I_RUN I_TURN_LEFT I_RUN
run around left and look left	I_TURN_LEFT I_RUN I_TURN_LEFT I_RUN I_TURN_LEFT I_RUN I_TURN_LEFT I_RUN I_TURN_LEFT I_LOOK
jump left and look left	I_TURN_LEFT I_JUMP I_TURN_LEFT I_LOOK
run around left twice after walk thrice	I_WALK I_WALK I_WALK I_TURN_LEFT I_RUN I_TURN_LEFT I_RUN I_TURN_LEFT I_RUN I_TURN_LEFT I_RUN I_TURN_LEFT I_RUN I_TURN_LEFT I_RUN I_TURN_LEFT I_RUN I_TURN_LEFT I_RUN
run left twice and run around left twice	I_TURN_LEFT I_RUN I_TURN_LEFT I_RUN I_TURN_LEFT I_RUN I_TURN_LEFT I_RUN I_TURN_LEFT I_RUN I_TURN_LEFT I_RUN I_TURN_LEFT I_RUN I_TURN_LEFT I_RUN I_TURN_LEFT I_RUN I_TURN_LEFT I_RUN
walk around right after run twice	I_RUN I_RUN I_TURN_RIGHT I_WALK I_TURN_RIGHT I_WALK I_TURN_RIGHT I_WALK I_TURN_RIGHT I_WALK
walk around right twice and run around right twice	I_TURN_RIGHT I_WALK I_TURN_RIGHT I_WALK I_TURN_RIGHT I_WALK I_TURN_RIGHT I_WALK I_TURN_RIGHT I_WALK I_TURN_RIGHT I_WALK I_TURN_RIGHT I_WALK I_TURN_RIGHT I_WALK I_TURN_RIGHT I_RUN I_TURN_RIGHT I_RUN I_TURN_RIGHT I_RUN I_TURN_RIGHT I_RUN I_TURN_RIGHT I_RUN I_TURN_RIGHT I_RUN I_TURN_RIGHT I_RUN I_TURN_RIGHT I_RUN
walk opposite right twice and walk right thrice	I_TURN_RIGHT I_TURN_RIGHT I_WALK I_TURN_RIGHT I_TURN_RIGHT I_WALK I_TURN_RIGHT I_WALK I_TURN_RIGHT I_WALK I_TURN_RIGHT I_WALK
run opposite right twice and walk opposite right	I_TURN_RIGHT I_TURN_RIGHT I_RUN I_TURN_RIGHT I_TURN_RIGHT I_RUN I_TURN_RIGHT I_TURN_RIGHT I_WALK
run opposite left and turn around right twice	I_TURN_LEFT I_TURN_LEFT I_RUN I_TURN_RIGHT I_TURN_RIGHT I_TURN_RIGHT I_TURN_RIGHT I_TURN_RIGHT I_TURN_RIGHT I_TURN_RIGHT I_TURN_RIGHT
walk after walk opposite right	I_TURN_RIGHT I_TURN_RIGHT I_WALK I_WALK
run opposite left twice after turn around left twice	I_TURN_LEFT I_TURN_LEFT I_TURN_LEFT I_TURN_LEFT I_TURN_LEFT I_TURN_LEFT I_TURN_LEFT I_TURN_LEFT I_TURN_LEFT I_TURN_LEFT I_RUN I_TURN_LEFT I_TURN_LEFT I_RUN
look left after turn right thrice	I_TURN_RIGHT I_TURN_RIGHT I_TURN_RIGHT I_TURN_LEFT I_LOOK
turn opposite right thrice and jump around right thrice	I_TURN_RIGHT I_TURN_RIGHT I_TURN_RIGHT I_TURN_RIGHT I_TURN_RIGHT I_TURN_RIGHT I_TURN_RIGHT I_JUMP I_TURN_RIGHT I_JUMP I_TURN_RIGHT I_JUMP I_TURN_RIGHT I_JUMP I_TURN_RIGHT I_JUMP I_TURN_RIGHT I_JUMP I_TURN_RIGHT I_JUMP I_TURN_RIGHT I_JUMP I_TURN_RIGHT I_JUMP I_TURN_RIGHT I_JUMP I_TURN_RIGHT I_JUMP I_TURN_RIGHT I_JUMP
walk thrice	I_WALK I_WALK I_WALK
run right after walk thrice	I_WALK I_WALK I_WALK I_TURN_RIGHT I_RUN
walk opposite left twice after jump around right thrice	I_TURN_RIGHT I_JUMP I_TURN_RIGHT I_JUMP I_TURN_RIGHT I_JUMP I_TURN_RIGHT I_JUMP I_TURN_RIGHT I_JUMP I_TURN_RIGHT I_JUMP I_TURN_RIGHT I_JUMP I_TURN_RIGHT I_JUMP I_TURN_RIGHT I_JUMP I_TURN_RIGHT I_JUMP I_TURN_RIGHT I_JUMP I_TURN_RIGHT I_JUMP I_TURN_LEFT I_TURN_LEFT I_WALK I_TURN_LEFT I_TURN_LEFT I_WALK
walk around left and jump opposite left twice	I_TURN_LEFT I_WALK I_TURN_LEFT I_WALK I_TURN_LEFT I_WALK I_TURN_LEFT I_WALK I_TURN_LEFT I_TURN_LEFT I_JUMP I_TURN_LEFT I_TURN_LEFT I_JUMP
look opposite right thrice and look left thrice	I_TURN_RIGHT I_TURN_RIGHT I_LOOK I_TURN_RIGHT I_TURN_RIGHT I_LOOK I_TURN_RIGHT I_TURN_RIGHT I_LOOK I_TURN_LEFT I_LOOK I_TURN_LEFT I_LOOK I_TURN_LEFT I_LOOK
turn around right and run around left	I_TURN_RIGHT I_TURN_RIGHT I_TURN_RIGHT I_TURN_RIGHT I_TURN_LEFT I_RUN I_TURN_LEFT I_RUN I_TURN_LEFT I_RUN I_TURN_LEFT I_RUN
look opposite right thrice and jump opposite left	I_TURN_RIGHT I_TURN_RIGHT I_LOOK I_TURN_RIGHT I_TURN_RIGHT I_LOOK I_TURN_RIGHT I_TURN_RIGHT I_LOOK I_TURN_LEFT I_TURN_LEFT I_JUMP
run left thrice after run	I_RUN I_TURN_LEFT I_RUN I_TURN_LEFT I_RUN I_TURN_LEFT I_RUN
run left twice and jump around right twice	I_TURN_LEFT I_RUN I_TURN_LEFT I_RUN I_TURN_RIGHT I_JUMP I_TURN_RIGHT I_JUMP I_TURN_RIGHT I_JUMP I_TURN_RIGHT I_JUMP I_TURN_RIGHT I_JUMP I_TURN_RIGHT I_JUMP I_TURN_RIGHT I_JUMP I_TURN_RIGHT I_JUMP
run after turn opposite right thrice	I_TURN_RIGHT I_TURN_RIGHT I_TURN_RIGHT I_TURN_RIGHT I_TURN_RIGHT I_TURN_RIGHT I_RUN
run opposite right thrice and run opposite right	I_TURN_RIGHT I_TURN_RIGHT I_RUN I_TURN_RIGHT I_TURN_RIGHT I_RUN I_TURN_RIGHT I_TURN_RIGHT I_RUN I_TURN_RIGHT I_TURN_RIGHT I_RUN
walk opposite right after run around left twice	I_TURN_LEFT I_RUN I_TURN_LEFT I_RUN I_TURN_LEFT I_RUN I_TURN_LEFT I_RUN I_TURN_LEFT I_RUN I_TURN_LEFT I_RUN I_TURN_LEFT I_RUN I_TURN_LEFT I_RUN I_TURN_RIGHT I_TURN_RIGHT I_WALK
turn around left and turn left	I_TURN_LEFT I_TURN_LEFT I_TURN_LEFT I_TURN_LEFT I_TURN_LEFT
jump twice after turn left thrice	I_TURN_LEFT I_TURN_LEFT I_TURN_LEFT I_JUMP I_JUMP
look opposite left and run around left twice	I_TURN_LEFT I_TURN_LEFT I_LOOK I_TURN_LEFT I_RUN I_TURN_LEFT I_RUN I_TURN_LEFT I_RUN I_TURN_LEFT I_RUN I_TURN_LEFT I_RUN I_TURN_LEFT I_RUN I_TURN_LEFT I_RUN I_TURN_LEFT I_RUN
run opposite left twice after jump right thrice	I_TURN_RIGHT I_JUMP I_TURN_RIGHT I_JUMP I_TURN_RIGHT I_JUMP I_TURN_LEFT I_TURN_LEFT I_RUN I_TURN_LEFT I_TURN_LEFT I_RUN
walk around left after look around right twice	I_TURN_RIGHT I_LOOK I_TURN_RIGHT I_LOOK I_TURN_RIGHT I_LOOK I_TURN_RIGHT I_LOOK I_TURN_RIGHT I_LOOK I_TURN_RIGHT I_LOOK I_TURN_RIGHT I_LOOK I_TURN_RIGHT I_LOOK I_TURN_LEFT I_WALK I_TURN_LEFT I_WALK I_TURN_LEFT I_WALK I_TURN_LEFT I_WALK
turn opposite left after walk left twice	I_TURN_LEFT I_WALK I_TURN_LEFT I_WALK I_TURN_LEFT I_TURN_LEFT
walk left and walk around left thrice	I_TURN_LEFT I_WALK I_TURN_LEFT I_WALK I_TURN_LEFT I_WALK I_TURN_LEFT I_WALK I_TURN_LEFT I_WALK I_TURN_LEFT I_WALK I_TURN_LEFT I_WALK I_TURN_LEFT I_WALK I_TURN_LEFT I_WALK I_TURN_LEFT I_WALK I_TURN_LEFT I_WALK I_TURN_LEFT I_WALK I_TURN_LEFT I_WALK
look opposite right twice and jump around left thrice	I_TURN_RIGHT I_TURN_RIGHT I_LOOK I_TURN_RIGHT I_TURN_RIGHT I_LOOK I_TURN_LEFT I_JUMP I_TURN_LEFT I_JUMP I_TURN_LEFT I_JUMP I_TURN_LEFT I_JUMP I_TURN_LEFT I_JUMP I_TURN_LEFT I_JUMP I_TURN_LEFT I_JUMP I_TURN_LEFT I_JUMP I_TURN_LEFT I_JUMP I_TURN_LEFT I_JUMP I_TURN_LEFT I_JUMP I_TURN_LEFT I_JUMP
turn opposite right thrice after run right thrice	I_TURN_RIGHT I_RUN I_TURN_RIGHT I_RUN I_TURN_RIGHT I_RUN I_TURN_RIGHT I_TURN_RIGHT I_TURN_RIGHT I_TURN_RIGHT I_TURN_RIGHT I_TURN_RIGHT
walk around left and walk left	I_TURN_LEFT I_WALK I_TURN_LEFT I_WALK I_TURN_LEFT I_WALK I_TURN_LEFT I_WALK I_TURN_LEFT I_WALK
jump right thrice after jump around right	I_TURN_RIGHT I_JUMP I_TURN_RIGHT I_JUMP I_TURN_RIGHT I_JUMP I_TURN_RIGHT I_JUMP I_TURN_RIGHT I_JUMP I_TURN_RIGHT I_JUMP I_TURN_RIGHT I_JUMP
run right twice and look around right	I_TURN_RIGHT I_RUN I_TURN_RIGHT I_RUN I_TURN_RIGHT I_LOOK I_TURN_RIGHT I_LOOK I_TURN_RIGHT I_LOOK I_TURN_RIGHT I_LOOK
look right thrice after walk opposite left	I_TURN_LEFT I_TURN_LEFT I_WALK I_TURN_RIGHT I_LOOK I_TURN_RIGHT I_LOOK I_TURN_RIGHT I_LOOK
walk twice and jump	I_WALK I_WALK I_JUMP
run opposite left after walk left	I_TURN_LEFT I_WALK I_TURN_LEFT I_TURN_LEFT I_RUN
walk opposite right thrice after jump right	I_TURN_RIGHT I_JUMP I_TURN_RIGHT I_TURN_RIGHT I_WALK I_TURN_RIGHT I_TURN_RIGHT I_WALK I_TURN_RIGHT I_TURN_RIGHT I_WALK
look right and walk right thrice	I_TURN_RIGHT I_LOOK I_TURN_RIGHT I_WALK I_TURN_RIGHT I_WALK I_TURN_RIGHT I_WALK
jump left twice after walk opposite left thrice	I_TURN_LEFT I_TURN_LEFT I_WALK I_TURN_LEFT I_TURN_LEFT I_WALK I_TURN_LEFT I_TURN_LEFT I_WALK I_TURN_LEFT I_JUMP I_TURN_LEFT I_JUMP
walk opposite left and run thrice	I_TURN_LEFT I_TURN_LEFT I_WALK I_RUN I_RUN I_RUN
jump opposite right thrice and jump around right twice	I_TURN_RIGHT I_TURN_RIGHT I_JUMP I_TURN_RIGHT I_TURN_RIGHT I_JUMP I_TURN_RIGHT I_TURN_RIGHT I_JUMP I_TURN_RIGHT I_JUMP I_TURN_RIGHT I_JUMP I_TURN_RIGHT I_JUMP I_TURN_RIGHT I_JUMP I_TURN_RIGHT I_JUMP I_TURN_RIGHT I_JUMP I_TURN_RIGHT I_JUMP I_TURN_RIGHT I_JUMP
turn around left thrice after turn opposite right	I_TURN_RIGHT I_TURN_RIGHT I_TURN_LEFT I_TURN_LEFT I_TURN_LEFT I_TURN_LEFT I_TURN_LEFT I_TURN_LEFT I_TURN_LEFT I_TURN_LEFT I_TURN_LEFT I_TURN_LEFT I_TURN_LEFT I_TURN_LEFT
run twice and run left	I_RUN I_RUN I_TURN_LEFT I_RUN
run thrice after run opposite left	I_TURN_LEFT I_TURN_LEFT I_RUN I_RUN I_RUN I_RUN
run around left twice after look opposite left thrice	I_TURN_LEFT I_TURN_LEFT I_LOOK I_TURN_LEFT I_TURN_LEFT I_LOOK I_TURN_LEFT I_TURN_LEFT I_LOOK I_TURN_LEFT I_RUN I_TURN_LEFT I_RUN I_TURN_LEFT I_RUN I_TURN_LEFT I_RUN I_TURN_LEFT I_RUN I_TURN_LEFT I_RUN I_TURN_LEFT I_RUN I_TURN_LEFT I_RUN
walk opposite right after turn left	I_TURN_LEFT I_TURN_RIGHT I_TURN_RIGHT I_WALK
jump around left thrice after walk right	I_TURN_RIGHT I_WALK I_TURN_LEFT I_JUMP I_TURN_LEFT I_JUMP I_TURN_LEFT I_JUMP I_TURN_LEFT I_JUMP I_TURN_LEFT I_JUMP I_TURN_LEFT I_JUMP I_TURN_LEFT I_JUMP I_TURN_LEFT I_JUMP I_TURN_LEFT I_JUMP I_TURN_LEFT I_JUMP I_TURN_LEFT I_JUMP I_TURN_LEFT I_JUMP
look around right twice and run around right twice	I_TURN_RIGHT I_LOOK I_TURN_RIGHT I_LOOK I_TURN_RIGHT I_LOOK I_TURN_RIGHT I_LOOK I_TURN_RIGHT I_LOOK I_TURN_RIGHT I_LOOK I_TURN_RIGHT I_LOOK I_TURN_RIGHT I_LOOK I_TURN_RIGHT I_RUN I_TURN_RIGHT I_RUN I_TURN_RIGHT I_RUN I_TURN_RIGHT I_RUN I_TURN_RIGHT I_RUN I_TURN_RIGHT I_RUN I_TURN_RIGHT I_RUN I_TURN_RIGHT I_RUN
run around left twice and turn around right thrice	I_TURN_LEFT I_RUN I_TURN_LEFT I_RUN I_TURN_LEFT I_RUN I_TURN_LEFT I_RUN I_TURN_LEFT I_RUN I_TURN_LEFT I_RUN I_TURN_LEFT I_RUN I_TURN_LEFT I_RUN I_TURN_RIGHT I_TURN_RIGHT I_TURN_RIGHT I_TURN_RIGHT I_TURN_RIGHT I_TURN_RIGHT I_TURN_RIGHT I_TURN_RIGHT I_TURN_RIGHT I_TURN_RIGHT I_TURN_RIGHT I_TURN_RIGHT
jump around right twice after jump left	I_TURN_LEFT I_JUMP I_TURN_RIGHT I_JUMP I_TURN_RIGHT I_JUMP I_TURN_RIGHT I_JUMP I_TURN_RIGHT I_JUMP I_TURN_RIGHT I_JUMP I_TURN_RIGHT I_JUMP I_TURN_RIGHT I_JUMP I_TURN_RIGHT I_JUMP
look opposite left thrice and run right thrice	I_TURN_LEFT I_TURN_LEFT I_LOOK I_TURN_LEFT I_TURN_LEFT I_LOOK I_TURN_LEFT I_TURN_LEFT I_LOOK I_TURN_RIGHT I_RUN I_TURN_RIGHT I_RUN I_TURN_RIGHT I_RUN
jump opposite left thrice and look	I_TURN_LEFT I_TURN_LEFT I_JUMP I_TURN_LEFT I_TURN_LEFT I_JUMP I_TURN_LEFT I_TURN_LEFT I_JUMP I_LOOK
jump left and walk around right twice	I_TURN_LEFT I_JUMP I_TURN_RIGHT I_WALK I_TURN_RIGHT I_WALK I_TURN_RIGHT I_WALK I_TURN_RIGHT I_WALK I_TURN_RIGHT I_WALK I_TURN_RIGHT I_WALK I_TURN_RIGHT I_WALK I_TURN_RIGHT I_WALK
jump around left twice after run opposite left	I_TURN_LEFT I_TURN_LEFT I_RUN I_TURN_LEFT I_JUMP I_TURN_LEFT I_JUMP I_TURN_LEFT I_JUMP I_TURN_LEFT I_JUMP I_TURN_LEFT I_JUMP I_TURN_LEFT I_JUMP I_TURN_LEFT I_JUMP I_TURN_LEFT I_JUMP
look around left twice and run around right	I_TURN_LEFT I_LOOK I_TURN_LEFT I_LOOK I_TURN_LEFT I_LOOK I_TURN_LEFT I_LOOK I_TURN_LEFT I_LOOK I_TURN_LEFT I_LOOK I_TURN_LEFT I_LOOK I_TURN_LEFT I_LOOK I_TURN_RIGHT I_RUN I_TURN_RIGHT I_RUN I_TURN_RIGHT I_RUN I_TURN_RIGHT I_RUN
walk around left twice and jump around left twice	I_TURN_LEFT I_WALK I_TURN_LEFT I_WALK I_TURN_LEFT I_WALK I_TURN_LEFT I_WALK I_TURN_LEFT I_WALK I_TURN_LEFT I_WALK I_TURN_LEFT I_WALK I_TURN_LEFT I_WALK I_TURN_LEFT I_JUMP I_TURN_LEFT I_JUMP I_TURN_LEFT I_JUMP I_TURN_LEFT I_JUMP I_TURN_LEFT I_JUMP I_TURN_LEFT I_JUMP I_TURN_LEFT I_JUMP I_TURN_LEFT I_JUMP
walk opposite right after look twice	I_LOOK I_LOOK I_TURN_RIGHT I_TURN_RIGHT I_WALK
turn right after look opposite right thrice	I_TURN_RIGHT I_TURN_RIGHT I_LOOK I_TURN_RIGHT I_TURN_RIGHT I_LOOK I_TURN_RIGHT I_TURN_RIGHT I_LOOK I_TURN_RIGHT
run opposite left thrice and look around right thrice	I_TURN_LEFT I_TURN_LEFT I_RUN I_TURN_LEFT I_TURN_LEFT I_RUN I_TURN_LEFT I_TURN_LEFT I_RUN I_TURN_RIGHT I_LOOK I_TURN_RIGHT I_LOOK I_TURN_RIGHT I_LOOK I_TURN_RIGHT I_LOOK I_TURN_RIGHT I_LOOK I_TURN_RIGHT I_LOOK I_TURN_RIGHT I_LOOK I_TURN_RIGHT I_LOOK I_TURN_RIGHT I_LOOK I_TURN_RIGHT I_LOOK I_TURN_RIGHT I_LOOK I_TURN_RIGHT I_LOOK
run right twice and look right	I_TURN_RIGHT I_RUN I_TURN_RIGHT I_RUN I_TURN_RIGHT I_LOOK
walk right thrice and look opposite right thrice	I_TURN_RIGHT I_WALK I_TURN_RIGHT I_WALK I_TURN_RIGHT I_WALK I_TURN_RIGHT I_TURN_RIGHT I_LOOK I_TURN_RIGHT I_TURN_RIGHT I_LOOK I_TURN_RIGHT I_TURN_RIGHT I_LOOK
jump opposite right and turn right twice	I_TURN_RIGHT I_TURN_RIGHT I_JUMP I_TURN_RIGHT I_TURN_RIGHT
look around left twice after jump right twice	I_TURN_RIGHT I_JUMP I_TURN_RIGHT I_JUMP I_TURN_LEFT I_LOOK I_TURN_LEFT I_LOOK I_TURN_LEFT I_LOOK I_TURN_LEFT I_LOOK I_TURN_LEFT I_LOOK I_TURN_LEFT I_LOOK I_TURN_LEFT I_LOOK I_TURN_LEFT I_LOOK
jump around right twice after walk opposite right	I_TURN_RIGHT I_TURN_RIGHT I_WALK I_TURN_RIGHT I_JUMP I_TURN_RIGHT I_JUMP I_TURN_RIGHT I_JUMP I_TURN_RIGHT I_JUMP I_TURN_RIGHT I_JUMP I_TURN_RIGHT I_JUMP I_TURN_RIGHT I_JUMP I_TURN_RIGHT I_JUMP
look around left thrice after jump opposite left	I_TURN_LEFT I_TURN_LEFT I_JUMP I_TURN_LEFT I_LOOK I_TURN_LEFT I_LOOK I_TURN_LEFT I_LOOK I_TURN_LEFT I_LOOK I_TURN_LEFT I_LOOK I_TURN_LEFT I_LOOK I_TURN_LEFT I_LOOK I_TURN_LEFT I_LOOK I_TURN_LEFT I_LOOK I_TURN_LEFT I_LOOK I_TURN_LEFT I_LOOK I_TURN_LEFT I_LOOK
jump left thrice after walk right	I_TURN_RIGHT I_WALK I_TURN_LEFT I_JUMP I_TURN_LEFT I_JUMP I_TURN_LEFT I_JUMP
run right thrice and run left twice	I_TURN_RIGHT I_RUN I_TURN_RIGHT I_RUN I_TURN_RIGHT I_RUN I_TURN_LEFT I_RUN I_TURN_LEFT I_RUN
walk around right twice and jump right thrice	I_TURN_RIGHT I_WALK I_TURN_RIGHT I_WALK I_TURN_RIGHT I_WALK I_TURN_RIGHT I_WALK I_TURN_RIGHT I_WALK I_TURN_RIGHT I_WALK I_TURN_RIGHT I_WALK I_TURN_RIGHT I_WALK I_TURN_RIGHT I_JUMP I_TURN_RIGHT I_JUMP I_TURN_RIGHT I_JUMP
turn opposite left thrice after turn right	I_TURN_RIGHT I_TURN_LEFT I_TURN_LEFT I_TURN_LEFT I_TURN_LEFT I_TURN_LEFT I_TURN_LEFT
walk left after walk thrice	I_WALK I_WALK I_WALK I_TURN_LEFT I_WALK
look around right after run around left twice	I_TURN_LEFT I_RUN I_TURN_LEFT I_RUN I_TURN_LEFT I_RUN I_TURN_LEFT I_RUN I_TURN_LEFT I_RUN I_TURN_LEFT I_RUN I_TURN_LEFT I_RUN I_TURN_LEFT I_RUN I_TURN_RIGHT I_LOOK I_TURN_RIGHT I_LOOK I_TURN_RIGHT I_LOOK I_TURN_RIGHT I_LOOK
turn right twice after walk left	I_TURN_LEFT I_WALK I_TURN_RIGHT I_TURN_RIGHT
look opposite left thrice and run thrice	I_TURN_LEFT I_TURN_LEFT I_LOOK I_TURN_LEFT I_TURN_LEFT I_LOOK I_TURN_LEFT I_TURN_LEFT I_LOOK I_RUN I_RUN I_RUN
turn left twice and run opposite left thrice	I_TURN_LEFT I_TURN_LEFT I_TURN_LEFT I_TURN_LEFT I_RUN I_TURN_LEFT I_TURN_LEFT I_RUN I_TURN_LEFT I_TURN_LEFT I_RUN
jump opposite left and run right thrice	I_TURN_LEFT I_TURN_LEFT I_JUMP I_TURN_RIGHT I_RUN I_TURN_RIGHT I_RUN I_TURN_RIGHT I_RUN
jump around right thrice after jump around left	I_TURN_LEFT I_JUMP I_TURN_LEFT I_JUMP I_TURN_LEFT I_JUMP I_TURN_LEFT I_JUMP I_TURN_RIGHT I_JUMP I_TURN_RIGHT I_JUMP I_TURN_RIGHT I_JUMP I_TURN_RIGHT I_JUMP I_TURN_RIGHT I_JUMP I_TURN_RIGHT I_JUMP I_TURN_RIGHT I_JUMP I_TURN_RIGHT I_JUMP I_TURN_RIGHT I_JUMP I_TURN_RIGHT I_JUMP I_TURN_RIGHT I_JUMP I_TURN_RIGHT I_JUMP
look opposite left thrice and look around right thrice	I_TURN_LEFT I_TURN_LEFT I_LOOK I_TURN_LEFT I_TURN_LEFT I_LOOK I_TURN_LEFT I_TURN_LEFT I_LOOK I_TURN_RIGHT I_LOOK I_TURN_RIGHT I_LOOK I_TURN_RIGHT I_LOOK I_TURN_RIGHT I_LOOK I_TURN_RIGHT I_LOOK I_TURN_RIGHT I_LOOK I_TURN_RIGHT I_LOOK I_TURN_RIGHT I_LOOK I_TURN_RIGHT I_LOOK I_TURN_RIGHT I_LOOK I_TURN_RIGHT I_LOOK I_TURN_RIGHT I_LOOK
jump left after look opposite left thrice	I_TURN_LEFT I_TURN_LEFT I_LOOK I_TURN_LEFT I_TURN_LEFT I_LOOK I_TURN_LEFT I_TURN_LEFT I_LOOK I_TURN_LEFT I_JUMP
run around left and run left twice	I_TURN_LEFT I_RUN I_TURN_LEFT I_RUN I_TURN_LEFT I_RUN I_TURN_LEFT I_RUN I_TURN_LEFT I_RUN I_TURN_LEFT I_RUN
turn around right thrice after turn right twice	I_TURN_RIGHT I_TURN_RIGHT I_TURN_RIGHT I_TURN_RIGHT I_TURN_RIGHT I_TURN_RIGHT I_TURN_RIGHT I_TURN_RIGHT I_TURN_RIGHT I_TURN_RIGHT I_TURN_RIGHT I_TURN_RIGHT I_TURN_RIGHT I_TURN_RIGHT
turn around left twice and jump opposite left	I_TURN_LEFT I_TURN_LEFT I_TURN_LEFT I_TURN_LEFT I_TURN_LEFT I_TURN_LEFT I_TURN_LEFT I_TURN_LEFT I_TURN_LEFT I_TURN_LEFT I_JUMP
turn around right after walk opposite right twice	I_TURN_RIGHT I_TURN_RIGHT I_WALK I_TURN_RIGHT I_TURN_RIGHT I_WALK I_TURN_RIGHT I_TURN_RIGHT I_TURN_RIGHT I_TURN_RIGHT
look left and jump right twice	I_TURN_LEFT I_LOOK I_TURN_RIGHT I_JUMP I_TURN_RIGHT I_JUMP
jump left after turn opposite left thrice	I_TURN_LEFT I_TURN_LEFT I_TURN_LEFT I_TURN_LEFT I_TURN_LEFT I_TURN_LEFT I_TURN_LEFT I_JUMP
look left thrice and look left thrice	I_TURN_LEFT I_LOOK I_TURN_LEFT I_LOOK I_TURN_LEFT I_LOOK I_TURN_LEFT I_LOOK I_TURN_LEFT I_LOOK I_TURN_LEFT I_LOOK
jump twice after walk around right	I_TURN_RIGHT I_WALK I_TURN_RIGHT I_WALK I_TURN_RIGHT I_WALK I_TURN_RIGHT I_WALK I_JUMP I_JUMP
jump thrice after turn left twice	I_TURN_LEFT I_TURN_LEFT I_JUMP I_JUMP I_JUMP
run opposite left thrice and jump twice	I_TURN_LEFT I_TURN_LEFT I_RUN I_TURN_LEFT I_TURN_LEFT I_RUN I_TURN_LEFT I_TURN_LEFT I_RUN I_JUMP I_JUMP
run right twice and walk opposite left	I_TURN_RIGHT I_RUN I_TURN_RIGHT I_RUN I_TURN_LEFT I_TURN_LEFT I_WALK
run right twice after jump around right thrice	I_TURN_RIGHT I_JUMP I_TURN_RIGHT I_JUMP I_TURN_RIGHT I_JUMP I_TURN_RIGHT I_JUMP I_TURN_RIGHT I_JUMP I_TURN_RIGHT I_JUMP I_TURN_RIGHT I_JUMP I_TURN_RIGHT I_JUMP I_TURN_RIGHT I_JUMP I_TURN_RIGHT I_JUMP I_TURN_RIGHT I_JUMP I_TURN_RIGHT I_JUMP I_TURN_RIGHT I_RUN I_TURN_RIGHT I_RUN
run around right after jump left twice	I_TURN_LEFT I_JUMP I_TURN_LEFT I_JUMP I_TURN_RIGHT I_RUN I_TURN_RIGHT I_RUN I_TURN_RIGHT I_RUN I_TURN_RIGHT I_RUN
jump opposite left thrice after run opposite left twice	I_TURN_LEFT I_TURN_LEFT I_RUN I_TURN_LEFT I_TURN_LEFT I_RUN I_TURN_LEFT I_TURN_LEFT I_JUMP I_TURN_LEFT I_TURN_LEFT I_JUMP I_TURN_LEFT I_TURN_LEFT I_JUMP
walk right thrice and turn opposite right thrice	I_TURN_RIGHT I_WALK I_TURN_RIGHT I_WALK I_TURN_RIGHT I_WALK I_TURN_RIGHT I_TURN_RIGHT I_TURN_RIGHT I_TURN_RIGHT I_TURN_RIGHT I_TURN_RIGHT
walk opposite right thrice after jump opposite left	I_TURN_LEFT I_TURN_LEFT I_JUMP I_TURN_RIGHT I_TURN_RIGHT I_WALK I_TURN_RIGHT I_TURN_RIGHT I_WALK I_TURN_RIGHT I_TURN_RIGHT I_WALK
walk around right and turn around left	I_TURN_RIGHT I_WALK I_TURN_RIGHT I_WALK I_TURN_RIGHT I_WALK I_TURN_RIGHT I_WALK I_TURN_LEFT I_TURN_LEFT I_TURN_LEFT I_TURN_LEFT
look right thrice after look twice	I_LOOK I_LOOK I_TURN_RIGHT I_LOOK I_TURN_RIGHT I_LOOK I_TURN_RIGHT I_LOOK
walk right thrice after walk right twice	I_TURN_RIGHT I_WALK I_TURN_RIGHT I_WALK I_TURN_RIGHT I_WALK I_TURN_RIGHT I_WALK I_TURN_RIGHT I_WALK
turn opposite right thrice and look opposite left twice	I_TURN_RIGHT I_TURN_RIGHT I_TURN_RIGHT I_TURN_RIGHT I_TURN_RIGHT I_TURN_RIGHT I_TURN_LEFT I_TURN_LEFT I_LOOK I_TURN_LEFT I_TURN_LEFT I_LOOK
look opposite right twice after walk right twice	I_TURN_RIGHT I_WALK I_TURN_RIGHT I_WALK I_TURN_RIGHT I_TURN_RIGHT I_LOOK I_TURN_RIGHT I_TURN_RIGHT I_LOOK
run right thrice after walk around right twice	I_TURN_RIGHT I_WALK I_TURN_RIGHT I_WALK I_TURN_RIGHT I_WALK I_TURN_RIGHT I_WALK I_TURN_RIGHT I_WALK I_TURN_RIGHT I_WALK I_TURN_RIGHT I_WALK I_TURN_RIGHT I_WALK I_TURN_RIGHT I_RUN I_TURN_RIGHT I_RUN I_TURN_RIGHT I_RUN
jump around left twice and jump	I_TURN_LEFT I_JUMP I_TURN_LEFT I_JUMP I_TURN_LEFT I_JUMP I_TURN_LEFT I_JUMP I_TURN_LEFT I_JUMP I_TURN_LEFT I_JUMP I_TURN_LEFT I_JUMP I_TURN_LEFT I_JUMP I_JUMP
jump opposite right twice and turn around right thrice	I_TURN_RIGHT I_TURN_RIGHT I_JUMP I_TURN_RIGHT I_TURN_RIGHT I_JUMP I_TURN_RIGHT I_TURN_RIGHT I_TURN_RIGHT I_TURN_RIGHT I_TURN_RIGHT I_TURN_RIGHT I_TURN_RIGHT I_TURN_RIGHT I_TURN_RIGHT I_TURN_RIGHT I_TURN_RIGHT I_TURN_RIGHT
look opposite right twice after jump thrice	I_JUMP I_JUMP I_JUMP I_TURN_RIGHT I_TURN_RIGHT I_LOOK I_TURN_RIGHT I_TURN_RIGHT I_LOOK
jump around right and run around right	I_TURN_RIGHT I_JUMP I_TURN_RIGHT I_JUMP I_TURN_RIGHT I_JUMP I_TURN_RIGHT I_JUMP I_TURN_RIGHT I_RUN I_TURN_RIGHT I_RUN I_TURN_RIGHT I_RUN I_TURN_RIGHT I_RUN
turn right thrice and turn left	I_TURN_RIGHT I_TURN_RIGHT I_TURN_RIGHT I_TURN_LEFT
turn opposite left twice and look around right thrice	I_TURN_LEFT I_TURN_LEFT I_TURN_LEFT I_TURN_LEFT I_TURN_RIGHT I_LOOK I_TURN_RIGHT I_LOOK I_TURN_RIGHT I_LOOK I_TURN_RIGHT I_LOOK I_TURN_RIGHT I_LOOK I_TURN_RIGHT I_LOOK I_TURN_RIGHT I_LOOK I_TURN_RIGHT I_LOOK I_TURN_RIGHT I_LOOK I_TURN_RIGHT I_LOOK I_TURN_RIGHT I_LOOK I_TURN_RIGHT I_LOOK
look opposite left twice and look around left twice	I_TURN_LEFT I_TURN_LEFT I_LOOK I_TURN_LEFT I_TURN_LEFT I_LOOK I_TURN_LEFT I_LOOK I_TURN_LEFT I_LOOK I_TURN_LEFT I_LOOK I_TURN_LEFT I_LOOK I_TURN_LEFT I_LOOK I_TURN_LEFT I_LOOK I_TURN_LEFT I_LOOK I_TURN_LEFT I_LOOK
turn around left twice and run around left twice	I_TURN_LEFT I_TURN_LEFT I_TURN_LEFT I_TURN_LEFT I_TURN_LEFT I_TURN_LEFT I_TURN_LEFT I_TURN_LEFT I_TURN_LEFT I_RUN I_TURN_LEFT I_RUN I_TURN_LEFT I_RUN I_TURN_LEFT I_RUN I_TURN_LEFT I_RUN I_TURN_LEFT I_RUN I_TURN_LEFT I_RUN I_TURN_LEFT I_RUN
run opposite right thrice and walk left	I_TURN_RIGHT I_TURN_RIGHT I_RUN I_TURN_RIGHT I_TURN_RIGHT I_RUN I_TURN_RIGHT I_TURN_RIGHT I_RUN I_TURN_LEFT I_WALK
turn opposite left and turn left	I_TURN_LEFT I_TURN_LEFT I_TURN_LEFT
look around right thrice after walk opposite left thrice	I_TURN_LEFT I_TURN_LEFT I_WALK I_TURN_LEFT I_TURN_LEFT I_WALK I_TURN_LEFT I_TURN_LEFT I_WALK I_TURN_RIGHT I_LOOK I_TURN_RIGHT I_LOOK I_TURN_RIGHT I_LOOK I_TURN_RIGHT I_LOOK I_TURN_RIGHT I_LOOK I_TURN_RIGHT I_LOOK I_TURN_RIGHT I_LOOK I_TURN_RIGHT I_LOOK I_TURN_RIGHT I_LOOK I_TURN_RIGHT I_LOOK I_TURN_RIGHT I_LOOK I_TURN_RIGHT I_LOOK
look left thrice after walk around left	I_TURN_LEFT I_WALK I_TURN_LEFT I_WALK I_TURN_LEFT I_WALK I_TURN_LEFT I_WALK I_TURN_LEFT I_LOOK I_TURN_LEFT I_LOOK I_TURN_LEFT I_LOOK
walk right thrice and walk left	I_TURN_RIGHT I_WALK I_TURN_RIGHT I_WALK I_TURN_RIGHT I_WALK I_TURN_LEFT I_WALK
turn around right thrice and look opposite left twice	I_TURN_RIGHT I_TURN_RIGHT I_TURN_RIGHT I_TURN_RIGHT I_TURN_RIGHT I_TURN_RIGHT I_TURN_RIGHT I_TURN_RIGHT I_TURN_RIGHT I_TURN_RIGHT I_TURN_RIGHT I_TURN_RIGHT I_TURN_LEFT I_TURN_LEFT I_LOOK I_TURN_LEFT I_TURN_LEFT I_LOOK
run left twice and walk around left	I_TURN_LEFT I_RUN I_TURN_LEFT I_RUN I_TURN_LEFT I_WALK I_TURN_LEFT I_WALK I_TURN_LEFT I_WALK I_TURN_LEFT I_WALK
run left twice after walk around right thrice	I_TURN_RIGHT I_WALK I_TURN_RIGHT I_WALK I_TURN_RIGHT I_WALK I_TURN_RIGHT I_WALK I_TURN_RIGHT I_WALK I_TURN_RIGHT I_WALK I_TURN_RIGHT I_WALK I_TURN_RIGHT I_WALK I_TURN_RIGHT I_WALK I_TURN_RIGHT I_WALK I_TURN_RIGHT I_WALK I_TURN_RIGHT I_WALK I_TURN_LEFT I_RUN I_TURN_LEFT I_RUN
look around left thrice after jump around right thrice	I_TURN_RIGHT I_JUMP I_TURN_RIGHT I_JUMP I_TURN_RIGHT I_JUMP I_TURN_RIGHT I_JUMP I_TURN_RIGHT I_JUMP I_TURN_RIGHT I_JUMP I_TURN_RIGHT I_JUMP I_TURN_RIGHT I_JUMP I_TURN_RIGHT I_JUMP I_TURN_RIGHT I_JUMP I_TURN_RIGHT I_JUMP I_TURN_RIGHT I_JUMP I_TURN_LEFT I_LOOK I_TURN_LEFT I_LOOK I_TURN_LEFT I_LOOK I_TURN_LEFT I_LOOK I_TURN_LEFT I_LOOK I_TURN_LEFT I_LOOK I_TURN_LEFT I_LOOK I_TURN_LEFT I_LOOK I_TURN_LEFT I_LOOK I_TURN_LEFT I_LOOK I_TURN_LEFT I_LOOK I_TURN_LEFT I_LOOK
run thrice and turn around right	I_RUN I_RUN I_RUN I_TURN_RIGHT I_TURN_RIGHT I_TURN_RIGHT I_TURN_RIGHT
jump opposite right and jump opposite left	I_TURN_RIGHT I_TURN_RIGHT I_JUMP I_TURN_LEFT I_TURN_LEFT I_JUMP
look around left and look left thrice	I_TURN_LEFT I_LOOK I_TURN_LEFT I_LOOK I_TURN_LEFT I_LOOK I_TURN_LEFT I_LOOK I_TURN_LEFT I_LOOK I_TURN_LEFT I_LOOK I_TURN_LEFT I_LOOK
jump left after look opposite left	I_TURN_LEFT I_TURN_LEFT I_LOOK I_TURN_LEFT I_JUMP
jump left thrice and run opposite left	I_TURN_LEFT I_JUMP I_TURN_LEFT I_JUMP I_TURN_LEFT I_JUMP I_TURN_LEFT I_TURN_LEFT I_RUN
turn left thrice after jump opposite right	I_TURN_RIGHT I_TURN_RIGHT I_JUMP I_TURN_LEFT I_TURN_LEFT I_TURN_LEFT
run right and walk around right	I_TURN_RIGHT I_RUN I_TURN_RIGHT I_WALK I_TURN_RIGHT I_WALK I_TURN_RIGHT I_WALK I_TURN_RIGHT I_WALK
turn left thrice and run left	I_TURN_LEFT I_TURN_LEFT I_TURN_LEFT I_TURN_LEFT I_RUN
turn opposite right twice and jump around left	I_TURN_RIGHT I_TURN_RIGHT I_TURN_RIGHT I_TURN_RIGHT I_TURN_LEFT I_JUMP I_TURN_LEFT I_JUMP I_TURN_LEFT I_JUMP I_TURN_LEFT I_JUMP
walk opposite right thrice and turn left	I_TURN_RIGHT I_TURN_RIGHT I_WALK I_TURN_RIGHT I_TURN_RIGHT I_WALK I_TURN_RIGHT I_TURN_RIGHT I_WALK I_TURN_LEFT
jump left twice and look left thrice	I_TURN_LEFT I_JUMP I_TURN_LEFT I_JUMP I_TURN_LEFT I_LOOK I_TURN_LEFT I_LOOK I_TURN_LEFT I_LOOK
jump around left twice and walk around left	I_TURN_LEFT I_JUMP I_TURN_LEFT I_JUMP I_TURN_LEFT I_JUMP I_TURN_LEFT I_JUMP I_TURN_LEFT I_JUMP I_TURN_LEFT I_JUMP I_TURN_LEFT I_JUMP I_TURN_LEFT I_JUMP I_TURN_LEFT I_WALK I_TURN_LEFT I_WALK I_TURN_LEFT I_WALK I_TURN_LEFT I_WALK
look right twice after turn around left	I_TURN_LEFT I_TURN_LEFT I_TURN_LEFT I_TURN_LEFT I_TURN_RIGHT I_LOOK I_TURN_RIGHT I_LOOK
turn opposite right after run twice	I_RUN I_RUN I_TURN_RIGHT I_TURN_RIGHT
run opposite left and look around left thrice	I_TURN_LEFT I_TURN_LEFT I_RUN I_TURN_LEFT I_LOOK I_TURN_LEFT I_LOOK I_TURN_LEFT I_LOOK I_TURN_LEFT I_LOOK I_TURN_LEFT I_LOOK I_TURN_LEFT I_LOOK I_TURN_LEFT I_LOOK I_TURN_LEFT I_LOOK I_TURN_LEFT I_LOOK I_TURN_LEFT I_LOOK I_TURN_LEFT I_LOOK I_TURN_LEFT I_LOOK
turn right twice after walk left twice	I_TURN_LEFT I_WALK I_TURN_LEFT I_WALK I_TURN_RIGHT I_TURN_RIGHT
look around right after jump opposite left twice	I_TURN_LEFT I_TURN_LEFT I_JUMP I_TURN_LEFT I_TURN_LEFT I_JUMP I_TURN_RIGHT I_LOOK I_TURN_RIGHT I_LOOK I_TURN_RIGHT I_LOOK I_TURN_RIGHT I_LOOK
run around right thrice after jump	I_JUMP I_TURN_RIGHT I_RUN I_TURN_RIGHT I_RUN I_TURN_RIGHT I_RUN I_TURN_RIGHT I_RUN I_TURN_RIGHT I_RUN I_TURN_RIGHT I_RUN I_TURN_RIGHT I_RUN I_TURN_RIGHT I_RUN I_TURN_RIGHT I_RUN I_TURN_RIGHT I_RUN I_TURN_RIGHT I_RUN I_TURN_RIGHT I_RUN
run opposite right and look opposite left	I_TURN_RIGHT I_TURN_RIGHT I_RUN I_TURN_LEFT I_TURN_LEFT I_LOOK
turn right thrice after look opposite left twice	I_TURN_LEFT I_TURN_LEFT I_LOOK I_TURN_LEFT I_TURN_LEFT I_LOOK I_TURN_RIGHT I_TURN_RIGHT I_TURN_RIGHT
turn right after run opposite left	I_TURN_LEFT I_TURN_LEFT I_RUN I_TURN_RIGHT
turn around left twice after run opposite left	I_TURN_LEFT I_TURN_LEFT I_RUN I_TURN_LEFT I_TURN_LEFT I_TURN_LEFT I_TURN_LEFT I_TURN_LEFT I_TURN_LEFT I_TURN_LEFT I_TURN_LEFT
run around left twice after run around left	I_TURN_LEFT I_RUN I_TURN_LEFT I_RUN I_TURN_LEFT I_RUN I_TURN_LEFT I_RUN I_TURN_LEFT I_RUN I_TURN_LEFT I_RUN I_TURN_LEFT I_RUN I_TURN_LEFT I_RUN I_TURN_LEFT I_RUN I_TURN_LEFT I_RUN I_TURN_LEFT I_RUN I_TURN_LEFT I_RUN
run twice after jump right twice	I_TURN_RIGHT I_JUMP I_TURN_RIGHT I_JUMP I_RUN I_RUN
walk twice after look right twice	I_TURN_RIGHT I_LOOK I_TURN_RIGHT I_LOOK I_WALK I_WALK
run opposite right after turn opposite left twice	I_TURN_LEFT I_TURN_LEFT I_TURN_LEFT I_TURN_LEFT I_TURN_RIGHT I_TURN_RIGHT I_RUN
walk around left after jump opposite right	I_TURN_RIGHT I_TURN_RIGHT I_JUMP I_TURN_LEFT I_WALK I_TURN_LEFT I_WALK I_TURN_LEFT I_WALK I_TURN_LEFT I_WALK
walk left thrice after jump left thrice	I_TURN_LEFT I_JUMP I_TURN_LEFT I_JUMP I_TURN_LEFT I_JUMP I_TURN_LEFT I_WALK I_TURN_LEFT I_WALK I_TURN_LEFT I_WALK
turn opposite left and run opposite right twice	I_TURN_LEFT I_TURN_LEFT I_TURN_RIGHT I_TURN_RIGHT I_RUN I_TURN_RIGHT I_TURN_RIGHT I_RUN
walk around right after turn opposite right	I_TURN_RIGHT I_TURN_RIGHT I_TURN_RIGHT I_WALK I_TURN_RIGHT I_WALK I_TURN_RIGHT I_WALK I_TURN_RIGHT I_WALK
look around right and run right thrice	I_TURN_RIGHT I_LOOK I_TURN_RIGHT I_LOOK I_TURN_RIGHT I_LOOK I_TURN_RIGHT I_LOOK I_TURN_RIGHT I_RUN I_TURN_RIGHT I_RUN I_TURN_RIGHT I_RUN
walk opposite right thrice after run opposite left twice	I_TURN_LEFT I_TURN_LEFT I_RUN I_TURN_LEFT I_TURN_LEFT I_RUN I_TURN_RIGHT I_TURN_RIGHT I_WALK I_TURN_RIGHT I_TURN_RIGHT I_WALK I_TURN_RIGHT I_TURN_RIGHT I_WALK
jump around right after jump left	I_TURN_LEFT I_JUMP I_TURN_RIGHT I_JUMP I_TURN_RIGHT I_JUMP I_TURN_RIGHT I_JUMP I_TURN_RIGHT I_JUMP
walk opposite left thrice and look left thrice	I_TURN_LEFT I_TURN_LEFT I_WALK I_TURN_LEFT I_TURN_LEFT I_WALK I_TURN_LEFT I_TURN_LEFT I_WALK I_TURN_LEFT I_LOOK I_TURN_LEFT I_LOOK I_TURN_LEFT I_LOOK
walk opposite right twice and jump around right twice	I_TURN_RIGHT I_TURN_RIGHT I_WALK I_TURN_RIGHT I_TURN_RIGHT I_WALK I_TURN_RIGHT I_JUMP I_TURN_RIGHT I_JUMP I_TURN_RIGHT I_JUMP I_TURN_RIGHT I_JUMP I_TURN_RIGHT I_JUMP I_TURN_RIGHT I_JUMP I_TURN_RIGHT I_JUMP I_TURN_RIGHT I_JUMP
jump around left and look twice	I_TURN_LEFT I_JUMP I_TURN_LEFT I_JUMP I_TURN_LEFT I_JUMP I_TURN_LEFT I_JUMP I_LOOK I_LOOK
look around left twice after look right thrice	I_TURN_RIGHT I_LOOK I_TURN_RIGHT I_LOOK I_TURN_RIGHT I_LOOK I_TURN_LEFT I_LOOK I_TURN_LEFT I_LOOK I_TURN_LEFT I_LOOK I_TURN_LEFT I_LOOK I_TURN_LEFT I_LOOK I_TURN_LEFT I_LOOK I_TURN_LEFT I_LOOK I_TURN_LEFT I_LOOK
walk opposite right thrice and jump opposite right twice	I_TURN_RIGHT I_TURN_RIGHT I_WALK I_TURN_RIGHT I_TURN_RIGHT I_WALK I_TURN_RIGHT I_TURN_RIGHT I_WALK I_TURN_RIGHT I_TURN_RIGHT I_JUMP I_TURN_RIGHT I_TURN_RIGHT I_JUMP
walk around right thrice and walk left twice	I_TURN_RIGHT I_WALK I_TURN_RIGHT I_WALK I_TURN_RIGHT I_WALK I_TURN_RIGHT I_WALK I_TURN_RIGHT I_WALK I_TURN_RIGHT I_WALK I_TURN_RIGHT I_WALK I_TURN_RIGHT I_WALK I_TURN_RIGHT I_WALK I_TURN_RIGHT I_WALK I_TURN_RIGHT I_WALK I_TURN_RIGHT I_WALK I_TURN_LEFT I_WALK I_TURN_LEFT I_WALK
walk opposite left twice and walk opposite left thrice	I_TURN_LEFT I_TURN_LEFT I_WALK I_TURN_LEFT I_TURN_LEFT I_WALK I_TURN_LEFT I_TURN_LEFT I_WALK I_TURN_LEFT I_TURN_LEFT I_WALK I_TURN_LEFT I_TURN_LEFT I_WALK
walk opposite left after look around right twice	I_TURN_RIGHT I_LOOK I_TURN_RIGHT I_LOOK I_TURN_RIGHT I_LOOK I_TURN_RIGHT I_LOOK I_TURN_RIGHT I_LOOK I_TURN_RIGHT I_LOOK I_TURN_RIGHT I_LOOK I_TURN_RIGHT I_LOOK I_TURN_LEFT I_TURN_LEFT I_WALK
run left after walk opposite left thrice	I_TURN_LEFT I_TURN_LEFT I_WALK I_TURN_LEFT I_TURN_LEFT I_WALK I_TURN_LEFT I_TURN_LEFT I_WALK I_TURN_LEFT I_RUN
look opposite right thrice after jump twice	I_JUMP I_JUMP I_TURN_RIGHT I_TURN_RIGHT I_LOOK I_TURN_RIGHT I_TURN_RIGHT I_LOOK I_TURN_RIGHT I_TURN_RIGHT I_LOOK
look around left after walk	I_WALK I_TURN_LEFT I_LOOK I_TURN_LEFT I_LOOK I_TURN_LEFT I_LOOK I_TURN_LEFT I_LOOK
look right after run opposite right twice	I_TURN_RIGHT I_TURN_RIGHT I_RUN I_TURN_RIGHT I_TURN_RIGHT I_RUN I_TURN_RIGHT I_LOOK
jump right thrice and run opposite left twice	I_TURN_RIGHT I_JUMP I_TURN_RIGHT I_JUMP I_TURN_RIGHT I_JUMP I_TURN_LEFT I_TURN_LEFT I_RUN I_TURN_LEFT I_TURN_LEFT I_RUN
turn around left and walk left thrice	I_TURN_LEFT I_TURN_LEFT I_TURN_LEFT I_TURN_LEFT I_TURN_LEFT I_WALK I_TURN_LEFT I_WALK I_TURN_LEFT I_WALK
run around left twice and jump left twice	I_TURN_LEFT I_RUN I_TURN_LEFT I_RUN I_TURN_LEFT I_RUN I_TURN_LEFT I_RUN I_TURN_LEFT I_RUN I_TURN_LEFT I_RUN I_TURN_LEFT I_RUN I_TURN_LEFT I_RUN I_TURN_LEFT I_JUMP I_TURN_LEFT I_JUMP
look right thrice after run around right	I_TURN_RIGHT I_RUN I_TURN_RIGHT I_RUN I_TURN_RIGHT I_RUN I_TURN_RIGHT I_RUN I_TURN_RIGHT I_LOOK I_TURN_RIGHT I_LOOK I_TURN_RIGHT I_LOOK
run thrice and jump around left thrice	I_RUN I_RUN I_RUN I_TURN_LEFT I_JUMP I_TURN_LEFT I_JUMP I_TURN_LEFT I_JUMP I_TURN_LEFT I_JUMP I_TURN_LEFT I_JUMP I_TURN_LEFT I_JUMP I_TURN_LEFT I_JUMP I_TURN_LEFT I_JUMP I_TURN_LEFT I_JUMP I_TURN_LEFT I_JUMP I_TURN_LEFT I_JUMP I_TURN_LEFT I_JUMP
jump opposite right thrice and run around right	I_TURN_RIGHT I_TURN_RIGHT I_JUMP I_TURN_RIGHT I_TURN_RIGHT I_JUMP I_TURN_RIGHT I_TURN_RIGHT I_JUMP I_TURN_RIGHT I_RUN I_TURN_RIGHT I_RUN I_TURN_RIGHT I_RUN I_TURN_RIGHT I_RUN
jump twice after walk opposite left	I_TURN_LEFT I_TURN_LEFT I_WALK I_JUMP I_JUMP
walk after jump left twice	I_TURN_LEFT I_JUMP I_TURN_LEFT I_JUMP I_WALK
walk opposite left after walk left twice	I_TURN_LEFT I_WALK I_TURN_LEFT I_WALK I_TURN_LEFT I_TURN_LEFT I_WALK
jump around right twice after run	I_RUN I_TURN_RIGHT I_JUMP I_TURN_RIGHT I_JUMP I_TURN_RIGHT I_JUMP I_TURN_RIGHT I_JUMP I_TURN_RIGHT I_JUMP I_TURN_RIGHT I_JUMP I_TURN_RIGHT I_JUMP I_TURN_RIGHT I_JUMP
run around right thrice and look	I_TURN_RIGHT I_RUN I_TURN_RIGHT I_RUN I_TURN_RIGHT I_RUN I_TURN_RIGHT I_RUN I_TURN_RIGHT I_RUN I_TURN_RIGHT I_RUN I_TURN_RIGHT I_RUN I_TURN_RIGHT I_RUN I_TURN_RIGHT I_RUN I_TURN_RIGHT I_RUN I_TURN_RIGHT I_RUN I_TURN_RIGHT I_RUN I_LOOK
walk opposite right thrice and jump right twice	I_TURN_RIGHT I_TURN_RIGHT I_WALK I_TURN_RIGHT I_TURN_RIGHT I_WALK I_TURN_RIGHT I_TURN_RIGHT I_WALK I_TURN_RIGHT I_JUMP I_TURN_RIGHT I_JUMP
walk left thrice after walk opposite right thrice	I_TURN_RIGHT I_TURN_RIGHT I_WALK I_TURN_RIGHT I_TURN_RIGHT I_WALK I_TURN_RIGHT I_TURN_RIGHT I_WALK I_TURN_LEFT I_WALK I_TURN_LEFT I_WALK I_TURN_LEFT I_WALK
look right after run around right thrice	I_TURN_RIGHT I_RUN I_TURN_RIGHT I_RUN I_TURN_RIGHT I_RUN I_TURN_RIGHT I_RUN I_TURN_RIGHT I_RUN I_TURN_RIGHT I_RUN I_TURN_RIGHT I_RUN I_TURN_RIGHT I_RUN I_TURN_RIGHT I_RUN I_TURN_RIGHT I_RUN I_TURN_RIGHT I_RUN I_TURN_RIGHT I_RUN I_TURN_RIGHT I_LOOK
jump left thrice and run around left	I_TURN_LEFT I_JUMP I_TURN_LEFT I_JUMP I_TURN_LEFT I_JUMP I_TURN_LEFT I_RUN I_TURN_LEFT I_RUN I_TURN_LEFT I_RUN I_TURN_LEFT I_RUN
run opposite right twice and run around right	I_TURN_RIGHT I_TURN_RIGHT I_RUN I_TURN_RIGHT I_TURN_RIGHT I_RUN I_TURN_RIGHT I_RUN I_TURN_RIGHT I_RUN I_TURN_RIGHT I_RUN I_TURN_RIGHT I_RUN
walk left after run around right	I_TURN_RIGHT I_RUN I_TURN_RIGHT I_RUN I_TURN_RIGHT I_RUN I_TURN_RIGHT I_RUN I_TURN_LEFT I_WALK
look opposite right thrice and run opposite right	I_TURN_RIGHT I_TURN_RIGHT I_LOOK I_TURN_RIGHT I_TURN_RIGHT I_LOOK I_TURN_RIGHT I_TURN_RIGHT I_LOOK I_TURN_RIGHT I_TURN_RIGHT I_RUN
run right twice after look around left	I_TURN_LEFT I_LOOK I_TURN_LEFT I_LOOK I_TURN_LEFT I_LOOK I_TURN_LEFT I_LOOK I_TURN_RIGHT I_RUN I_TURN_RIGHT I_RUN
jump around left and run around left thrice	I_TURN_LEFT I_JUMP I_TURN_LEFT I_JUMP I_TURN_LEFT I_JUMP I_TURN_LEFT I_JUMP I_TURN_LEFT I_RUN I_TURN_LEFT I_RUN I_TURN_LEFT I_RUN I_TURN_LEFT I_RUN I_TURN_LEFT I_RUN I_TURN_LEFT I_RUN I_TURN_LEFT I_RUN I_TURN_LEFT I_RUN I_TURN_LEFT I_RUN I_TURN_LEFT I_RUN I_TURN_LEFT I_RUN I_TURN_LEFT I_RUN
look opposite right twice and walk twice	I_TURN_RIGHT I_TURN_RIGHT I_LOOK I_TURN_RIGHT I_TURN_RIGHT I_LOOK I_WALK I_WALK
run left thrice after run right twice	I_TURN_RIGHT I_RUN I_TURN_RIGHT I_RUN I_TURN_LEFT I_RUN I_TURN_LEFT I_RUN I_TURN_LEFT I_RUN
turn opposite left twice after look around left thrice	I_TURN_LEFT I_LOOK I_TURN_LEFT I_LOOK I_TURN_LEFT I_LOOK I_TURN_LEFT I_LOOK I_TURN_LEFT I_LOOK I_TURN_LEFT I_LOOK I_TURN_LEFT I_LOOK I_TURN_LEFT I_LOOK I_TURN_LEFT I_LOOK I_TURN_LEFT I_LOOK I_TURN_LEFT I_LOOK I_TURN_LEFT I_LOOK I_TURN_LEFT I_TURN_LEFT I_TURN_LEFT I_TURN_LEFT
walk opposite left twice after turn around left thrice	I_TURN_LEFT I_TURN_LEFT I_TURN_LEFT I_TURN_LEFT I_TURN_LEFT I_TURN_LEFT I_TURN_LEFT I_TURN_LEFT I_TURN_LEFT I_TURN_LEFT I_TURN_LEFT I_TURN_LEFT I_TURN_LEFT I_TURN_LEFT I_WALK I_TURN_LEFT I_TURN_LEFT I_WALK
run left and run opposite right	I_TURN_LEFT I_RUN I_TURN_RIGHT I_TURN_RIGHT I_RUN
walk right twice and look opposite left twice	I_TURN_RIGHT I_WALK I_TURN_RIGHT I_WALK I_TURN_LEFT I_TURN_LEFT I_LOOK I_TURN_LEFT I_TURN_LEFT I_LOOK
look after walk left thrice	I_TURN_LEFT I_WALK I_TURN_LEFT I_WALK I_TURN_LEFT I_WALK I_LOOK
walk around left twice and look around left	I_TURN_LEFT I_WALK I_TURN_LEFT I_WALK I_TURN_LEFT I_WALK I_TURN_LEFT I_WALK I_TURN_LEFT I_WALK I_TURN_LEFT I_WALK I_TURN_LEFT I_WALK I_TURN_LEFT I_WALK I_TURN_LEFT I_LOOK I_TURN_LEFT I_LOOK I_TURN_LEFT I_LOOK I_TURN_LEFT I_LOOK
jump left thrice after run around right twice	I_TURN_RIGHT I_RUN I_TURN_RIGHT I_RUN I_TURN_RIGHT I_RUN I_TURN_RIGHT I_RUN I_TURN_RIGHT I_RUN I_TURN_RIGHT I_RUN I_TURN_RIGHT I_RUN I_TURN_RIGHT I_RUN I_TURN_LEFT I_JUMP I_TURN_LEFT I_JUMP I_TURN_LEFT I_JUMP
turn left thrice and run around right	I_TURN_LEFT I_TURN_LEFT I_TURN_LEFT I_TURN_RIGHT I_RUN I_TURN_RIGHT I_RUN I_TURN_RIGHT I_RUN I_TURN_RIGHT I_RUN
run opposite left after run around left twice	I_TURN_LEFT I_RUN I_TURN_LEFT I_RUN I_TURN_LEFT I_RUN I_TURN_LEFT I_RUN I_TURN_LEFT I_RUN I_TURN_LEFT I_RUN I_TURN_LEFT I_RUN I_TURN_LEFT I_RUN I_TURN_LEFT I_TURN_LEFT I_RUN
run twice after run opposite left	I_TURN_LEFT I_TURN_LEFT I_RUN I_RUN I_RUN
jump opposite left twice after walk around left twice	I_TURN_LEFT I_WALK I_TURN_LEFT I_WALK I_TURN_LEFT I_WALK I_TURN_LEFT I_WALK I_TURN_LEFT I_WALK I_TURN_LEFT I_WALK I_TURN_LEFT I_WALK I_TURN_LEFT I_WALK I_TURN_LEFT I_TURN_LEFT I_JUMP I_TURN_LEFT I_TURN_LEFT I_JUMP
turn around left thrice after run left twice	I_TURN_LEFT I_RUN I_TURN_LEFT I_RUN I_TURN_LEFT I_TURN_LEFT I_TURN_LEFT I_TURN_LEFT I_TURN_LEFT I_TURN_LEFT I_TURN_LEFT I_TURN_LEFT I_TURN_LEFT I_TURN_LEFT I_TURN_LEFT I_TURN_LEFT
walk around left after run opposite left	I_TURN_LEFT I_TURN_LEFT I_RUN I_TURN_LEFT I_WALK I_TURN_LEFT I_WALK I_TURN_LEFT I_WALK I_TURN_LEFT I_WALK
look left thrice and run opposite left twice	I_TURN_LEFT I_LOOK I_TURN_LEFT I_LOOK I_TURN_LEFT I_LOOK I_TURN_LEFT I_TURN_LEFT I_RUN I_TURN_LEFT I_TURN_LEFT I_RUN
turn left thrice after jump around right twice	I_TURN_RIGHT I_JUMP I_TURN_RIGHT I_JUMP I_TURN_RIGHT I_JUMP I_TURN_RIGHT I_JUMP I_TURN_RIGHT I_JUMP I_TURN_RIGHT I_JUMP I_TURN_RIGHT I_JUMP I_TURN_RIGHT I_JUMP I_TURN_LEFT I_TURN_LEFT I_TURN_LEFT
walk opposite right twice and walk left thrice	I_TURN_RIGHT I_TURN_RIGHT I_WALK I_TURN_RIGHT I_TURN_RIGHT I_WALK I_TURN_LEFT I_WALK I_TURN_LEFT I_WALK I_TURN_LEFT I_WALK
jump right and jump	I_TURN_RIGHT I_JUMP I_JUMP
turn left thrice and look left	I_TURN_LEFT I_TURN_LEFT I_TURN_LEFT I_TURN_LEFT I_LOOK
turn opposite left twice after look opposite left thrice	I_TURN_LEFT I_TURN_LEFT I_LOOK I_TURN_LEFT I_TURN_LEFT I_LOOK I_TURN_LEFT I_TURN_LEFT I_LOOK I_TURN_LEFT I_TURN_LEFT I_TURN_LEFT I_TURN_LEFT
jump right twice and look right	I_TURN_RIGHT I_JUMP I_TURN_RIGHT I_JUMP I_TURN_RIGHT I_LOOK
look opposite right thrice after run	I_RUN I_TURN_RIGHT I_TURN_RIGHT I_LOOK I_TURN_RIGHT I_TURN_RIGHT I_LOOK I_TURN_RIGHT I_TURN_RIGHT I_LOOK
turn opposite left after run around right	I_TURN_RIGHT I_RUN I_TURN_RIGHT I_RUN I_TURN_RIGHT I_RUN I_TURN_RIGHT I_RUN I_TURN_LEFT I_TURN_LEFT
look around left after run twice	I_RUN I_RUN I_TURN_LEFT I_LOOK I_TURN_LEFT I_LOOK I_TURN_LEFT I_LOOK I_TURN_LEFT I_LOOK
jump left thrice and jump around left twice	I_TURN_LEFT I_JUMP I_TURN_LEFT I_JUMP I_TURN_LEFT I_JUMP I_TURN_LEFT I_JUMP I_TURN_LEFT I_JUMP I_TURN_LEFT I_JUMP I_TURN_LEFT I_JUMP I_TURN_LEFT I_JUMP I_TURN_LEFT I_JUMP I_TURN_LEFT I_JUMP I_TURN_LEFT I_JUMP
turn opposite left after walk opposite right twice	I_TURN_RIGHT I_TURN_RIGHT I_WALK I_TURN_RIGHT I_TURN_RIGHT I_WALK I_TURN_LEFT I_TURN_LEFT
turn opposite left twice and walk around right twice	I_TURN_LEFT I_TURN_LEFT I_TURN_LEFT I_TURN_LEFT I_TURN_RIGHT I_WALK I_TURN_RIGHT I_WALK I_TURN_RIGHT I_WALK I_TURN_RIGHT I_WALK I_TURN_RIGHT I_WALK I_TURN_RIGHT I_WALK I_TURN_RIGHT I_WALK I_TURN_RIGHT I_WALK
run right twice after jump right thrice	I_TURN_RIGHT I_JUMP I_TURN_RIGHT I_JUMP I_TURN_RIGHT I_JUMP I_TURN_RIGHT I_RUN I_TURN_RIGHT I_RUN
turn opposite right twice and walk opposite left thrice	I_TURN_RIGHT I_TURN_RIGHT I_TURN_RIGHT I_TURN_RIGHT I_TURN_LEFT I_TURN_LEFT I_WALK I_TURN_LEFT I_TURN_LEFT I_WALK I_TURN_LEFT I_TURN_LEFT I_WALK
look thrice and run around left twice	I_LOOK I_LOOK I_LOOK I_TURN_LEFT I_RUN I_TURN_LEFT I_RUN I_TURN_LEFT I_RUN I_TURN_LEFT I_RUN I_TURN_LEFT I_RUN I_TURN_LEFT I_RUN I_TURN_LEFT I_RUN I_TURN_LEFT I_RUN
run left and walk around right thrice	I_TURN_LEFT I_RUN I_TURN_RIGHT I_WALK I_TURN_RIGHT I_WALK I_TURN_RIGHT I_WALK I_TURN_RIGHT I_WALK I_TURN_RIGHT I_WALK I_TURN_RIGHT I_WALK I_TURN_RIGHT I_WALK I_TURN_RIGHT I_WALK I_TURN_RIGHT I_WALK I_TURN_RIGHT I_WALK I_TURN_RIGHT I_WALK I_TURN_RIGHT I_WALK
run around left twice and walk left	I_TURN_LEFT I_RUN I_TURN_LEFT I_RUN I_TURN_LEFT I_RUN I_TURN_LEFT I_RUN I_TURN_LEFT I_RUN I_TURN_LEFT I_RUN I_TURN_LEFT I_RUN I_TURN_LEFT I_RUN I_TURN_LEFT I_WALK
run twice and jump opposite left thrice	I_RUN I_RUN I_TURN_LEFT I_TURN_LEFT I_JUMP I_TURN_LEFT I_TURN_LEFT I_JUMP I_TURN_LEFT I_TURN_LEFT I_JUMP
look opposite left thrice and look thrice	I_TURN_LEFT I_TURN_LEFT I_LOOK I_TURN_LEFT I_TURN_LEFT I_LOOK I_TURN_LEFT I_TURN_LEFT I_LOOK I_LOOK I_LOOK I_LOOK
run after turn opposite left twice	I_TURN_LEFT I_TURN_LEFT I_TURN_LEFT I_TURN_LEFT I_RUN
walk around left thrice and look around right	I_TURN_LEFT I_WALK I_TURN_LEFT I_WALK I_TURN_LEFT I_WALK I_TURN_LEFT I_WALK I_TURN_LEFT I_WALK I_TURN_LEFT I_WALK I_TURN_LEFT I_WALK I_TURN_LEFT I_WALK I_TURN_LEFT I_WALK I_TURN_LEFT I_WALK I_TURN_LEFT I_WALK I_TURN_LEFT I_WALK I_TURN_RIGHT I_LOOK I_TURN_RIGHT I_LOOK I_TURN_RIGHT I_LOOK I_TURN_RIGHT I_LOOK
look and turn right thrice	I_LOOK I_TURN_RIGHT I_TURN_RIGHT I_TURN_RIGHT
walk opposite right after look opposite right	I_TURN_RIGHT I_TURN_RIGHT I_LOOK I_TURN_RIGHT I_TURN_RIGHT I_WALK
jump right and jump right	I_TURN_RIGHT I_JUMP I_TURN_RIGHT I_JUMP
run and walk around right	I_RUN I_TURN_RIGHT I_WALK I_TURN_RIGHT I_WALK I_TURN_RIGHT I_WALK I_TURN_RIGHT I_WALK
look opposite right twice and jump opposite right	I_TURN_RIGHT I_TURN_RIGHT I_LOOK I_TURN_RIGHT I_TURN_RIGHT I_LOOK I_TURN_RIGHT I_TURN_RIGHT I_JUMP
walk around right thrice after run left twice	I_TURN_LEFT I_RUN I_TURN_LEFT I_RUN I_TURN_RIGHT I_WALK I_TURN_RIGHT I_WALK I_TURN_RIGHT I_WALK I_TURN_RIGHT I_WALK I_TURN_RIGHT I_WALK I_TURN_RIGHT I_WALK I_TURN_RIGHT I_WALK I_TURN_RIGHT I_WALK I_TURN_RIGHT I_WALK I_TURN_RIGHT I_WALK I_TURN_RIGHT I_WALK I_TURN_RIGHT I_WALK
walk around right and run right thrice	I_TURN_RIGHT I_WALK I_TURN_RIGHT I_WALK I_TURN_RIGHT I_WALK I_TURN_RIGHT I_WALK I_TURN_RIGHT I_RUN I_TURN_RIGHT I_RUN I_TURN_RIGHT I_RUN
look opposite right twice and turn opposite right twice	I_TURN_RIGHT I_TURN_RIGHT I_LOOK I_TURN_RIGHT I_TURN_RIGHT I_LOOK I_TURN_RIGHT I_TURN_RIGHT I_TURN_RIGHT I_TURN_RIGHT
look right twice and jump left thrice	I_TURN_RIGHT I_LOOK I_TURN_RIGHT I_LOOK I_TURN_LEFT I_JUMP I_TURN_LEFT I_JUMP I_TURN_LEFT I_JUMP
look after jump around left	I_TURN_LEFT I_JUMP I_TURN_LEFT I_JUMP I_TURN_LEFT I_JUMP I_TURN_LEFT I_JUMP I_LOOK
look left thrice after jump twice	I_JUMP I_JUMP I_TURN_LEFT I_LOOK I_TURN_LEFT I_LOOK I_TURN_LEFT I_LOOK
turn around right and walk thrice	I_TURN_RIGHT I_TURN_RIGHT I_TURN_RIGHT I_TURN_RIGHT I_WALK I_WALK I_WALK
jump after jump opposite right thrice	I_TURN_RIGHT I_TURN_RIGHT I_JUMP I_TURN_RIGHT I_TURN_RIGHT I_JUMP I_TURN_RIGHT I_TURN_RIGHT I_JUMP I_JUMP
look around left twice after walk around right	I_TURN_RIGHT I_WALK I_TURN_RIGHT I_WALK I_TURN_RIGHT I_WALK I_TURN_RIGHT I_WALK I_TURN_LEFT I_LOOK I_TURN_LEFT I_LOOK I_TURN_LEFT I_LOOK I_TURN_LEFT I_LOOK I_TURN_LEFT I_LOOK I_TURN_LEFT I_LOOK I_TURN_LEFT I_LOOK I_TURN_LEFT I_LOOK
jump opposite right twice after walk thrice	I_WALK I_WALK I_WALK I_TURN_RIGHT I_TURN_RIGHT I_JUMP I_TURN_RIGHT I_TURN_RIGHT I_JUMP
look opposite left thrice after run right thrice	I_TURN_RIGHT I_RUN I_TURN_RIGHT I_RUN I_TURN_RIGHT I_RUN I_TURN_LEFT I_TURN_LEFT I_LOOK I_TURN_LEFT I_TURN_LEFT I_LOOK I_TURN_LEFT I_TURN_LEFT I_LOOK
walk right after turn left thrice	I_TURN_LEFT I_TURN_LEFT I_TURN_LEFT I_TURN_RIGHT I_WALK
walk opposite left twice and jump twice	I_TURN_LEFT I_TURN_LEFT I_WALK I_TURN_LEFT I_TURN_LEFT I_WALK I_JUMP I_JUMP
turn right after jump around left twice	I_TURN_LEFT I_JUMP I_TURN_LEFT I_JUMP I_TURN_LEFT I_JUMP I_TURN_LEFT I_JUMP I_TURN_LEFT I_JUMP I_TURN_LEFT I_JUMP I_TURN_LEFT I_JUMP I_TURN_LEFT I_JUMP I_TURN_RIGHT
run around left thrice after look thrice	I_LOOK I_LOOK I_LOOK I_TURN_LEFT I_RUN I_TURN_LEFT I_RUN I_TURN_LEFT I_RUN I_TURN_LEFT I_RUN I_TURN_LEFT I_RUN I_TURN_LEFT I_RUN I_TURN_LEFT I_RUN I_TURN_LEFT I_RUN I_TURN_LEFT I_RUN I_TURN_LEFT I_RUN I_TURN_LEFT I_RUN I_TURN_LEFT I_RUN
look left twice after turn opposite left twice	I_TURN_LEFT I_TURN_LEFT I_TURN_LEFT I_TURN_LEFT I_TURN_LEFT I_LOOK I_TURN_LEFT I_LOOK
turn opposite right thrice after jump around right thrice	I_TURN_RIGHT I_JUMP I_TURN_RIGHT I_JUMP I_TURN_RIGHT I_JUMP I_TURN_RIGHT I_JUMP I_TURN_RIGHT I_JUMP I_TURN_RIGHT I_JUMP I_TURN_RIGHT I_JUMP I_TURN_RIGHT I_JUMP I_TURN_RIGHT I_JUMP I_TURN_RIGHT I_JUMP I_TURN_RIGHT I_JUMP I_TURN_RIGHT I_JUMP I_TURN_RIGHT I_TURN_RIGHT I_TURN_RIGHT I_TURN_RIGHT I_TURN_RIGHT I_TURN_RIGHT
jump left thrice and walk around right thrice	I_TURN_LEFT I_JUMP I_TURN_LEFT I_JUMP I_TURN_LEFT I_JUMP I_TURN_RIGHT I_WALK I_TURN_RIGHT I_WALK I_TURN_RIGHT I_WALK I_TURN_RIGHT I_WALK I_TURN_RIGHT I_WALK I_TURN_RIGHT I_WALK I_TURN_RIGHT I_WALK I_TURN_RIGHT I_WALK I_TURN_RIGHT I_WALK I_TURN_RIGHT I_WALK I_TURN_RIGHT I_WALK I_TURN_RIGHT I_WALK
jump opposite left after look left	I_TURN_LEFT I_LOOK I_TURN_LEFT I_TURN_LEFT I_JUMP
jump left after run right twice	I_TURN_RIGHT I_RUN I_TURN_RIGHT I_RUN I_TURN_LEFT I_JUMP
walk around right thrice and jump around right twice	I_TURN_RIGHT I_WALK I_TURN_RIGHT I_WALK I_TURN_RIGHT I_WALK I_TURN_RIGHT I_WALK I_TURN_RIGHT I_WALK I_TURN_RIGHT I_WALK I_TURN_RIGHT I_WALK I_TURN_RIGHT I_WALK I_TURN_RIGHT I_WALK I_TURN_RIGHT I_WALK I_TURN_RIGHT I_WALK I_TURN_RIGHT I_WALK I_TURN_RIGHT I_JUMP I_TURN_RIGHT I_JUMP I_TURN_RIGHT I_JUMP I_TURN_RIGHT I_JUMP I_TURN_RIGHT I_JUMP I_TURN_RIGHT I_JUMP I_TURN_RIGHT I_JUMP I_TURN_RIGHT I_JUMP
run around left and turn around right thrice	I_TURN_LEFT I_RUN I_TURN_LEFT I_RUN I_TURN_LEFT I_RUN I_TURN_LEFT I_RUN I_TURN_RIGHT I_TURN_RIGHT I_TURN_RIGHT I_TURN_RIGHT I_TURN_RIGHT I_TURN_RIGHT I_TURN_RIGHT I_TURN_RIGHT I_TURN_RIGHT I_TURN_RIGHT I_TURN_RIGHT I_TURN_RIGHT
turn opposite right and turn left twice	I_TURN_RIGHT I_TURN_RIGHT I_TURN_LEFT I_TURN_LEFT
run around right thrice and turn right thrice	I_TURN_RIGHT I_RUN I_TURN_RIGHT I_RUN I_TURN_RIGHT I_RUN I_TURN_RIGHT I_RUN I_TURN_RIGHT I_RUN I_TURN_RIGHT I_RUN I_TURN_RIGHT I_RUN I_TURN_RIGHT I_RUN I_TURN_RIGHT I_RUN I_TURN_RIGHT I_RUN I_TURN_RIGHT I_RUN I_TURN_RIGHT I_RUN I_TURN_RIGHT I_TURN_RIGHT I_TURN_RIGHT
run right twice and run opposite right thrice	I_TURN_RIGHT I_RUN I_TURN_RIGHT I_RUN I_TURN_RIGHT I_TURN_RIGHT I_RUN I_TURN_RIGHT I_TURN_RIGHT I_RUN I_TURN_RIGHT I_TURN_RIGHT I_RUN
run opposite right after run right	I_TURN_RIGHT I_RUN I_TURN_RIGHT I_TURN_RIGHT I_RUN
jump left twice after run around right twice	I_TURN_RIGHT I_RUN I_TURN_RIGHT I_RUN I_TURN_RIGHT I_RUN I_TURN_RIGHT I_RUN I_TURN_RIGHT I_RUN I_TURN_RIGHT I_RUN I_TURN_RIGHT I_RUN I_TURN_RIGHT I_RUN I_TURN_LEFT I_JUMP I_TURN_LEFT I_JUMP
walk left after run around left	I_TURN_LEFT I_RUN I_TURN_LEFT I_RUN I_TURN_LEFT I_RUN I_TURN_LEFT I_RUN I_TURN_LEFT I_WALK
walk thrice after look around left twice	I_TURN_LEFT I_LOOK I_TURN_LEFT I_LOOK I_TURN_LEFT I_LOOK I_TURN_LEFT I_LOOK I_TURN_LEFT I_LOOK I_TURN_LEFT I_LOOK I_TURN_LEFT I_LOOK I_TURN_LEFT I_LOOK I_WALK I_WALK I_WALK
run opposite left thrice and jump around left thrice	I_TURN_LEFT I_TURN_LEFT I_RUN I_TURN_LEFT I_TURN_LEFT I_RUN I_TURN_LEFT I_TURN_LEFT I_RUN I_TURN_LEFT I_JUMP I_TURN_LEFT I_JUMP I_TURN_LEFT I_JUMP I_TURN_LEFT I_JUMP I_TURN_LEFT I_JUMP I_TURN_LEFT I_JUMP I_TURN_LEFT I_JUMP I_TURN_LEFT I_JUMP I_TURN_LEFT I_JUMP I_TURN_LEFT I_JUMP I_TURN_LEFT I_JUMP I_TURN_LEFT I_JUMP
run right after look around right twice	I_TURN_RIGHT I_LOOK I_TURN_RIGHT I_LOOK I_TURN_RIGHT I_LOOK I_TURN_RIGHT I_LOOK I_TURN_RIGHT I_LOOK I_TURN_RIGHT I_LOOK I_TURN_RIGHT I_LOOK I_TURN_RIGHT I_LOOK I_TURN_RIGHT I_RUN
jump left and jump around right thrice	I_TURN_LEFT I_JUMP I_TURN_RIGHT I_JUMP I_TURN_RIGHT I_JUMP I_TURN_RIGHT I_JUMP I_TURN_RIGHT I_JUMP I_TURN_RIGHT I_JUMP I_TURN_RIGHT I_JUMP I_TURN_RIGHT I_JUMP I_TURN_RIGHT I_JUMP I_TURN_RIGHT I_JUMP I_TURN_RIGHT I_JUMP I_TURN_RIGHT I_JUMP I_TURN_RIGHT I_JUMP
turn opposite left after turn around right thrice	I_TURN_RIGHT I_TURN_RIGHT I_TURN_RIGHT I_TURN_RIGHT I_TURN_RIGHT I_TURN_RIGHT I_TURN_RIGHT I_TURN_RIGHT I_TURN_RIGHT I_TURN_RIGHT I_TURN_RIGHT I_TURN_RIGHT I_TURN_LEFT I_TURN_LEFT
jump left thrice after jump right	I_TURN_RIGHT I_JUMP I_TURN_LEFT I_JUMP I_TURN_LEFT I_JUMP I_TURN_LEFT I_JUMP
jump right thrice and run thrice	I_TURN_RIGHT I_JUMP I_TURN_RIGHT I_JUMP I_TURN_RIGHT I_JUMP I_RUN I_RUN I_RUN
run left after look around right	I_TURN_RIGHT I_LOOK I_TURN_RIGHT I_LOOK I_TURN_RIGHT I_LOOK I_TURN_RIGHT I_LOOK I_TURN_LEFT I_RUN
run right and walk around left thrice	I_TURN_RIGHT I_RUN I_TURN_LEFT I_WALK I_TURN_LEFT I_WALK I_TURN_LEFT I_WALK I_TURN_LEFT I_WALK I_TURN_LEFT I_WALK I_TURN_LEFT I_WALK I_TURN_LEFT I_WALK I_TURN_LEFT I_WALK I_TURN_LEFT I_WALK I_TURN_LEFT I_WALK I_TURN_LEFT I_WALK I_TURN_LEFT I_WALK
turn around right and walk opposite left	I_TURN_RIGHT I_TURN_RIGHT I_TURN_RIGHT I_TURN_RIGHT I_TURN_LEFT I_TURN_LEFT I_WALK
jump opposite right thrice and look	I_TURN_RIGHT I_TURN_RIGHT I_JUMP I_TURN_RIGHT I_TURN_RIGHT I_JUMP I_TURN_RIGHT I_TURN_RIGHT I_JUMP I_LOOK
walk opposite right twice after look right thrice	I_TURN_RIGHT I_LOOK I_TURN_RIGHT I_LOOK I_TURN_RIGHT I_LOOK I_TURN_RIGHT I_TURN_RIGHT I_WALK I_TURN_RIGHT I_TURN_RIGHT I_WALK
look around left and walk opposite left twice	I_TURN_LEFT I_LOOK I_TURN_LEFT I_LOOK I_TURN_LEFT I_LOOK I_TURN_LEFT I_LOOK I_TURN_LEFT I_TURN_LEFT I_WALK I_TURN_LEFT I_TURN_LEFT I_WALK
jump opposite right twice and walk left twice	I_TURN_RIGHT I_TURN_RIGHT I_JUMP I_TURN_RIGHT I_TURN_RIGHT I_JUMP I_TURN_LEFT I_WALK I_TURN_LEFT I_WALK
run left and jump thrice	I_TURN_LEFT I_RUN I_JUMP I_JUMP I_JUMP
run right and look opposite right twice	I_TURN_RIGHT I_RUN I_TURN_RIGHT I_TURN_RIGHT I_LOOK I_TURN_RIGHT I_TURN_RIGHT I_LOOK
turn right and turn opposite left	I_TURN_RIGHT I_TURN_LEFT I_TURN_LEFT
turn around right twice after walk right	I_TURN_RIGHT I_WALK I_TURN_RIGHT I_TURN_RIGHT I_TURN_RIGHT I_TURN_RIGHT I_TURN_RIGHT I_TURN_RIGHT I_TURN_RIGHT I_TURN_RIGHT
walk around left twice and walk left thrice	I_TURN_LEFT I_WALK I_TURN_LEFT I_WALK I_TURN_LEFT I_WALK I_TURN_LEFT I_WALK I_TURN_LEFT I_WALK I_TURN_LEFT I_WALK I_TURN_LEFT I_WALK I_TURN_LEFT I_WALK I_TURN_LEFT I_WALK I_TURN_LEFT I_WALK I_TURN_LEFT I_WALK
run opposite left twice and look around right thrice	I_TURN_LEFT I_TURN_LEFT I_RUN I_TURN_LEFT I_TURN_LEFT I_RUN I_TURN_RIGHT I_LOOK I_TURN_RIGHT I_LOOK I_TURN_RIGHT I_LOOK I_TURN_RIGHT I_LOOK I_TURN_RIGHT I_LOOK I_TURN_RIGHT I_LOOK I_TURN_RIGHT I_LOOK I_TURN_RIGHT I_LOOK I_TURN_RIGHT I_LOOK I_TURN_RIGHT I_LOOK I_TURN_RIGHT I_LOOK I_TURN_RIGHT I_LOOK
look around right twice after run thrice	I_RUN I_RUN I_RUN I_TURN_RIGHT I_LOOK I_TURN_RIGHT I_LOOK I_TURN_RIGHT I_LOOK I_TURN_RIGHT I_LOOK I_TURN_RIGHT I_LOOK I_TURN_RIGHT I_LOOK I_TURN_RIGHT I_LOOK I_TURN_RIGHT I_LOOK
jump left thrice after walk opposite right twice	I_TURN_RIGHT I_TURN_RIGHT I_WALK I_TURN_RIGHT I_TURN_RIGHT I_WALK I_TURN_LEFT I_JUMP I_TURN_LEFT I_JUMP I_TURN_LEFT I_JUMP
jump opposite left thrice and look around right	I_TURN_LEFT I_TURN_LEFT I_JUMP I_TURN_LEFT I_TURN_LEFT I_JUMP I_TURN_LEFT I_TURN_LEFT I_JUMP I_TURN_RIGHT I_LOOK I_TURN_RIGHT I_LOOK I_TURN_RIGHT I_LOOK I_TURN_RIGHT I_LOOK
turn opposite left thrice after run right twice	I_TURN_RIGHT I_RUN I_TURN_RIGHT I_RUN I_TURN_LEFT I_TURN_LEFT I_TURN_LEFT I_TURN_LEFT I_TURN_LEFT I_TURN_LEFT
walk opposite right thrice after walk around right thrice	I_TURN_RIGHT I_WALK I_TURN_RIGHT I_WALK I_TURN_RIGHT I_WALK I_TURN_RIGHT I_WALK I_TURN_RIGHT I_WALK I_TURN_RIGHT I_WALK I_TURN_RIGHT I_WALK I_TURN_RIGHT I_WALK I_TURN_RIGHT I_WALK I_TURN_RIGHT I_WALK I_TURN_RIGHT I_WALK I_TURN_RIGHT I_WALK I_TURN_RIGHT I_TURN_RIGHT I_WALK I_TURN_RIGHT I_TURN_RIGHT I_WALK I_TURN_RIGHT I_TURN_RIGHT I_WALK
run opposite right twice and look around left twice	I_TURN_RIGHT I_TURN_RIGHT I_RUN I_TURN_RIGHT I_TURN_RIGHT I_RUN I_TURN_LEFT I_LOOK I_TURN_LEFT I_LOOK I_TURN_LEFT I_LOOK I_TURN_LEFT I_LOOK I_TURN_LEFT I_LOOK I_TURN_LEFT I_LOOK I_TURN_LEFT I_LOOK I_TURN_LEFT I_LOOK
walk opposite right twice and turn left	I_TURN_RIGHT I_TURN_RIGHT I_WALK I_TURN_RIGHT I_TURN_RIGHT I_WALK I_TURN_LEFT
look right and look twice	I_TURN_RIGHT I_LOOK I_LOOK I_LOOK
run left twice after run around right twice	I_TURN_RIGHT I_RUN I_TURN_RIGHT I_RUN I_TURN_RIGHT I_RUN I_TURN_RIGHT I_RUN I_TURN_RIGHT I_RUN I_TURN_RIGHT I_RUN I_TURN_RIGHT I_RUN I_TURN_RIGHT I_RUN I_TURN_LEFT I_RUN I_TURN_LEFT I_RUN
run around left after jump right thrice	I_TURN_RIGHT I_JUMP I_TURN_RIGHT I_JUMP I_TURN_RIGHT I_JUMP I_TURN_LEFT I_RUN I_TURN_LEFT I_RUN I_TURN_LEFT I_RUN I_TURN_LEFT I_RUN
look opposite right twice after turn opposite left thrice	I_TURN_LEFT I_TURN_LEFT I_TURN_LEFT I_TURN_LEFT I_TURN_LEFT I_TURN_LEFT I_TURN_RIGHT I_TURN_RIGHT I_LOOK I_TURN_RIGHT I_TURN_RIGHT I_LOOK
jump around right thrice and turn opposite right thrice	I_TURN_RIGHT I_JUMP I_TURN_RIGHT I_JUMP I_TURN_RIGHT I_JUMP I_TURN_RIGHT I_JUMP I_TURN_RIGHT I_JUMP I_TURN_RIGHT I_JUMP I_TURN_RIGHT I_JUMP I_TURN_RIGHT I_JUMP I_TURN_RIGHT I_JUMP I_TURN_RIGHT I_JUMP I_TURN_RIGHT I_JUMP I_TURN_RIGHT I_JUMP I_TURN_RIGHT I_TURN_RIGHT I_TURN_RIGHT I_TURN_RIGHT I_TURN_RIGHT I_TURN_RIGHT
run opposite left twice after jump around left twice	I_TURN_LEFT I_JUMP I_TURN_LEFT I_JUMP I_TURN_LEFT I_JUMP I_TURN_LEFT I_JUMP I_TURN_LEFT I_JUMP I_TURN_LEFT I_JUMP I_TURN_LEFT I_JUMP I_TURN_LEFT I_JUMP I_TURN_LEFT I_TURN_LEFT I_RUN I_TURN_LEFT I_TURN_LEFT I_RUN
run opposite right and run	I_TURN_RIGHT I_TURN_RIGHT I_RUN I_RUN
run opposite right after turn around right thrice	I_TURN_RIGHT I_TURN_RIGHT I_TURN_RIGHT I_TURN_RIGHT I_TURN_RIGHT I_TURN_RIGHT I_TURN_RIGHT I_TURN_RIGHT I_TURN_RIGHT I_TURN_RIGHT I_TURN_RIGHT I_TURN_RIGHT I_TURN_RIGHT I_TURN_RIGHT I_RUN
turn right and look twice	I_TURN_RIGHT I_LOOK I_LOOK
look thrice after jump around right twice	I_TURN_RIGHT I_JUMP I_TURN_RIGHT I_JUMP I_TURN_RIGHT I_JUMP I_TURN_RIGHT I_JUMP I_TURN_RIGHT I_JUMP I_TURN_RIGHT I_JUMP I_TURN_RIGHT I_JUMP I_TURN_RIGHT I_JUMP I_LOOK I_LOOK I_LOOK
walk thrice after jump around left thrice	I_TURN_LEFT I_JUMP I_TURN_LEFT I_JUMP I_TURN_LEFT I_JUMP I_TURN_LEFT I_JUMP I_TURN_LEFT I_JUMP I_TURN_LEFT I_JUMP I_TURN_LEFT I_JUMP I_TURN_LEFT I_JUMP I_TURN_LEFT I_JUMP I_TURN_LEFT I_JUMP I_TURN_LEFT I_JUMP I_TURN_LEFT I_JUMP I_WALK I_WALK I_WALK
look left thrice after jump left	I_TURN_LEFT I_JUMP I_TURN_LEFT I_LOOK I_TURN_LEFT I_LOOK I_TURN_LEFT I_LOOK
walk opposite right twice and walk	I_TURN_RIGHT I_TURN_RIGHT I_WALK I_TURN_RIGHT I_TURN_RIGHT I_WALK I_WALK
turn around right thrice and jump opposite left thrice	I_TURN_RIGHT I_TURN_RIGHT I_TURN_RIGHT I_TURN_RIGHT I_TURN_RIGHT I_TURN_RIGHT I_TURN_RIGHT I_TURN_RIGHT I_TURN_RIGHT I_TURN_RIGHT I_TURN_RIGHT I_TURN_RIGHT I_TURN_LEFT I_TURN_LEFT I_JUMP I_TURN_LEFT I_TURN_LEFT I_JUMP I_TURN_LEFT I_TURN_LEFT I_JUMP
run opposite left after turn around right	I_TURN_RIGHT I_TURN_RIGHT I_TURN_RIGHT I_TURN_RIGHT I_TURN_LEFT I_TURN_LEFT I_RUN
run right and run around right twice	I_TURN_RIGHT I_RUN I_TURN_RIGHT I_RUN I_TURN_RIGHT I_RUN I_TURN_RIGHT I_RUN I_TURN_RIGHT I_RUN I_TURN_RIGHT I_RUN I_TURN_RIGHT I_RUN I_TURN_RIGHT I_RUN I_TURN_RIGHT I_RUN
walk opposite right and run left	I_TURN_RIGHT I_TURN_RIGHT I_WALK I_TURN_LEFT I_RUN
jump opposite right twice after jump around left	I_TURN_LEFT I_JUMP I_TURN_LEFT I_JUMP I_TURN_LEFT I_JUMP I_TURN_LEFT I_JUMP I_TURN_RIGHT I_TURN_RIGHT I_JUMP I_TURN_RIGHT I_TURN_RIGHT I_JUMP
look right thrice after jump thrice	I_JUMP I_JUMP I_JUMP I_TURN_RIGHT I_LOOK I_TURN_RIGHT I_LOOK I_TURN_RIGHT I_LOOK
jump opposite right thrice and jump right twice	I_TURN_RIGHT I_TURN_RIGHT I_JUMP I_TURN_RIGHT I_TURN_RIGHT I_JUMP I_TURN_RIGHT I_TURN_RIGHT I_JUMP I_TURN_RIGHT I_JUMP I_TURN_RIGHT I_JUMP
walk opposite left twice and look right thrice	I_TURN_LEFT I_TURN_LEFT I_WALK I_TURN_LEFT I_TURN_LEFT I_WALK I_TURN_RIGHT I_LOOK I_TURN_RIGHT I_LOOK I_TURN_RIGHT I_LOOK
walk around left thrice and walk opposite left	I_TURN_LEFT I_WALK I_TURN_LEFT I_WALK I_TURN_LEFT I_WALK I_TURN_LEFT I_WALK I_TURN_LEFT I_WALK I_TURN_LEFT I_WALK I_TURN_LEFT I_WALK I_TURN_LEFT I_WALK I_TURN_LEFT I_WALK I_TURN_LEFT I_WALK I_TURN_LEFT I_WALK I_TURN_LEFT I_WALK I_TURN_LEFT I_TURN_LEFT I_WALK
run around left after look opposite left thrice	I_TURN_LEFT I_TURN_LEFT I_LOOK I_TURN_LEFT I_TURN_LEFT I_LOOK I_TURN_LEFT I_TURN_LEFT I_LOOK I_TURN_LEFT I_RUN I_TURN_LEFT I_RUN I_TURN_LEFT I_RUN I_TURN_LEFT I_RUN
run around right thrice and walk right thrice	I_TURN_RIGHT I_RUN I_TURN_RIGHT I_RUN I_TURN_RIGHT I_RUN I_TURN_RIGHT I_RUN I_TURN_RIGHT I_RUN I_TURN_RIGHT I_RUN I_TURN_RIGHT I_RUN I_TURN_RIGHT I_RUN I_TURN_RIGHT I_RUN I_TURN_RIGHT I_RUN I_TURN_RIGHT I_RUN I_TURN_RIGHT I_RUN I_TURN_RIGHT I_WALK I_TURN_RIGHT I_WALK I_TURN_RIGHT I_WALK
jump around left and walk opposite left	I_TURN_LEFT I_JUMP I_TURN_LEFT I_JUMP I_TURN_LEFT I_JUMP I_TURN_LEFT I_JUMP I_TURN_LEFT I_TURN_LEFT I_WALK
run right thrice and look opposite left twice	I_TURN_RIGHT I_RUN I_TURN_RIGHT I_RUN I_TURN_RIGHT I_RUN I_TURN_LEFT I_TURN_LEFT I_LOOK I_TURN_LEFT I_TURN_LEFT I_LOOK
jump opposite right twice after turn right	I_TURN_RIGHT I_TURN_RIGHT I_TURN_RIGHT I_JUMP I_TURN_RIGHT I_TURN_RIGHT I_JUMP
turn opposite left twice and look left twice	I_TURN_LEFT I_TURN_LEFT I_TURN_LEFT I_TURN_LEFT I_TURN_LEFT I_LOOK I_TURN_LEFT I_LOOK
jump right after jump	I_JUMP I_TURN_RIGHT I_JUMP
look left and run around right thrice	I_TURN_LEFT I_LOOK I_TURN_RIGHT I_RUN I_TURN_RIGHT I_RUN I_TURN_RIGHT I_RUN I_TURN_RIGHT I_RUN I_TURN_RIGHT I_RUN I_TURN_RIGHT I_RUN I_TURN_RIGHT I_RUN I_TURN_RIGHT I_RUN I_TURN_RIGHT I_RUN I_TURN_RIGHT I_RUN I_TURN_RIGHT I_RUN I_TURN_RIGHT I_RUN
jump right twice after walk around left	I_TURN_LEFT I_WALK I_TURN_LEFT I_WALK I_TURN_LEFT I_WALK I_TURN_LEFT I_WALK I_TURN_RIGHT I_JUMP I_TURN_RIGHT I_JUMP
turn opposite left thrice after jump around right	I_TURN_RIGHT I_JUMP I_TURN_RIGHT I_JUMP I_TURN_RIGHT I_JUMP I_TURN_RIGHT I_JUMP I_TURN_LEFT I_TURN_LEFT I_TURN_LEFT I_TURN_LEFT I_TURN_LEFT I_TURN_LEFT
look around left thrice after look left twice	I_TURN_LEFT I_LOOK I_TURN_LEFT I_LOOK I_TURN_LEFT I_LOOK I_TURN_LEFT I_LOOK I_TURN_LEFT I_LOOK I_TURN_LEFT I_LOOK I_TURN_LEFT I_LOOK I_TURN_LEFT I_LOOK I_TURN_LEFT I_LOOK I_TURN_LEFT I_LOOK I_TURN_LEFT I_LOOK I_TURN_LEFT I_LOOK I_TURN_LEFT I_LOOK I_TURN_LEFT I_LOOK
walk around right thrice and run around left twice	I_TURN_RIGHT I_WALK I_TURN_RIGHT I_WALK I_TURN_RIGHT I_WALK I_TURN_RIGHT I_WALK I_TURN_RIGHT I_WALK I_TURN_RIGHT I_WALK I_TURN_RIGHT I_WALK I_TURN_RIGHT I_WALK I_TURN_RIGHT I_WALK I_TURN_RIGHT I_WALK I_TURN_RIGHT I_WALK I_TURN_RIGHT I_WALK I_TURN_LEFT I_RUN I_TURN_LEFT I_RUN I_TURN_LEFT I_RUN I_TURN_LEFT I_RUN I_TURN_LEFT I_RUN I_TURN_LEFT I_RUN I_TURN_LEFT I_RUN I_TURN_LEFT I_RUN
turn left thrice after run right thrice	I_TURN_RIGHT I_RUN I_TURN_RIGHT I_RUN I_TURN_RIGHT I_RUN I_TURN_LEFT I_TURN_LEFT I_TURN_LEFT
walk around right twice and walk opposite right	I_TURN_RIGHT I_WALK I_TURN_RIGHT I_WALK I_TURN_RIGHT I_WALK I_TURN_RIGHT I_WALK I_TURN_RIGHT I_WALK I_TURN_RIGHT I_WALK I_TURN_RIGHT I_WALK I_TURN_RIGHT I_WALK I_TURN_RIGHT I_TURN_RIGHT I_WALK
look right thrice and walk around right thrice	I_TURN_RIGHT I_LOOK I_TURN_RIGHT I_LOOK I_TURN_RIGHT I_LOOK I_TURN_RIGHT I_WALK I_TURN_RIGHT I_WALK I_TURN_RIGHT I_WALK I_TURN_RIGHT I_WALK I_TURN_RIGHT I_WALK I_TURN_RIGHT I_WALK I_TURN_RIGHT I_WALK I_TURN_RIGHT I_WALK I_TURN_RIGHT I_WALK I_TURN_RIGHT I_WALK I_TURN_RIGHT I_WALK I_TURN_RIGHT I_WALK
turn around right and run right twice	I_TURN_RIGHT I_TURN_RIGHT I_TURN_RIGHT I_TURN_RIGHT I_TURN_RIGHT I_RUN I_TURN_RIGHT I_RUN
walk right twice and look around right thrice	I_TURN_RIGHT I_WALK I_TURN_RIGHT I_WALK I_TURN_RIGHT I_LOOK I_TURN_RIGHT I_LOOK I_TURN_RIGHT I_LOOK I_TURN_RIGHT I_LOOK I_TURN_RIGHT I_LOOK I_TURN_RIGHT I_LOOK I_TURN_RIGHT I_LOOK I_TURN_RIGHT I_LOOK I_TURN_RIGHT I_LOOK I_TURN_RIGHT I_LOOK I_TURN_RIGHT I_LOOK I_TURN_RIGHT I_LOOK
walk around right thrice after turn around left thrice	I_TURN_LEFT I_TURN_LEFT I_TURN_LEFT I_TURN_LEFT I_TURN_LEFT I_TURN_LEFT I_TURN_LEFT I_TURN_LEFT I_TURN_LEFT I_TURN_LEFT I_TURN_LEFT I_TURN_LEFT I_TURN_RIGHT I_WALK I_TURN_RIGHT I_WALK I_TURN_RIGHT I_WALK I_TURN_RIGHT I_WALK I_TURN_RIGHT I_WALK I_TURN_RIGHT I_WALK I_TURN_RIGHT I_WALK I_TURN_RIGHT I_WALK I_TURN_RIGHT I_WALK I_TURN_RIGHT I_WALK I_TURN_RIGHT I_WALK I_TURN_RIGHT I_WALK
walk after turn right twice	I_TURN_RIGHT I_TURN_RIGHT I_WALK
look opposite left and run around right twice	I_TURN_LEFT I_TURN_LEFT I_LOOK I_TURN_RIGHT I_RUN I_TURN_RIGHT I_RUN I_TURN_RIGHT I_RUN I_TURN_RIGHT I_RUN I_TURN_RIGHT I_RUN I_TURN_RIGHT I_RUN I_TURN_RIGHT I_RUN I_TURN_RIGHT I_RUN
look around right thrice and walk thrice	I_TURN_RIGHT I_LOOK I_TURN_RIGHT I_LOOK I_TURN_RIGHT I_LOOK I_TURN_RIGHT I_LOOK I_TURN_RIGHT I_LOOK I_TURN_RIGHT I_LOOK I_TURN_RIGHT I_LOOK I_TURN_RIGHT I_LOOK I_TURN_RIGHT I_LOOK I_TURN_RIGHT I_LOOK I_TURN_RIGHT I_LOOK I_TURN_RIGHT I_LOOK I_WALK I_WALK I_WALK
walk around left after look around left twice	I_TURN_LEFT I_LOOK I_TURN_LEFT I_LOOK I_TURN_LEFT I_LOOK I_TURN_LEFT I_LOOK I_TURN_LEFT I_LOOK I_TURN_LEFT I_LOOK I_TURN_LEFT I_LOOK I_TURN_LEFT I_LOOK I_TURN_LEFT I_WALK I_TURN_LEFT I_WALK I_TURN_LEFT I_WALK I_TURN_LEFT I_WALK
jump after turn left thrice	I_TURN_LEFT I_TURN_LEFT I_TURN_LEFT I_JUMP
run thrice after walk around left	I_TURN_LEFT I_WALK I_TURN_LEFT I_WALK I_TURN_LEFT I_WALK I_TURN_LEFT I_WALK I_RUN I_RUN I_RUN
walk left and run right	I_TURN_LEFT I_WALK I_TURN_RIGHT I_RUN
turn around right after turn right thrice	I_TURN_RIGHT I_TURN_RIGHT I_TURN_RIGHT I_TURN_RIGHT I_TURN_RIGHT I_TURN_RIGHT I_TURN_RIGHT
run right after jump around left twice	I_TURN_LEFT I_JUMP I_TURN_LEFT I_JUMP I_TURN_LEFT I_JUMP I_TURN_LEFT I_JUMP I_TURN_LEFT I_JUMP I_TURN_LEFT I_JUMP I_TURN_LEFT I_JUMP I_TURN_LEFT I_JUMP I_TURN_RIGHT I_RUN
jump thrice and look twice	I_JUMP I_JUMP I_JUMP I_LOOK I_LOOK
look right thrice and look around left twice	I_TURN_RIGHT I_LOOK I_TURN_RIGHT I_LOOK I_TURN_RIGHT I_LOOK I_TURN_LEFT I_LOOK I_TURN_LEFT I_LOOK I_TURN_LEFT I_LOOK I_TURN_LEFT I_LOOK I_TURN_LEFT I_LOOK I_TURN_LEFT I_LOOK I_TURN_LEFT I_LOOK I_TURN_LEFT I_LOOK
walk opposite left and turn around left	I_TURN_LEFT I_TURN_LEFT I_WALK I_TURN_LEFT I_TURN_LEFT I_TURN_LEFT I_TURN_LEFT
run right after turn right thrice	I_TURN_RIGHT I_TURN_RIGHT I_TURN_RIGHT I_TURN_RIGHT I_RUN
turn around right and run opposite left	I_TURN_RIGHT I_TURN_RIGHT I_TURN_RIGHT I_TURN_RIGHT I_TURN_LEFT I_TURN_LEFT I_RUN
look after turn right twice	I_TURN_RIGHT I_TURN_RIGHT I_LOOK
run opposite right thrice after look twice	I_LOOK I_LOOK I_TURN_RIGHT I_TURN_RIGHT I_RUN I_TURN_RIGHT I_TURN_RIGHT I_RUN I_TURN_RIGHT I_TURN_RIGHT I_RUN
walk opposite left thrice after walk left thrice	I_TURN_LEFT I_WALK I_TURN_LEFT I_WALK I_TURN_LEFT I_WALK I_TURN_LEFT I_TURN_LEFT I_WALK I_TURN_LEFT I_TURN_LEFT I_WALK I_TURN_LEFT I_TURN_LEFT I_WALK
run around left after walk right	I_TURN_RIGHT I_WALK I_TURN_LEFT I_RUN I_TURN_LEFT I_RUN I_TURN_LEFT I_RUN I_TURN_LEFT I_RUN
look around left twice and walk left thrice	I_TURN_LEFT I_LOOK I_TURN_LEFT I_LOOK I_TURN_LEFT I_LOOK I_TURN_LEFT I_LOOK I_TURN_LEFT I_LOOK I_TURN_LEFT I_LOOK I_TURN_LEFT I_LOOK I_TURN_LEFT I_LOOK I_TURN_LEFT I_WALK I_TURN_LEFT I_WALK I_TURN_LEFT I_WALK
look right thrice after look around left thrice	I_TURN_LEFT I_LOOK I_TURN_LEFT I_LOOK I_TURN_LEFT I_LOOK I_TURN_LEFT I_LOOK I_TURN_LEFT I_LOOK I_TURN_LEFT I_LOOK I_TURN_LEFT I_LOOK I_TURN_LEFT I_LOOK I_TURN_LEFT I_LOOK I_TURN_LEFT I_LOOK I_TURN_LEFT I_LOOK I_TURN_LEFT I_LOOK I_TURN_RIGHT I_LOOK I_TURN_RIGHT I_LOOK I_TURN_RIGHT I_LOOK
jump left thrice after look	I_LOOK I_TURN_LEFT I_JUMP I_TURN_LEFT I_JUMP I_TURN_LEFT I_JUMP
look left thrice after run opposite left thrice	I_TURN_LEFT I_TURN_LEFT I_RUN I_TURN_LEFT I_TURN_LEFT I_RUN I_TURN_LEFT I_TURN_LEFT I_RUN I_TURN_LEFT I_LOOK I_TURN_LEFT I_LOOK I_TURN_LEFT I_LOOK
walk opposite right twice and jump left	I_TURN_RIGHT I_TURN_RIGHT I_WALK I_TURN_RIGHT I_TURN_RIGHT I_WALK I_TURN_LEFT I_JUMP
run after run around right	I_TURN_RIGHT I_RUN I_TURN_RIGHT I_RUN I_TURN_RIGHT I_RUN I_TURN_RIGHT I_RUN I_RUN
turn left thrice after jump left thrice	I_TURN_LEFT I_JUMP I_TURN_LEFT I_JUMP I_TURN_LEFT I_JUMP I_TURN_LEFT I_TURN_LEFT I_TURN_LEFT
walk around right twice and walk thrice	I_TURN_RIGHT I_WALK I_TURN_RIGHT I_WALK I_TURN_RIGHT I_WALK I_TURN_RIGHT I_WALK I_TURN_RIGHT I_WALK I_TURN_RIGHT I_WALK I_TURN_RIGHT I_WALK I_TURN_RIGHT I_WALK I_WALK I_WALK I_WALK
jump opposite right after walk twice	I_WALK I_WALK I_TURN_RIGHT I_TURN_RIGHT I_JUMP
walk around right thrice after turn right twice	I_TURN_RIGHT I_TURN_RIGHT I_TURN_RIGHT I_WALK I_TURN_RIGHT I_WALK I_TURN_RIGHT I_WALK I_TURN_RIGHT I_WALK I_TURN_RIGHT I_WALK I_TURN_RIGHT I_WALK I_TURN_RIGHT I_WALK I_TURN_RIGHT I_WALK I_TURN_RIGHT I_WALK I_TURN_RIGHT I_WALK I_TURN_RIGHT I_WALK I_TURN_RIGHT I_WALK
walk left twice and jump right	I_TURN_LEFT I_WALK I_TURN_LEFT I_WALK I_TURN_RIGHT I_JUMP
run twice and jump right	I_RUN I_RUN I_TURN_RIGHT I_JUMP
turn opposite right after run right thrice	I_TURN_RIGHT I_RUN I_TURN_RIGHT I_RUN I_TURN_RIGHT I_RUN I_TURN_RIGHT I_TURN_RIGHT
jump opposite right thrice and run around left	I_TURN_RIGHT I_TURN_RIGHT I_JUMP I_TURN_RIGHT I_TURN_RIGHT I_JUMP I_TURN_RIGHT I_TURN_RIGHT I_JUMP I_TURN_LEFT I_RUN I_TURN_LEFT I_RUN I_TURN_LEFT I_RUN I_TURN_LEFT I_RUN
jump opposite left twice after jump opposite right thrice	I_TURN_RIGHT I_TURN_RIGHT I_JUMP I_TURN_RIGHT I_TURN_RIGHT I_JUMP I_TURN_RIGHT I_TURN_RIGHT I_JUMP I_TURN_LEFT I_TURN_LEFT I_JUMP I_TURN_LEFT I_TURN_LEFT I_JUMP
turn opposite left twice after turn left thrice	I_TURN_LEFT I_TURN_LEFT I_TURN_LEFT I_TURN_LEFT I_TURN_LEFT I_TURN_LEFT I_TURN_LEFT
look opposite left thrice and jump opposite right twice	I_TURN_LEFT I_TURN_LEFT I_LOOK I_TURN_LEFT I_TURN_LEFT I_LOOK I_TURN_LEFT I_TURN_LEFT I_LOOK I_TURN_RIGHT I_TURN_RIGHT I_JUMP I_TURN_RIGHT I_TURN_RIGHT I_JUMP
jump opposite right and walk around left twice	I_TURN_RIGHT I_TURN_RIGHT I_JUMP I_TURN_LEFT I_WALK I_TURN_LEFT I_WALK I_TURN_LEFT I_WALK I_TURN_LEFT I_WALK I_TURN_LEFT I_WALK I_TURN_LEFT I_WALK I_TURN_LEFT I_WALK I_TURN_LEFT I_WALK
turn right thrice and walk around right twice	I_TURN_RIGHT I_TURN_RIGHT I_TURN_RIGHT I_TURN_RIGHT I_WALK I_TURN_RIGHT I_WALK I_TURN_RIGHT I_WALK I_TURN_RIGHT I_WALK I_TURN_RIGHT I_WALK I_TURN_RIGHT I_WALK I_TURN_RIGHT I_WALK I_TURN_RIGHT I_WALK
look around left twice and run left	I_TURN_LEFT I_LOOK I_TURN_LEFT I_LOOK I_TURN_LEFT I_LOOK I_TURN_LEFT I_LOOK I_TURN_LEFT I_LOOK I_TURN_LEFT I_LOOK I_TURN_LEFT I_LOOK I_TURN_LEFT I_LOOK I_TURN_LEFT I_RUN
jump opposite right thrice after run left thrice	I_TURN_LEFT I_RUN I_TURN_LEFT I_RUN I_TURN_LEFT I_RUN I_TURN_RIGHT I_TURN_RIGHT I_JUMP I_TURN_RIGHT I_TURN_RIGHT I_JUMP I_TURN_RIGHT I_TURN_RIGHT I_JUMP
look twice after run thrice	I_RUN I_RUN I_RUN I_LOOK I_LOOK
run opposite left twice and look around left twice	I_TURN_LEFT I_TURN_LEFT I_RUN I_TURN_LEFT I_TURN_LEFT I_RUN I_TURN_LEFT I_LOOK I_TURN_LEFT I_LOOK I_TURN_LEFT I_LOOK I_TURN_LEFT I_LOOK I_TURN_LEFT I_LOOK I_TURN_LEFT I_LOOK I_TURN_LEFT I_LOOK I_TURN_LEFT I_LOOK
jump opposite left thrice and turn opposite right thrice	I_TURN_LEFT I_TURN_LEFT I_JUMP I_TURN_LEFT I_TURN_LEFT I_JUMP I_TURN_LEFT I_TURN_LEFT I_JUMP I_TURN_RIGHT I_TURN_RIGHT I_TURN_RIGHT I_TURN_RIGHT I_TURN_RIGHT I_TURN_RIGHT
run right and jump opposite left thrice	I_TURN_RIGHT I_RUN I_TURN_LEFT I_TURN_LEFT I_JUMP I_TURN_LEFT I_TURN_LEFT I_JUMP I_TURN_LEFT I_TURN_LEFT I_JUMP
run around left thrice after turn opposite left twice	I_TURN_LEFT I_TURN_LEFT I_TURN_LEFT I_TURN_LEFT I_TURN_LEFT I_RUN I_TURN_LEFT I_RUN I_TURN_LEFT I_RUN I_TURN_LEFT I_RUN I_TURN_LEFT I_RUN I_TURN_LEFT I_RUN I_TURN_LEFT I_RUN I_TURN_LEFT I_RUN I_TURN_LEFT I_RUN I_TURN_LEFT I_RUN I_TURN_LEFT I_RUN I_TURN_LEFT I_RUN
run right twice after jump around left twice	I_TURN_LEFT I_JUMP I_TURN_LEFT I_JUMP I_TURN_LEFT I_JUMP I_TURN_LEFT I_JUMP I_TURN_LEFT I_JUMP I_TURN_LEFT I_JUMP I_TURN_LEFT I_JUMP I_TURN_LEFT I_JUMP I_TURN_RIGHT I_RUN I_TURN_RIGHT I_RUN
run around left and turn opposite left	I_TURN_LEFT I_RUN I_TURN_LEFT I_RUN I_TURN_LEFT I_RUN I_TURN_LEFT I_RUN I_TURN_LEFT I_TURN_LEFT
look around right after run right thrice	I_TURN_RIGHT I_RUN I_TURN_RIGHT I_RUN I_TURN_RIGHT I_RUN I_TURN_RIGHT I_LOOK I_TURN_RIGHT I_LOOK I_TURN_RIGHT I_LOOK I_TURN_RIGHT I_LOOK
turn right thrice after turn opposite right	I_TURN_RIGHT I_TURN_RIGHT I_TURN_RIGHT I_TURN_RIGHT I_TURN_RIGHT
look left thrice after run around left	I_TURN_LEFT I_RUN I_TURN_LEFT I_RUN I_TURN_LEFT I_RUN I_TURN_LEFT I_RUN I_TURN_LEFT I_LOOK I_TURN_LEFT I_LOOK I_TURN_LEFT I_LOOK
look right thrice and walk left twice	I_TURN_RIGHT I_LOOK I_TURN_RIGHT I_LOOK I_TURN_RIGHT I_LOOK I_TURN_LEFT I_WALK I_TURN_LEFT I_WALK
walk around right twice and walk opposite left twice	I_TURN_RIGHT I_WALK I_TURN_RIGHT I_WALK I_TURN_RIGHT I_WALK I_TURN_RIGHT I_WALK I_TURN_RIGHT I_WALK I_TURN_RIGHT I_WALK I_TURN_RIGHT I_WALK I_TURN_RIGHT I_WALK I_TURN_LEFT I_TURN_LEFT I_WALK I_TURN_LEFT I_TURN_LEFT I_WALK
run opposite left after jump twice	I_JUMP I_JUMP I_TURN_LEFT I_TURN_LEFT I_RUN
turn opposite right twice and walk around right twice	I_TURN_RIGHT I_TURN_RIGHT I_TURN_RIGHT I_TURN_RIGHT I_TURN_RIGHT I_WALK I_TURN_RIGHT I_WALK I_TURN_RIGHT I_WALK I_TURN_RIGHT I_WALK I_TURN_RIGHT I_WALK I_TURN_RIGHT I_WALK I_TURN_RIGHT I_WALK I_TURN_RIGHT I_WALK
look around left after run opposite left twice	I_TURN_LEFT I_TURN_LEFT I_RUN I_TURN_LEFT I_TURN_LEFT I_RUN I_TURN_LEFT I_LOOK I_TURN_LEFT I_LOOK I_TURN_LEFT I_LOOK I_TURN_LEFT I_LOOK
run left twice and look around left thrice	I_TURN_LEFT I_RUN I_TURN_LEFT I_RUN I_TURN_LEFT I_LOOK I_TURN_LEFT I_LOOK I_TURN_LEFT I_LOOK I_TURN_LEFT I_LOOK I_TURN_LEFT I_LOOK I_TURN_LEFT I_LOOK I_TURN_LEFT I_LOOK I_TURN_LEFT I_LOOK I_TURN_LEFT I_LOOK I_TURN_LEFT I_LOOK I_TURN_LEFT I_LOOK I_TURN_LEFT I_LOOK
turn left twice and run around right thrice	I_TURN_LEFT I_TURN_LEFT I_TURN_RIGHT I_RUN I_TURN_RIGHT I_RUN I_TURN_RIGHT I_RUN I_TURN_RIGHT I_RUN I_TURN_RIGHT I_RUN I_TURN_RIGHT I_RUN I_TURN_RIGHT I_RUN I_TURN_RIGHT I_RUN I_TURN_RIGHT I_RUN I_TURN_RIGHT I_RUN I_TURN_RIGHT I_RUN I_TURN_RIGHT I_RUN
walk right and look opposite left twice	I_TURN_RIGHT I_WALK I_TURN_LEFT I_TURN_LEFT I_LOOK I_TURN_LEFT I_TURN_LEFT I_LOOK
jump left after jump	I_JUMP I_TURN_LEFT I_JUMP
run around right after run thrice	I_RUN I_RUN I_RUN I_TURN_RIGHT I_RUN I_TURN_RIGHT I_RUN I_TURN_RIGHT I_RUN I_TURN_RIGHT I_RUN
run opposite right twice and walk left twice	I_TURN_RIGHT I_TURN_RIGHT I_RUN I_TURN_RIGHT I_TURN_RIGHT I_RUN I_TURN_LEFT I_WALK I_TURN_LEFT I_WALK
walk left twice after turn around left twice	I_TURN_LEFT I_TURN_LEFT I_TURN_LEFT I_TURN_LEFT I_TURN_LEFT I_TURN_LEFT I_TURN_LEFT I_TURN_LEFT I_TURN_LEFT I_WALK I_TURN_LEFT I_WALK
walk right twice and walk around left	I_TURN_RIGHT I_WALK I_TURN_RIGHT I_WALK I_TURN_LEFT I_WALK I_TURN_LEFT I_WALK I_TURN_LEFT I_WALK I_TURN_LEFT I_WALK
turn left twice after look around right thrice	I_TURN_RIGHT I_LOOK I_TURN_RIGHT I_LOOK I_TURN_RIGHT I_LOOK I_TURN_RIGHT I_LOOK I_TURN_RIGHT I_LOOK I_TURN_RIGHT I_LOOK I_TURN_RIGHT I_LOOK I_TURN_RIGHT I_LOOK I_TURN_RIGHT I_LOOK I_TURN_RIGHT I_LOOK I_TURN_RIGHT I_LOOK I_TURN_RIGHT I_LOOK I_TURN_LEFT I_TURN_LEFT
walk opposite left after turn opposite left	I_TURN_LEFT I_TURN_LEFT I_TURN_LEFT I_TURN_LEFT I_WALK
walk left twice after run opposite left twice	I_TURN_LEFT I_TURN_LEFT I_RUN I_TURN_LEFT I_TURN_LEFT I_RUN I_TURN_LEFT I_WALK I_TURN_LEFT I_WALK
turn around left twice and look around left twice	I_TURN_LEFT I_TURN_LEFT I_TURN_LEFT I_TURN_LEFT I_TURN_LEFT I_TURN_LEFT I_TURN_LEFT I_TURN_LEFT I_TURN_LEFT I_LOOK I_TURN_LEFT I_LOOK I_TURN_LEFT I_LOOK I_TURN_LEFT I_LOOK I_TURN_LEFT I_LOOK I_TURN_LEFT I_LOOK I_TURN_LEFT I_LOOK I_TURN_LEFT I_LOOK
run and look around right	I_RUN I_TURN_RIGHT I_LOOK I_TURN_RIGHT I_LOOK I_TURN_RIGHT I_LOOK I_TURN_RIGHT I_LOOK
look around left twice after run left thrice	I_TURN_LEFT I_RUN I_TURN_LEFT I_RUN I_TURN_LEFT I_RUN I_TURN_LEFT I_LOOK I_TURN_LEFT I_LOOK I_TURN_LEFT I_LOOK I_TURN_LEFT I_LOOK I_TURN_LEFT I_LOOK I_TURN_LEFT I_LOOK I_TURN_LEFT I_LOOK I_TURN_LEFT I_LOOK
jump left thrice and jump twice	I_TURN_LEFT I_JUMP I_TURN_LEFT I_JUMP I_TURN_LEFT I_JUMP I_JUMP I_JUMP
run after walk opposite left	I_TURN_LEFT I_TURN_LEFT I_WALK I_RUN
run around right twice and jump opposite right thrice	I_TURN_RIGHT I_RUN I_TURN_RIGHT I_RUN I_TURN_RIGHT I_RUN I_TURN_RIGHT I_RUN I_TURN_RIGHT I_RUN I_TURN_RIGHT I_RUN I_TURN_RIGHT I_RUN I_TURN_RIGHT I_RUN I_TURN_RIGHT I_TURN_RIGHT I_JUMP I_TURN_RIGHT I_TURN_RIGHT I_JUMP I_TURN_RIGHT I_TURN_RIGHT I_JUMP
turn around left and walk right thrice	I_TURN_LEFT I_TURN_LEFT I_TURN_LEFT I_TURN_LEFT I_TURN_RIGHT I_WALK I_TURN_RIGHT I_WALK I_TURN_RIGHT I_WALK
walk right after look opposite right	I_TURN_RIGHT I_TURN_RIGHT I_LOOK I_TURN_RIGHT I_WALK
run	I_RUN
walk around left thrice and jump around left twice	I_TURN_LEFT I_WALK I_TURN_LEFT I_WALK I_TURN_LEFT I_WALK I_TURN_LEFT I_WALK I_TURN_LEFT I_WALK I_TURN_LEFT I_WALK I_TURN_LEFT I_WALK I_TURN_LEFT I_WALK I_TURN_LEFT I_WALK I_TURN_LEFT I_WALK I_TURN_LEFT I_WALK I_TURN_LEFT I_WALK I_TURN_LEFT I_JUMP I_TURN_LEFT I_JUMP I_TURN_LEFT I_JUMP I_TURN_LEFT I_JUMP I_TURN_LEFT I_JUMP I_TURN_LEFT I_JUMP I_TURN_LEFT I_JUMP I_TURN_LEFT I_JUMP
run opposite right thrice after run opposite left	I_TURN_LEFT I_TURN_LEFT I_RUN I_TURN_RIGHT I_TURN_RIGHT I_RUN I_TURN_RIGHT I_TURN_RIGHT I_RUN I_TURN_RIGHT I_TURN_RIGHT I_RUN
turn around right after walk opposite right	I_TURN_RIGHT I_TURN_RIGHT I_WALK I_TURN_RIGHT I_TURN_RIGHT I_TURN_RIGHT I_TURN_RIGHT
run opposite left twice and run thrice	I_TURN_LEFT I_TURN_LEFT I_RUN I_TURN_LEFT I_TURN_LEFT I_RUN I_RUN I_RUN I_RUN
run around right and walk opposite right twice	I_TURN_RIGHT I_RUN I_TURN_RIGHT I_RUN I_TURN_RIGHT I_RUN I_TURN_RIGHT I_RUN I_TURN_RIGHT I_TURN_RIGHT I_WALK I_TURN_RIGHT I_TURN_RIGHT I_WALK
walk thrice after jump around right thrice	I_TURN_RIGHT I_JUMP I_TURN_RIGHT I_JUMP I_TURN_RIGHT I_JUMP I_TURN_RIGHT I_JUMP I_TURN_RIGHT I_JUMP I_TURN_RIGHT I_JUMP I_TURN_RIGHT I_JUMP I_TURN_RIGHT I_JUMP I_TURN_RIGHT I_JUMP I_TURN_RIGHT I_JUMP I_TURN_RIGHT I_JUMP I_TURN_RIGHT I_JUMP I_WALK I_WALK I_WALK
walk opposite right thrice and run opposite left	I_TURN_RIGHT I_TURN_RIGHT I_WALK I_TURN_RIGHT I_TURN_RIGHT I_WALK I_TURN_RIGHT I_TURN_RIGHT I_WALK I_TURN_LEFT I_TURN_LEFT I_RUN
look opposite right thrice after run opposite right thrice	I_TURN_RIGHT I_TURN_RIGHT I_RUN I_TURN_RIGHT I_TURN_RIGHT I_RUN I_TURN_RIGHT I_TURN_RIGHT I_RUN I_TURN_RIGHT I_TURN_RIGHT I_LOOK I_TURN_RIGHT I_TURN_RIGHT I_LOOK I_TURN_RIGHT I_TURN_RIGHT I_LOOK
jump right twice after walk around left thrice	I_TURN_LEFT I_WALK I_TURN_LEFT I_WALK I_TURN_LEFT I_WALK I_TURN_LEFT I_WALK I_TURN_LEFT I_WALK I_TURN_LEFT I_WALK I_TURN_LEFT I_WALK I_TURN_LEFT I_WALK I_TURN_LEFT I_WALK I_TURN_LEFT I_WALK I_TURN_LEFT I_WALK I_TURN_LEFT I_WALK I_TURN_RIGHT I_JUMP I_TURN_RIGHT I_JUMP
walk opposite left twice and run around right thrice	I_TURN_LEFT I_TURN_LEFT I_WALK I_TURN_LEFT I_TURN_LEFT I_WALK I_TURN_RIGHT I_RUN I_TURN_RIGHT I_RUN I_TURN_RIGHT I_RUN I_TURN_RIGHT I_RUN I_TURN_RIGHT I_RUN I_TURN_RIGHT I_RUN I_TURN_RIGHT I_RUN I_TURN_RIGHT I_RUN I_TURN_RIGHT I_RUN I_TURN_RIGHT I_RUN I_TURN_RIGHT I_RUN I_TURN_RIGHT I_RUN
look opposite right and jump right thrice	I_TURN_RIGHT I_TURN_RIGHT I_LOOK I_TURN_RIGHT I_JUMP I_TURN_RIGHT I_JUMP I_TURN_RIGHT I_JUMP
look after jump left twice	I_TURN_LEFT I_JUMP I_TURN_LEFT I_JUMP I_LOOK
turn opposite right thrice and run left	I_TURN_RIGHT I_TURN_RIGHT I_TURN_RIGHT I_TURN_RIGHT I_TURN_RIGHT I_TURN_RIGHT I_TURN_LEFT I_RUN
jump right twice and jump around left twice	I_TURN_RIGHT I_JUMP I_TURN_RIGHT I_JUMP I_TURN_LEFT I_JUMP I_TURN_LEFT I_JUMP I_TURN_LEFT I_JUMP I_TURN_LEFT I_JUMP I_TURN_LEFT I_JUMP I_TURN_LEFT I_JUMP I_TURN_LEFT I_JUMP I_TURN_LEFT I_JUMP
walk twice and walk opposite left thrice	I_WALK I_WALK I_TURN_LEFT I_TURN_LEFT I_WALK I_TURN_LEFT I_TURN_LEFT I_WALK I_TURN_LEFT I_TURN_LEFT I_WALK
jump twice and turn opposite left twice	I_JUMP I_JUMP I_TURN_LEFT I_TURN_LEFT I_TURN_LEFT I_TURN_LEFT
turn opposite left twice after walk opposite left thrice	I_TURN_LEFT I_TURN_LEFT I_WALK I_TURN_LEFT I_TURN_LEFT I_WALK I_TURN_LEFT I_TURN_LEFT I_WALK I_TURN_LEFT I_TURN_LEFT I_TURN_LEFT I_TURN_LEFT
jump around left and walk left twice	I_TURN_LEFT I_JUMP I_TURN_LEFT I_JUMP I_TURN_LEFT I_JUMP I_TURN_LEFT I_JUMP I_TURN_LEFT I_WALK I_TURN_LEFT I_WALK
run around left thrice and jump opposite left thrice	I_TURN_LEFT I_RUN I_TURN_LEFT I_RUN I_TURN_LEFT I_RUN I_TURN_LEFT I_RUN I_TURN_LEFT I_RUN I_TURN_LEFT I_RUN I_TURN_LEFT I_RUN I_TURN_LEFT I_RUN I_TURN_LEFT I_RUN I_TURN_LEFT I_RUN I_TURN_LEFT I_RUN I_TURN_LEFT I_RUN I_TURN_LEFT I_TURN_LEFT I_JUMP I_TURN_LEFT I_TURN_LEFT I_JUMP I_TURN_LEFT I_TURN_LEFT I_JUMP
run right thrice and walk thrice	I_TURN_RIGHT I_RUN I_TURN_RIGHT I_RUN I_TURN_RIGHT I_RUN I_WALK I_WALK I_WALK
look opposite right twice and walk left twice	I_TURN_RIGHT I_TURN_RIGHT I_LOOK I_TURN_RIGHT I_TURN_RIGHT I_LOOK I_TURN_LEFT I_WALK I_TURN_LEFT I_WALK
jump twice after look opposite left thrice	I_TURN_LEFT I_TURN_LEFT I_LOOK I_TURN_LEFT I_TURN_LEFT I_LOOK I_TURN_LEFT I_TURN_LEFT I_LOOK I_JUMP I_JUMP
turn opposite right twice after look around left	I_TURN_LEFT I_LOOK I_TURN_LEFT I_LOOK I_TURN_LEFT I_LOOK I_TURN_LEFT I_LOOK I_TURN_RIGHT I_TURN_RIGHT I_TURN_RIGHT I_TURN_RIGHT
look around left and turn opposite left twice	I_TURN_LEFT I_LOOK I_TURN_LEFT I_LOOK I_TURN_LEFT I_LOOK I_TURN_LEFT I_LOOK I_TURN_LEFT I_TURN_LEFT I_TURN_LEFT I_TURN_LEFT
walk opposite left twice and look around left thrice	I_TURN_LEFT I_TURN_LEFT I_WALK I_TURN_LEFT I_TURN_LEFT I_WALK I_TURN_LEFT I_LOOK I_TURN_LEFT I_LOOK I_TURN_LEFT I_LOOK I_TURN_LEFT I_LOOK I_TURN_LEFT I_LOOK I_TURN_LEFT I_LOOK I_TURN_LEFT I_LOOK I_TURN_LEFT I_LOOK I_TURN_LEFT I_LOOK I_TURN_LEFT I_LOOK I_TURN_LEFT I_LOOK I_TURN_LEFT I_LOOK
turn opposite left thrice after walk around right thrice	I_TURN_RIGHT I_WALK I_TURN_RIGHT I_WALK I_TURN_RIGHT I_WALK I_TURN_RIGHT I_WALK I_TURN_RIGHT I_WALK I_TURN_RIGHT I_WALK I_TURN_RIGHT I_WALK I_TURN_RIGHT I_WALK I_TURN_RIGHT I_WALK I_TURN_RIGHT I_WALK I_TURN_RIGHT I_WALK I_TURN_RIGHT I_WALK I_TURN_LEFT I_TURN_LEFT I_TURN_LEFT I_TURN_LEFT I_TURN_LEFT I_TURN_LEFT
run around right twice and turn around right thrice	I_TURN_RIGHT I_RUN I_TURN_RIGHT I_RUN I_TURN_RIGHT I_RUN I_TURN_RIGHT I_RUN I_TURN_RIGHT I_RUN I_TURN_RIGHT I_RUN I_TURN_RIGHT I_RUN I_TURN_RIGHT I_RUN I_TURN_RIGHT I_TURN_RIGHT I_TURN_RIGHT I_TURN_RIGHT I_TURN_RIGHT I_TURN_RIGHT I_TURN_RIGHT I_TURN_RIGHT I_TURN_RIGHT I_TURN_RIGHT I_TURN_RIGHT I_TURN_RIGHT
turn around right after jump left	I_TURN_LEFT I_JUMP I_TURN_RIGHT I_TURN_RIGHT I_TURN_RIGHT I_TURN_RIGHT
look around right thrice	I_TURN_RIGHT I_LOOK I_TURN_RIGHT I_LOOK I_TURN_RIGHT I_LOOK I_TURN_RIGHT I_LOOK I_TURN_RIGHT I_LOOK I_TURN_RIGHT I_LOOK I_TURN_RIGHT I_LOOK I_TURN_RIGHT I_LOOK I_TURN_RIGHT I_LOOK I_TURN_RIGHT I_LOOK I_TURN_RIGHT I_LOOK I_TURN_RIGHT I_LOOK
run after jump around right	I_TURN_RIGHT I_JUMP I_TURN_RIGHT I_JUMP I_TURN_RIGHT I_JUMP I_TURN_RIGHT I_JUMP I_RUN
jump and walk around right	I_JUMP I_TURN_RIGHT I_WALK I_TURN_RIGHT I_WALK I_TURN_RIGHT I_WALK I_TURN_RIGHT I_WALK
look twice after turn left thrice	I_TURN_LEFT I_TURN_LEFT I_TURN_LEFT I_LOOK I_LOOK
run thrice after look left twice	I_TURN_LEFT I_LOOK I_TURN_LEFT I_LOOK I_RUN I_RUN I_RUN
jump opposite right thrice and walk right twice	I_TURN_RIGHT I_TURN_RIGHT I_JUMP I_TURN_RIGHT I_TURN_RIGHT I_JUMP I_TURN_RIGHT I_TURN_RIGHT I_JUMP I_TURN_RIGHT I_WALK I_TURN_RIGHT I_WALK
turn left after jump right	I_TURN_RIGHT I_JUMP I_TURN_LEFT
look opposite left after jump opposite right twice	I_TURN_RIGHT I_TURN_RIGHT I_JUMP I_TURN_RIGHT I_TURN_RIGHT I_JUMP I_TURN_LEFT I_TURN_LEFT I_LOOK
run right twice and look left thrice	I_TURN_RIGHT I_RUN I_TURN_RIGHT I_RUN I_TURN_LEFT I_LOOK I_TURN_LEFT I_LOOK I_TURN_LEFT I_LOOK
turn left twice after run right twice	I_TURN_RIGHT I_RUN I_TURN_RIGHT I_RUN I_TURN_LEFT I_TURN_LEFT
look opposite right twice and run opposite right twice	I_TURN_RIGHT I_TURN_RIGHT I_LOOK I_TURN_RIGHT I_TURN_RIGHT I_LOOK I_TURN_RIGHT I_TURN_RIGHT I_RUN I_TURN_RIGHT I_TURN_RIGHT I_RUN
turn around right thrice and jump twice	I_TURN_RIGHT I_TURN_RIGHT I_TURN_RIGHT I_TURN_RIGHT I_TURN_RIGHT I_TURN_RIGHT I_TURN_RIGHT I_TURN_RIGHT I_TURN_RIGHT I_TURN_RIGHT I_TURN_RIGHT I_TURN_RIGHT I_JUMP I_JUMP
run twice after turn opposite left	I_TURN_LEFT I_TURN_LEFT I_RUN I_RUN
jump around left after turn around left	I_TURN_LEFT I_TURN_LEFT I_TURN_LEFT I_TURN_LEFT I_TURN_LEFT I_JUMP I_TURN_LEFT I_JUMP I_TURN_LEFT I_JUMP I_TURN_LEFT I_JUMP
turn around left and look twice	I_TURN_LEFT I_TURN_LEFT I_TURN_LEFT I_TURN_LEFT I_LOOK I_LOOK
jump around left thrice after jump around left	I_TURN_LEFT I_JUMP I_TURN_LEFT I_JUMP I_TURN_LEFT I_JUMP I_TURN_LEFT I_JUMP I_TURN_LEFT I_JUMP I_TURN_LEFT I_JUMP I_TURN_LEFT I_JUMP I_TURN_LEFT I_JUMP I_TURN_LEFT I_JUMP I_TURN_LEFT I_JUMP I_TURN_LEFT I_JUMP I_TURN_LEFT I_JUMP I_TURN_LEFT I_JUMP I_TURN_LEFT I_JUMP I_TURN_LEFT I_JUMP I_TURN_LEFT I_JUMP
run left twice and look opposite right twice	I_TURN_LEFT I_RUN I_TURN_LEFT I_RUN I_TURN_RIGHT I_TURN_RIGHT I_LOOK I_TURN_RIGHT I_TURN_RIGHT I_LOOK
run opposite right after turn around right	I_TURN_RIGHT I_TURN_RIGHT I_TURN_RIGHT I_TURN_RIGHT I_TURN_RIGHT I_TURN_RIGHT I_RUN
turn left twice after look right thrice	I_TURN_RIGHT I_LOOK I_TURN_RIGHT I_LOOK I_TURN_RIGHT I_LOOK I_TURN_LEFT I_TURN_LEFT
turn right thrice after turn left	I_TURN_LEFT I_TURN_RIGHT I_TURN_RIGHT I_TURN_RIGHT
turn around right and walk right thrice	I_TURN_RIGHT I_TURN_RIGHT I_TURN_RIGHT I_TURN_RIGHT I_TURN_RIGHT I_WALK I_TURN_RIGHT I_WALK I_TURN_RIGHT I_WALK
walk and jump opposite left twice	I_WALK I_TURN_LEFT I_TURN_LEFT I_JUMP I_TURN_LEFT I_TURN_LEFT I_JUMP
look left after look opposite left thrice	I_TURN_LEFT I_TURN_LEFT I_LOOK I_TURN_LEFT I_TURN_LEFT I_LOOK I_TURN_LEFT I_TURN_LEFT I_LOOK I_TURN_LEFT I_LOOK
jump right twice and run opposite left	I_TURN_RIGHT I_JUMP I_TURN_RIGHT I_JUMP I_TURN_LEFT I_TURN_LEFT I_RUN
look opposite left after look around left	I_TURN_LEFT I_LOOK I_TURN_LEFT I_LOOK I_TURN_LEFT I_LOOK I_TURN_LEFT I_LOOK I_TURN_LEFT I_TURN_LEFT I_LOOK
run around right thrice and look opposite left	I_TURN_RIGHT I_RUN I_TURN_RIGHT I_RUN I_TURN_RIGHT I_RUN I_TURN_RIGHT I_RUN I_TURN_RIGHT I_RUN I_TURN_RIGHT I_RUN I_TURN_RIGHT I_RUN I_TURN_RIGHT I_RUN I_TURN_RIGHT I_RUN I_TURN_RIGHT I_RUN I_TURN_RIGHT I_RUN I_TURN_RIGHT I_RUN I_TURN_LEFT I_TURN_LEFT I_LOOK
walk opposite left thrice and turn around right	I_TURN_LEFT I_TURN_LEFT I_WALK I_TURN_LEFT I_TURN_LEFT I_WALK I_TURN_LEFT I_TURN_LEFT I_WALK I_TURN_RIGHT I_TURN_RIGHT I_TURN_RIGHT I_TURN_RIGHT
look left thrice and turn opposite right thrice	I_TURN_LEFT I_LOOK I_TURN_LEFT I_LOOK I_TURN_LEFT I_LOOK I_TURN_RIGHT I_TURN_RIGHT I_TURN_RIGHT I_TURN_RIGHT I_TURN_RIGHT I_TURN_RIGHT
turn around right thrice and walk around right thrice	I_TURN_RIGHT I_TURN_RIGHT I_TURN_RIGHT I_TURN_RIGHT I_TURN_RIGHT I_TURN_RIGHT I_TURN_RIGHT I_TURN_RIGHT I_TURN_RIGHT I_TURN_RIGHT I_TURN_RIGHT I_TURN_RIGHT I_TURN_RIGHT I_WALK I_TURN_RIGHT I_WALK I_TURN_RIGHT I_WALK I_TURN_RIGHT I_WALK I_TURN_RIGHT I_WALK I_TURN_RIGHT I_WALK I_TURN_RIGHT I_WALK I_TURN_RIGHT I_WALK I_TURN_RIGHT I_WALK I_TURN_RIGHT I_WALK I_TURN_RIGHT I_WALK I_TURN_RIGHT I_WALK
run opposite right and look	I_TURN_RIGHT I_TURN_RIGHT I_RUN I_LOOK
turn right thrice after run opposite left thrice	I_TURN_LEFT I_TURN_LEFT I_RUN I_TURN_LEFT I_TURN_LEFT I_RUN I_TURN_LEFT I_TURN_LEFT I_RUN I_TURN_RIGHT I_TURN_RIGHT I_TURN_RIGHT
jump left twice after jump opposite right twice	I_TURN_RIGHT I_TURN_RIGHT I_JUMP I_TURN_RIGHT I_TURN_RIGHT I_JUMP I_TURN_LEFT I_JUMP I_TURN_LEFT I_JUMP
run opposite right after jump opposite right twice	I_TURN_RIGHT I_TURN_RIGHT I_JUMP I_TURN_RIGHT I_TURN_RIGHT I_JUMP I_TURN_RIGHT I_TURN_RIGHT I_RUN
walk thrice and run left	I_WALK I_WALK I_WALK I_TURN_LEFT I_RUN
turn right twice and run thrice	I_TURN_RIGHT I_TURN_RIGHT I_RUN I_RUN I_RUN
walk around left and run around left twice	I_TURN_LEFT I_WALK I_TURN_LEFT I_WALK I_TURN_LEFT I_WALK I_TURN_LEFT I_WALK I_TURN_LEFT I_RUN I_TURN_LEFT I_RUN I_TURN_LEFT I_RUN I_TURN_LEFT I_RUN I_TURN_LEFT I_RUN I_TURN_LEFT I_RUN I_TURN_LEFT I_RUN I_TURN_LEFT I_RUN
walk left thrice after run opposite left twice	I_TURN_LEFT I_TURN_LEFT I_RUN I_TURN_LEFT I_TURN_LEFT I_RUN I_TURN_LEFT I_WALK I_TURN_LEFT I_WALK I_TURN_LEFT I_WALK
jump opposite left twice and walk left thrice	I_TURN_LEFT I_TURN_LEFT I_JUMP I_TURN_LEFT I_TURN_LEFT I_JUMP I_TURN_LEFT I_WALK I_TURN_LEFT I_WALK I_TURN_LEFT I_WALK
jump right twice and jump twice	I_TURN_RIGHT I_JUMP I_TURN_RIGHT I_JUMP I_JUMP I_JUMP
turn around left after run around left	I_TURN_LEFT I_RUN I_TURN_LEFT I_RUN I_TURN_LEFT I_RUN I_TURN_LEFT I_RUN I_TURN_LEFT I_TURN_LEFT I_TURN_LEFT I_TURN_LEFT
jump left twice and walk twice	I_TURN_LEFT I_JUMP I_TURN_LEFT I_JUMP I_WALK I_WALK
walk opposite right thrice and jump thrice	I_TURN_RIGHT I_TURN_RIGHT I_WALK I_TURN_RIGHT I_TURN_RIGHT I_WALK I_TURN_RIGHT I_TURN_RIGHT I_WALK I_JUMP I_JUMP I_JUMP
walk left twice and turn right twice	I_TURN_LEFT I_WALK I_TURN_LEFT I_WALK I_TURN_RIGHT I_TURN_RIGHT
look twice and look right twice	I_LOOK I_LOOK I_TURN_RIGHT I_LOOK I_TURN_RIGHT I_LOOK
run right thrice after jump opposite right twice	I_TURN_RIGHT I_TURN_RIGHT I_JUMP I_TURN_RIGHT I_TURN_RIGHT I_JUMP I_TURN_RIGHT I_RUN I_TURN_RIGHT I_RUN I_TURN_RIGHT I_RUN
turn around left twice after jump	I_JUMP I_TURN_LEFT I_TURN_LEFT I_TURN_LEFT I_TURN_LEFT I_TURN_LEFT I_TURN_LEFT I_TURN_LEFT I_TURN_LEFT
look around left twice after look right	I_TURN_RIGHT I_LOOK I_TURN_LEFT I_LOOK I_TURN_LEFT I_LOOK I_TURN_LEFT I_LOOK I_TURN_LEFT I_LOOK I_TURN_LEFT I_LOOK I_TURN_LEFT I_LOOK I_TURN_LEFT I_LOOK I_TURN_LEFT I_LOOK
walk right thrice and jump around right	I_TURN_RIGHT I_WALK I_TURN_RIGHT I_WALK I_TURN_RIGHT I_WALK I_TURN_RIGHT I_JUMP I_TURN_RIGHT I_JUMP I_TURN_RIGHT I_JUMP I_TURN_RIGHT I_JUMP
jump and look left	I_JUMP I_TURN_LEFT I_LOOK
turn opposite right thrice and turn around left thrice	I_TURN_RIGHT I_TURN_RIGHT I_TURN_RIGHT I_TURN_RIGHT I_TURN_RIGHT I_TURN_RIGHT I_TURN_LEFT I_TURN_LEFT I_TURN_LEFT I_TURN_LEFT I_TURN_LEFT I_TURN_LEFT I_TURN_LEFT I_TURN_LEFT I_TURN_LEFT I_TURN_LEFT I_TURN_LEFT I_TURN_LEFT
turn left and run around left twice	I_TURN_LEFT I_TURN_LEFT I_RUN I_TURN_LEFT I_RUN I_TURN_LEFT I_RUN I_TURN_LEFT I_RUN I_TURN_LEFT I_RUN I_TURN_LEFT I_RUN I_TURN_LEFT I_RUN I_TURN_LEFT I_RUN
turn right thrice after jump around right twice	I_TURN_RIGHT I_JUMP I_TURN_RIGHT I_JUMP I_TURN_RIGHT I_JUMP I_TURN_RIGHT I_JUMP I_TURN_RIGHT I_JUMP I_TURN_RIGHT I_JUMP I_TURN_RIGHT I_JUMP I_TURN_RIGHT I_JUMP I_TURN_RIGHT I_TURN_RIGHT I_TURN_RIGHT
look left thrice and jump left thrice	I_TURN_LEFT I_LOOK I_TURN_LEFT I_LOOK I_TURN_LEFT I_LOOK I_TURN_LEFT I_JUMP I_TURN_LEFT I_JUMP I_TURN_LEFT I_JUMP
turn around left twice after turn right	I_TURN_RIGHT I_TURN_LEFT I_TURN_LEFT I_TURN_LEFT I_TURN_LEFT I_TURN_LEFT I_TURN_LEFT I_TURN_LEFT I_TURN_LEFT
walk left twice after look opposite left thrice	I_TURN_LEFT I_TURN_LEFT I_LOOK I_TURN_LEFT I_TURN_LEFT I_LOOK I_TURN_LEFT I_TURN_LEFT I_LOOK I_TURN_LEFT I_WALK I_TURN_LEFT I_WALK
walk around left thrice	I_TURN_LEFT I_WALK I_TURN_LEFT I_WALK I_TURN_LEFT I_WALK I_TURN_LEFT I_WALK I_TURN_LEFT I_WALK I_TURN_LEFT I_WALK I_TURN_LEFT I_WALK I_TURN_LEFT I_WALK I_TURN_LEFT I_WALK I_TURN_LEFT I_WALK I_TURN_LEFT I_WALK I_TURN_LEFT I_WALK
run opposite right thrice after walk left	I_TURN_LEFT I_WALK I_TURN_RIGHT I_TURN_RIGHT I_RUN I_TURN_RIGHT I_TURN_RIGHT I_RUN I_TURN_RIGHT I_TURN_RIGHT I_RUN
jump right after look	I_LOOK I_TURN_RIGHT I_JUMP
walk twice after jump opposite left	I_TURN_LEFT I_TURN_LEFT I_JUMP I_WALK I_WALK
run opposite right after look right thrice	I_TURN_RIGHT I_LOOK I_TURN_RIGHT I_LOOK I_TURN_RIGHT I_LOOK I_TURN_RIGHT I_TURN_RIGHT I_RUN
run left thrice and walk left thrice	I_TURN_LEFT I_RUN I_TURN_LEFT I_RUN I_TURN_LEFT I_RUN I_TURN_LEFT I_WALK I_TURN_LEFT I_WALK I_TURN_LEFT I_WALK
jump around right twice and turn opposite right	I_TURN_RIGHT I_JUMP I_TURN_RIGHT I_JUMP I_TURN_RIGHT I_JUMP I_TURN_RIGHT I_JUMP I_TURN_RIGHT I_JUMP I_TURN_RIGHT I_JUMP I_TURN_RIGHT I_JUMP I_TURN_RIGHT I_JUMP I_TURN_RIGHT I_TURN_RIGHT
look around left twice and jump	I_TURN_LEFT I_LOOK I_TURN_LEFT I_LOOK I_TURN_LEFT I_LOOK I_TURN_LEFT I_LOOK I_TURN_LEFT I_LOOK I_TURN_LEFT I_LOOK I_TURN_LEFT I_LOOK I_TURN_LEFT I_LOOK I_JUMP
jump thrice and walk around left twice	I_JUMP I_JUMP I_JUMP I_TURN_LEFT I_WALK I_TURN_LEFT I_WALK I_TURN_LEFT I_WALK I_TURN_LEFT I_WALK I_TURN_LEFT I_WALK I_TURN_LEFT I_WALK I_TURN_LEFT I_WALK I_TURN_LEFT I_WALK
look around right thrice after run thrice	I_RUN I_RUN I_RUN I_TURN_RIGHT I_LOOK I_TURN_RIGHT I_LOOK I_TURN_RIGHT I_LOOK I_TURN_RIGHT I_LOOK I_TURN_RIGHT I_LOOK I_TURN_RIGHT I_LOOK I_TURN_RIGHT I_LOOK I_TURN_RIGHT I_LOOK I_TURN_RIGHT I_LOOK I_TURN_RIGHT I_LOOK I_TURN_RIGHT I_LOOK I_TURN_RIGHT I_LOOK
walk around right and walk thrice	I_TURN_RIGHT I_WALK I_TURN_RIGHT I_WALK I_TURN_RIGHT I_WALK I_TURN_RIGHT I_WALK I_WALK I_WALK I_WALK
run opposite right twice after walk right thrice	I_TURN_RIGHT I_WALK I_TURN_RIGHT I_WALK I_TURN_RIGHT I_WALK I_TURN_RIGHT I_TURN_RIGHT I_RUN I_TURN_RIGHT I_TURN_RIGHT I_RUN
jump opposite left thrice after jump opposite right	I_TURN_RIGHT I_TURN_RIGHT I_JUMP I_TURN_LEFT I_TURN_LEFT I_JUMP I_TURN_LEFT I_TURN_LEFT I_JUMP I_TURN_LEFT I_TURN_LEFT I_JUMP
walk around left twice after run around left thrice	I_TURN_LEFT I_RUN I_TURN_LEFT I_RUN I_TURN_LEFT I_RUN I_TURN_LEFT I_RUN I_TURN_LEFT I_RUN I_TURN_LEFT I_RUN I_TURN_LEFT I_RUN I_TURN_LEFT I_RUN I_TURN_LEFT I_RUN I_TURN_LEFT I_RUN I_TURN_LEFT I_RUN I_TURN_LEFT I_RUN I_TURN_LEFT I_WALK I_TURN_LEFT I_WALK I_TURN_LEFT I_WALK I_TURN_LEFT I_WALK I_TURN_LEFT I_WALK I_TURN_LEFT I_WALK I_TURN_LEFT I_WALK I_TURN_LEFT I_WALK
turn opposite left thrice after turn around right twice	I_TURN_RIGHT I_TURN_RIGHT I_TURN_RIGHT I_TURN_RIGHT I_TURN_RIGHT I_TURN_RIGHT I_TURN_RIGHT I_TURN_RIGHT I_TURN_LEFT I_TURN_LEFT I_TURN_LEFT I_TURN_LEFT I_TURN_LEFT I_TURN_LEFT
turn around left twice and walk around left thrice	I_TURN_LEFT I_TURN_LEFT I_TURN_LEFT I_TURN_LEFT I_TURN_LEFT I_TURN_LEFT I_TURN_LEFT I_TURN_LEFT I_TURN_LEFT I_WALK I_TURN_LEFT I_WALK I_TURN_LEFT I_WALK I_TURN_LEFT I_WALK I_TURN_LEFT I_WALK I_TURN_LEFT I_WALK I_TURN_LEFT I_WALK I_TURN_LEFT I_WALK I_TURN_LEFT I_WALK I_TURN_LEFT I_WALK I_TURN_LEFT I_WALK I_TURN_LEFT I_WALK
walk left after walk twice	I_WALK I_WALK I_TURN_LEFT I_WALK
turn opposite right after turn right	I_TURN_RIGHT I_TURN_RIGHT I_TURN_RIGHT
jump thrice and walk opposite right thrice	I_JUMP I_JUMP I_JUMP I_TURN_RIGHT I_TURN_RIGHT I_WALK I_TURN_RIGHT I_TURN_RIGHT I_WALK I_TURN_RIGHT I_TURN_RIGHT I_WALK
look around left thrice after jump twice	I_JUMP I_JUMP I_TURN_LEFT I_LOOK I_TURN_LEFT I_LOOK I_TURN_LEFT I_LOOK I_TURN_LEFT I_LOOK I_TURN_LEFT I_LOOK I_TURN_LEFT I_LOOK I_TURN_LEFT I_LOOK I_TURN_LEFT I_LOOK I_TURN_LEFT I_LOOK I_TURN_LEFT I_LOOK I_TURN_LEFT I_LOOK I_TURN_LEFT I_LOOK
look opposite left and run opposite left	I_TURN_LEFT I_TURN_LEFT I_LOOK I_TURN_LEFT I_TURN_LEFT I_RUN
walk right twice after look opposite left thrice	I_TURN_LEFT I_TURN_LEFT I_LOOK I_TURN_LEFT I_TURN_LEFT I_LOOK I_TURN_LEFT I_TURN_LEFT I_LOOK I_TURN_RIGHT I_WALK I_TURN_RIGHT I_WALK
walk around left after turn around right	I_TURN_RIGHT I_TURN_RIGHT I_TURN_RIGHT I_TURN_RIGHT I_TURN_LEFT I_WALK I_TURN_LEFT I_WALK I_TURN_LEFT I_WALK I_TURN_LEFT I_WALK
walk opposite right after look around right thrice	I_TURN_RIGHT I_LOOK I_TURN_RIGHT I_LOOK I_TURN_RIGHT I_LOOK I_TURN_RIGHT I_LOOK I_TURN_RIGHT I_LOOK I_TURN_RIGHT I_LOOK I_TURN_RIGHT I_LOOK I_TURN_RIGHT I_LOOK I_TURN_RIGHT I_LOOK I_TURN_RIGHT I_LOOK I_TURN_RIGHT I_LOOK I_TURN_RIGHT I_LOOK I_TURN_RIGHT I_TURN_RIGHT I_WALK
walk opposite left twice after look opposite left	I_TURN_LEFT I_TURN_LEFT I_LOOK I_TURN_LEFT I_TURN_LEFT I_WALK I_TURN_LEFT I_TURN_LEFT I_WALK
walk right thrice and jump around right twice	I_TURN_RIGHT I_WALK I_TURN_RIGHT I_WALK I_TURN_RIGHT I_WALK I_TURN_RIGHT I_JUMP I_TURN_RIGHT I_JUMP I_TURN_RIGHT I_JUMP I_TURN_RIGHT I_JUMP I_TURN_RIGHT I_JUMP I_TURN_RIGHT I_JUMP I_TURN_RIGHT I_JUMP I_TURN_RIGHT I_JUMP
run opposite left and jump thrice	I_TURN_LEFT I_TURN_LEFT I_RUN I_JUMP I_JUMP I_JUMP
turn around left after jump around left twice	I_TURN_LEFT I_JUMP I_TURN_LEFT I_JUMP I_TURN_LEFT I_JUMP I_TURN_LEFT I_JUMP I_TURN_LEFT I_JUMP I_TURN_LEFT I_JUMP I_TURN_LEFT I_JUMP I_TURN_LEFT I_JUMP I_TURN_LEFT I_TURN_LEFT I_TURN_LEFT I_TURN_LEFT
look left twice and walk around right thrice	I_TURN_LEFT I_LOOK I_TURN_LEFT I_LOOK I_TURN_RIGHT I_WALK I_TURN_RIGHT I_WALK I_TURN_RIGHT I_WALK I_TURN_RIGHT I_WALK I_TURN_RIGHT I_WALK I_TURN_RIGHT I_WALK I_TURN_RIGHT I_WALK I_TURN_RIGHT I_WALK I_TURN_RIGHT I_WALK I_TURN_RIGHT I_WALK I_TURN_RIGHT I_WALK I_TURN_RIGHT I_WALK
turn opposite right thrice after look	I_LOOK I_TURN_RIGHT I_TURN_RIGHT I_TURN_RIGHT I_TURN_RIGHT I_TURN_RIGHT I_TURN_RIGHT
turn opposite right twice and turn right thrice	I_TURN_RIGHT I_TURN_RIGHT I_TURN_RIGHT I_TURN_RIGHT I_TURN_RIGHT I_TURN_RIGHT I_TURN_RIGHT
run right twice and turn around left thrice	I_TURN_RIGHT I_RUN I_TURN_RIGHT I_RUN I_TURN_LEFT I_TURN_LEFT I_TURN_LEFT I_TURN_LEFT I_TURN_LEFT I_TURN_LEFT I_TURN_LEFT I_TURN_LEFT I_TURN_LEFT I_TURN_LEFT I_TURN_LEFT I_TURN_LEFT
walk right thrice and walk around right twice	I_TURN_RIGHT I_WALK I_TURN_RIGHT I_WALK I_TURN_RIGHT I_WALK I_TURN_RIGHT I_WALK I_TURN_RIGHT I_WALK I_TURN_RIGHT I_WALK I_TURN_RIGHT I_WALK I_TURN_RIGHT I_WALK I_TURN_RIGHT I_WALK I_TURN_RIGHT I_WALK I_TURN_RIGHT I_WALK
look right twice and turn right	I_TURN_RIGHT I_LOOK I_TURN_RIGHT I_LOOK I_TURN_RIGHT
turn right twice and look thrice	I_TURN_RIGHT I_TURN_RIGHT I_LOOK I_LOOK I_LOOK
look right thrice after turn around left	I_TURN_LEFT I_TURN_LEFT I_TURN_LEFT I_TURN_LEFT I_TURN_RIGHT I_LOOK I_TURN_RIGHT I_LOOK I_TURN_RIGHT I_LOOK
run left and run around left twice	I_TURN_LEFT I_RUN I_TURN_LEFT I_RUN I_TURN_LEFT I_RUN I_TURN_LEFT I_RUN I_TURN_LEFT I_RUN I_TURN_LEFT I_RUN I_TURN_LEFT I_RUN I_TURN_LEFT I_RUN I_TURN_LEFT I_RUN
walk right twice after walk opposite right thrice	I_TURN_RIGHT I_TURN_RIGHT I_WALK I_TURN_RIGHT I_TURN_RIGHT I_WALK I_TURN_RIGHT I_TURN_RIGHT I_WALK I_TURN_RIGHT I_WALK I_TURN_RIGHT I_WALK
turn around left and turn right thrice	I_TURN_LEFT I_TURN_LEFT I_TURN_LEFT I_TURN_LEFT I_TURN_RIGHT I_TURN_RIGHT I_TURN_RIGHT
walk around right twice and turn opposite right twice	I_TURN_RIGHT I_WALK I_TURN_RIGHT I_WALK I_TURN_RIGHT I_WALK I_TURN_RIGHT I_WALK I_TURN_RIGHT I_WALK I_TURN_RIGHT I_WALK I_TURN_RIGHT I_WALK I_TURN_RIGHT I_WALK I_TURN_RIGHT I_TURN_RIGHT I_TURN_RIGHT I_TURN_RIGHT
look right thrice after turn opposite right twice	I_TURN_RIGHT I_TURN_RIGHT I_TURN_RIGHT I_TURN_RIGHT I_TURN_RIGHT I_LOOK I_TURN_RIGHT I_LOOK I_TURN_RIGHT I_LOOK
jump right thrice after run around right twice	I_TURN_RIGHT I_RUN I_TURN_RIGHT I_RUN I_TURN_RIGHT I_RUN I_TURN_RIGHT I_RUN I_TURN_RIGHT I_RUN I_TURN_RIGHT I_RUN I_TURN_RIGHT I_RUN I_TURN_RIGHT I_RUN I_TURN_RIGHT I_JUMP I_TURN_RIGHT I_JUMP I_TURN_RIGHT I_JUMP
walk opposite left after look around left thrice	I_TURN_LEFT I_LOOK I_TURN_LEFT I_LOOK I_TURN_LEFT I_LOOK I_TURN_LEFT I_LOOK I_TURN_LEFT I_LOOK I_TURN_LEFT I_LOOK I_TURN_LEFT I_LOOK I_TURN_LEFT I_LOOK I_TURN_LEFT I_LOOK I_TURN_LEFT I_LOOK I_TURN_LEFT I_LOOK I_TURN_LEFT I_LOOK I_TURN_LEFT I_TURN_LEFT I_WALK
run left twice after walk opposite left	I_TURN_LEFT I_TURN_LEFT I_WALK I_TURN_LEFT I_RUN I_TURN_LEFT I_RUN
walk opposite left thrice and walk around right thrice	I_TURN_LEFT I_TURN_LEFT I_WALK I_TURN_LEFT I_TURN_LEFT I_WALK I_TURN_LEFT I_TURN_LEFT I_WALK I_TURN_RIGHT I_WALK I_TURN_RIGHT I_WALK I_TURN_RIGHT I_WALK I_TURN_RIGHT I_WALK I_TURN_RIGHT I_WALK I_TURN_RIGHT I_WALK I_TURN_RIGHT I_WALK I_TURN_RIGHT I_WALK I_TURN_RIGHT I_WALK I_TURN_RIGHT I_WALK I_TURN_RIGHT I_WALK I_TURN_RIGHT I_WALK
look around left thrice after run	I_RUN I_TURN_LEFT I_LOOK I_TURN_LEFT I_LOOK I_TURN_LEFT I_LOOK I_TURN_LEFT I_LOOK I_TURN_LEFT I_LOOK I_TURN_LEFT I_LOOK I_TURN_LEFT I_LOOK I_TURN_LEFT I_LOOK I_TURN_LEFT I_LOOK I_TURN_LEFT I_LOOK I_TURN_LEFT I_LOOK I_TURN_LEFT I_LOOK
turn opposite right and walk around right twice	I_TURN_RIGHT I_TURN_RIGHT I_TURN_RIGHT I_WALK I_TURN_RIGHT I_WALK I_TURN_RIGHT I_WALK I_TURN_RIGHT I_WALK I_TURN_RIGHT I_WALK I_TURN_RIGHT I_WALK I_TURN_RIGHT I_WALK I_TURN_RIGHT I_WALK
look opposite left twice and look left twice	I_TURN_LEFT I_TURN_LEFT I_LOOK I_TURN_LEFT I_TURN_LEFT I_LOOK I_TURN_LEFT I_LOOK I_TURN_LEFT I_LOOK
walk around right and look opposite right	I_TURN_RIGHT I_WALK I_TURN_RIGHT I_WALK I_TURN_RIGHT I_WALK I_TURN_RIGHT I_WALK I_TURN_RIGHT I_TURN_RIGHT I_LOOK
turn left twice after run left twice	I_TURN_LEFT I_RUN I_TURN_LEFT I_RUN I_TURN_LEFT I_TURN_LEFT
turn around left twice after run right thrice	I_TURN_RIGHT I_RUN I_TURN_RIGHT I_RUN I_TURN_RIGHT I_RUN I_TURN_LEFT I_TURN_LEFT I_TURN_LEFT I_TURN_LEFT I_TURN_LEFT I_TURN_LEFT I_TURN_LEFT I_TURN_LEFT
turn left thrice and jump opposite left	I_TURN_LEFT I_TURN_LEFT I_TURN_LEFT I_TURN_LEFT I_TURN_LEFT I_JUMP
turn opposite right twice after jump opposite right thrice	I_TURN_RIGHT I_TURN_RIGHT I_JUMP I_TURN_RIGHT I_TURN_RIGHT I_JUMP I_TURN_RIGHT I_TURN_RIGHT I_JUMP I_TURN_RIGHT I_TURN_RIGHT I_TURN_RIGHT I_TURN_RIGHT
look around left twice and jump right thrice	I_TURN_LEFT I_LOOK I_TURN_LEFT I_LOOK I_TURN_LEFT I_LOOK I_TURN_LEFT I_LOOK I_TURN_LEFT I_LOOK I_TURN_LEFT I_LOOK I_TURN_LEFT I_LOOK I_TURN_LEFT I_LOOK I_TURN_RIGHT I_JUMP I_TURN_RIGHT I_JUMP I_TURN_RIGHT I_JUMP
walk and run opposite left thrice	I_WALK I_TURN_LEFT I_TURN_LEFT I_RUN I_TURN_LEFT I_TURN_LEFT I_RUN I_TURN_LEFT I_TURN_LEFT I_RUN
run opposite right thrice after walk thrice	I_WALK I_WALK I_WALK I_TURN_RIGHT I_TURN_RIGHT I_RUN I_TURN_RIGHT I_TURN_RIGHT I_RUN I_TURN_RIGHT I_TURN_RIGHT I_RUN
turn around left twice and run opposite right thrice	I_TURN_LEFT I_TURN_LEFT I_TURN_LEFT I_TURN_LEFT I_TURN_LEFT I_TURN_LEFT I_TURN_LEFT I_TURN_LEFT I_TURN_RIGHT I_TURN_RIGHT I_RUN I_TURN_RIGHT I_TURN_RIGHT I_RUN I_TURN_RIGHT I_TURN_RIGHT I_RUN
look around left and walk around left twice	I_TURN_LEFT I_LOOK I_TURN_LEFT I_LOOK I_TURN_LEFT I_LOOK I_TURN_LEFT I_LOOK I_TURN_LEFT I_WALK I_TURN_LEFT I_WALK I_TURN_LEFT I_WALK I_TURN_LEFT I_WALK I_TURN_LEFT I_WALK I_TURN_LEFT I_WALK I_TURN_LEFT I_WALK I_TURN_LEFT I_WALK
walk thrice and jump left	I_WALK I_WALK I_WALK I_TURN_LEFT I_JUMP
jump opposite right thrice after turn opposite right twice	I_TURN_RIGHT I_TURN_RIGHT I_TURN_RIGHT I_TURN_RIGHT I_TURN_RIGHT I_TURN_RIGHT I_JUMP I_TURN_RIGHT I_TURN_RIGHT I_JUMP I_TURN_RIGHT I_TURN_RIGHT I_JUMP
jump around right after look around left thrice	I_TURN_LEFT I_LOOK I_TURN_LEFT I_LOOK I_TURN_LEFT I_LOOK I_TURN_LEFT I_LOOK I_TURN_LEFT I_LOOK I_TURN_LEFT I_LOOK I_TURN_LEFT I_LOOK I_TURN_LEFT I_LOOK I_TURN_LEFT I_LOOK I_TURN_LEFT I_LOOK I_TURN_LEFT I_LOOK I_TURN_LEFT I_LOOK I_TURN_RIGHT I_JUMP I_TURN_RIGHT I_JUMP I_TURN_RIGHT I_JUMP I_TURN_RIGHT I_JUMP
jump around right twice and turn left	I_TURN_RIGHT I_JUMP I_TURN_RIGHT I_JUMP I_TURN_RIGHT I_JUMP I_TURN_RIGHT I_JUMP I_TURN_RIGHT I_JUMP I_TURN_RIGHT I_JUMP I_TURN_RIGHT I_JUMP I_TURN_RIGHT I_JUMP I_TURN_LEFT
run thrice after turn opposite left twice	I_TURN_LEFT I_TURN_LEFT I_TURN_LEFT I_TURN_LEFT I_RUN I_RUN I_RUN
look around left thrice after turn opposite left	I_TURN_LEFT I_TURN_LEFT I_TURN_LEFT I_LOOK I_TURN_LEFT I_LOOK I_TURN_LEFT I_LOOK I_TURN_LEFT I_LOOK I_TURN_LEFT I_LOOK I_TURN_LEFT I_LOOK I_TURN_LEFT I_LOOK I_TURN_LEFT I_LOOK I_TURN_LEFT I_LOOK I_TURN_LEFT I_LOOK I_TURN_LEFT I_LOOK I_TURN_LEFT I_LOOK
walk around left and look around left	I_TURN_LEFT I_WALK I_TURN_LEFT I_WALK I_TURN_LEFT I_WALK I_TURN_LEFT I_WALK I_TURN_LEFT I_LOOK I_TURN_LEFT I_LOOK I_TURN_LEFT I_LOOK I_TURN_LEFT I_LOOK
run opposite left twice after walk left twice	I_TURN_LEFT I_WALK I_TURN_LEFT I_WALK I_TURN_LEFT I_TURN_LEFT I_RUN I_TURN_LEFT I_TURN_LEFT I_RUN
run around right twice after turn opposite left twice	I_TURN_LEFT I_TURN_LEFT I_TURN_LEFT I_TURN_LEFT I_TURN_RIGHT I_RUN I_TURN_RIGHT I_RUN I_TURN_RIGHT I_RUN I_TURN_RIGHT I_RUN I_TURN_RIGHT I_RUN I_TURN_RIGHT I_RUN I_TURN_RIGHT I_RUN I_TURN_RIGHT I_RUN
run opposite right after look thrice	I_LOOK I_LOOK I_LOOK I_TURN_RIGHT I_TURN_RIGHT I_RUN
turn opposite right twice and look right	I_TURN_RIGHT I_TURN_RIGHT I_TURN_RIGHT I_TURN_RIGHT I_TURN_RIGHT I_LOOK
look opposite right thrice after look around right thrice	I_TURN_RIGHT I_LOOK I_TURN_RIGHT I_LOOK I_TURN_RIGHT I_LOOK I_TURN_RIGHT I_LOOK I_TURN_RIGHT I_LOOK I_TURN_RIGHT I_LOOK I_TURN_RIGHT I_LOOK I_TURN_RIGHT I_LOOK I_TURN_RIGHT I_LOOK I_TURN_RIGHT I_LOOK I_TURN_RIGHT I_LOOK I_TURN_RIGHT I_LOOK I_TURN_RIGHT I_TURN_RIGHT I_LOOK I_TURN_RIGHT I_TURN_RIGHT I_LOOK I_TURN_RIGHT I_TURN_RIGHT I_LOOK
jump opposite left twice after turn left thrice	I_TURN_LEFT I_TURN_LEFT I_TURN_LEFT I_TURN_LEFT I_TURN_LEFT I_JUMP I_TURN_LEFT I_TURN_LEFT I_JUMP
walk around left and jump left twice	I_TURN_LEFT I_WALK I_TURN_LEFT I_WALK I_TURN_LEFT I_WALK I_TURN_LEFT I_WALK I_TURN_LEFT I_JUMP I_TURN_LEFT I_JUMP
walk opposite right and run thrice	I_TURN_RIGHT I_TURN_RIGHT I_WALK I_RUN I_RUN I_RUN
look around right twice and look opposite left	I_TURN_RIGHT I_LOOK I_TURN_RIGHT I_LOOK I_TURN_RIGHT I_LOOK I_TURN_RIGHT I_LOOK I_TURN_RIGHT I_LOOK I_TURN_RIGHT I_LOOK I_TURN_RIGHT I_LOOK I_TURN_RIGHT I_LOOK I_TURN_LEFT I_TURN_LEFT I_LOOK
run around left thrice and run around left thrice	I_TURN_LEFT I_RUN I_TURN_LEFT I_RUN I_TURN_LEFT I_RUN I_TURN_LEFT I_RUN I_TURN_LEFT I_RUN I_TURN_LEFT I_RUN I_TURN_LEFT I_RUN I_TURN_LEFT I_RUN I_TURN_LEFT I_RUN I_TURN_LEFT I_RUN I_TURN_LEFT I_RUN I_TURN_LEFT I_RUN I_TURN_LEFT I_RUN I_TURN_LEFT I_RUN I_TURN_LEFT I_RUN I_TURN_LEFT I_RUN I_TURN_LEFT I_RUN I_TURN_LEFT I_RUN I_TURN_LEFT I_RUN I_TURN_LEFT I_RUN I_TURN_LEFT I_RUN I_TURN_LEFT I_RUN I_TURN_LEFT I_RUN I_TURN_LEFT I_RUN
turn around right after turn left	I_TURN_LEFT I_TURN_RIGHT I_TURN_RIGHT I_TURN_RIGHT I_TURN_RIGHT
look opposite right after walk right	I_TURN_RIGHT I_WALK I_TURN_RIGHT I_TURN_RIGHT I_LOOK
jump around right thrice and run left thrice	I_TURN_RIGHT I_JUMP I_TURN_RIGHT I_JUMP I_TURN_RIGHT I_JUMP I_TURN_RIGHT I_JUMP I_TURN_RIGHT I_JUMP I_TURN_RIGHT I_JUMP I_TURN_RIGHT I_JUMP I_TURN_RIGHT I_JUMP I_TURN_RIGHT I_JUMP I_TURN_RIGHT I_JUMP I_TURN_RIGHT I_JUMP I_TURN_RIGHT I_JUMP I_TURN_LEFT I_RUN I_TURN_LEFT I_RUN I_TURN_LEFT I_RUN
look around left and jump right twice	I_TURN_LEFT I_LOOK I_TURN_LEFT I_LOOK I_TURN_LEFT I_LOOK I_TURN_LEFT I_LOOK I_TURN_RIGHT I_JUMP I_TURN_RIGHT I_JUMP
turn around right thrice and look right	I_TURN_RIGHT I_TURN_RIGHT I_TURN_RIGHT I_TURN_RIGHT I_TURN_RIGHT I_TURN_RIGHT I_TURN_RIGHT I_TURN_RIGHT I_TURN_RIGHT I_TURN_RIGHT I_TURN_RIGHT I_TURN_RIGHT I_TURN_RIGHT I_LOOK
run opposite left after walk left thrice	I_TURN_LEFT I_WALK I_TURN_LEFT I_WALK I_TURN_LEFT I_WALK I_TURN_LEFT I_TURN_LEFT I_RUN
look around right thrice after look around right twice	I_TURN_RIGHT I_LOOK I_TURN_RIGHT I_LOOK I_TURN_RIGHT I_LOOK I_TURN_RIGHT I_LOOK I_TURN_RIGHT I_LOOK I_TURN_RIGHT I_LOOK I_TURN_RIGHT I_LOOK I_TURN_RIGHT I_LOOK I_TURN_RIGHT I_LOOK I_TURN_RIGHT I_LOOK I_TURN_RIGHT I_LOOK I_TURN_RIGHT I_LOOK I_TURN_RIGHT I_LOOK I_TURN_RIGHT I_LOOK I_TURN_RIGHT I_LOOK I_TURN_RIGHT I_LOOK I_TURN_RIGHT I_LOOK I_TURN_RIGHT I_LOOK I_TURN_RIGHT I_LOOK I_TURN_RIGHT I_LOOK
walk around left and walk twice	I_TURN_LEFT I_WALK I_TURN_LEFT I_WALK I_TURN_LEFT I_WALK I_TURN_LEFT I_WALK I_WALK I_WALK
walk and jump right thrice	I_WALK I_TURN_RIGHT I_JUMP I_TURN_RIGHT I_JUMP I_TURN_RIGHT I_JUMP
walk right twice and look around right twice	I_TURN_RIGHT I_WALK I_TURN_RIGHT I_WALK I_TURN_RIGHT I_LOOK I_TURN_RIGHT I_LOOK I_TURN_RIGHT I_LOOK I_TURN_RIGHT I_LOOK I_TURN_RIGHT I_LOOK I_TURN_RIGHT I_LOOK I_TURN_RIGHT I_LOOK I_TURN_RIGHT I_LOOK
look left twice and jump right thrice	I_TURN_LEFT I_LOOK I_TURN_LEFT I_LOOK I_TURN_RIGHT I_JUMP I_TURN_RIGHT I_JUMP I_TURN_RIGHT I_JUMP
run opposite left twice and turn left	I_TURN_LEFT I_TURN_LEFT I_RUN I_TURN_LEFT I_TURN_LEFT I_RUN I_TURN_LEFT
look right after run opposite left thrice	I_TURN_LEFT I_TURN_LEFT I_RUN I_TURN_LEFT I_TURN_LEFT I_RUN I_TURN_LEFT I_TURN_LEFT I_RUN I_TURN_RIGHT I_LOOK
jump around right after walk around right twice	I_TURN_RIGHT I_WALK I_TURN_RIGHT I_WALK I_TURN_RIGHT I_WALK I_TURN_RIGHT I_WALK I_TURN_RIGHT I_WALK I_TURN_RIGHT I_WALK I_TURN_RIGHT I_WALK I_TURN_RIGHT I_WALK I_TURN_RIGHT I_JUMP I_TURN_RIGHT I_JUMP I_TURN_RIGHT I_JUMP I_TURN_RIGHT I_JUMP
walk opposite right after look around left twice	I_TURN_LEFT I_LOOK I_TURN_LEFT I_LOOK I_TURN_LEFT I_LOOK I_TURN_LEFT I_LOOK I_TURN_LEFT I_LOOK I_TURN_LEFT I_LOOK I_TURN_LEFT I_LOOK I_TURN_LEFT I_LOOK I_TURN_RIGHT I_TURN_RIGHT I_WALK
run and jump left	I_RUN I_TURN_LEFT I_JUMP
run around right twice and jump opposite left twice	I_TURN_RIGHT I_RUN I_TURN_RIGHT I_RUN I_TURN_RIGHT I_RUN I_TURN_RIGHT I_RUN I_TURN_RIGHT I_RUN I_TURN_RIGHT I_RUN I_TURN_RIGHT I_RUN I_TURN_RIGHT I_RUN I_TURN_LEFT I_TURN_LEFT I_JUMP I_TURN_LEFT I_TURN_LEFT I_JUMP
turn opposite left after walk around left	I_TURN_LEFT I_WALK I_TURN_LEFT I_WALK I_TURN_LEFT I_WALK I_TURN_LEFT I_WALK I_TURN_LEFT I_TURN_LEFT
walk around right twice and look left twice	I_TURN_RIGHT I_WALK I_TURN_RIGHT I_WALK I_TURN_RIGHT I_WALK I_TURN_RIGHT I_WALK I_TURN_RIGHT I_WALK I_TURN_RIGHT I_WALK I_TURN_RIGHT I_WALK I_TURN_RIGHT I_WALK I_TURN_LEFT I_LOOK I_TURN_LEFT I_LOOK
look around left twice after look left	I_TURN_LEFT I_LOOK I_TURN_LEFT I_LOOK I_TURN_LEFT I_LOOK I_TURN_LEFT I_LOOK I_TURN_LEFT I_LOOK I_TURN_LEFT I_LOOK I_TURN_LEFT I_LOOK I_TURN_LEFT I_LOOK I_TURN_LEFT I_LOOK
run thrice and run opposite left	I_RUN I_RUN I_RUN I_TURN_LEFT I_TURN_LEFT I_RUN
turn around left after jump right thrice	I_TURN_RIGHT I_JUMP I_TURN_RIGHT I_JUMP I_TURN_RIGHT I_JUMP I_TURN_LEFT I_TURN_LEFT I_TURN_LEFT I_TURN_LEFT
run around left twice after run around right thrice	I_TURN_RIGHT I_RUN I_TURN_RIGHT I_RUN I_TURN_RIGHT I_RUN I_TURN_RIGHT I_RUN I_TURN_RIGHT I_RUN I_TURN_RIGHT I_RUN I_TURN_RIGHT I_RUN I_TURN_RIGHT I_RUN I_TURN_RIGHT I_RUN I_TURN_RIGHT I_RUN I_TURN_RIGHT I_RUN I_TURN_RIGHT I_RUN I_TURN_LEFT I_RUN I_TURN_LEFT I_RUN I_TURN_LEFT I_RUN I_TURN_LEFT I_RUN I_TURN_LEFT I_RUN I_TURN_LEFT I_RUN I_TURN_LEFT I_RUN I_TURN_LEFT I_RUN
jump opposite right twice after turn right thrice	I_TURN_RIGHT I_TURN_RIGHT I_TURN_RIGHT I_TURN_RIGHT I_TURN_RIGHT I_JUMP I_TURN_RIGHT I_TURN_RIGHT I_JUMP
turn left thrice and walk twice	I_TURN_LEFT I_TURN_LEFT I_TURN_LEFT I_WALK I_WALK
turn left thrice and jump left	I_TURN_LEFT I_TURN_LEFT I_TURN_LEFT I_TURN_LEFT I_JUMP
jump right after walk around left thrice	I_TURN_LEFT I_WALK I_TURN_LEFT I_WALK I_TURN_LEFT I_WALK I_TURN_LEFT I_WALK I_TURN_LEFT I_WALK I_TURN_LEFT I_WALK I_TURN_LEFT I_WALK I_TURN_LEFT I_WALK I_TURN_LEFT I_WALK I_TURN_LEFT I_WALK I_TURN_LEFT I_WALK I_TURN_LEFT I_WALK I_TURN_RIGHT I_JUMP
walk around right thrice after turn left twice	I_TURN_LEFT I_TURN_LEFT I_TURN_RIGHT I_WALK I_TURN_RIGHT I_WALK I_TURN_RIGHT I_WALK I_TURN_RIGHT I_WALK I_TURN_RIGHT I_WALK I_TURN_RIGHT I_WALK I_TURN_RIGHT I_WALK I_TURN_RIGHT I_WALK I_TURN_RIGHT I_WALK I_TURN_RIGHT I_WALK I_TURN_RIGHT I_WALK I_TURN_RIGHT I_WALK
jump opposite left after turn opposite right twice	I_TURN_RIGHT I_TURN_RIGHT I_TURN_RIGHT I_TURN_RIGHT I_TURN_LEFT I_TURN_LEFT I_JUMP
jump right after walk around left	I_TURN_LEFT I_WALK I_TURN_LEFT I_WALK I_TURN_LEFT I_WALK I_TURN_LEFT I_WALK I_TURN_RIGHT I_JUMP
run and walk right thrice	I_RUN I_TURN_RIGHT I_WALK I_TURN_RIGHT I_WALK I_TURN_RIGHT I_WALK
jump opposite left twice after walk opposite right twice	I_TURN_RIGHT I_TURN_RIGHT I_WALK I_TURN_RIGHT I_TURN_RIGHT I_WALK I_TURN_LEFT I_TURN_LEFT I_JUMP I_TURN_LEFT I_TURN_LEFT I_JUMP
walk left and run around right	I_TURN_LEFT I_WALK I_TURN_RIGHT I_RUN I_TURN_RIGHT I_RUN I_TURN_RIGHT I_RUN I_TURN_RIGHT I_RUN
look around right and run around right twice	I_TURN_RIGHT I_LOOK I_TURN_RIGHT I_LOOK I_TURN_RIGHT I_LOOK I_TURN_RIGHT I_LOOK I_TURN_RIGHT I_RUN I_TURN_RIGHT I_RUN I_TURN_RIGHT I_RUN I_TURN_RIGHT I_RUN I_TURN_RIGHT I_RUN I_TURN_RIGHT I_RUN I_TURN_RIGHT I_RUN I_TURN_RIGHT I_RUN
walk opposite right twice after walk right twice	I_TURN_RIGHT I_WALK I_TURN_RIGHT I_WALK I_TURN_RIGHT I_TURN_RIGHT I_WALK I_TURN_RIGHT I_TURN_RIGHT I_WALK
look left thrice and look thrice	I_TURN_LEFT I_LOOK I_TURN_LEFT I_LOOK I_TURN_LEFT I_LOOK I_LOOK I_LOOK I_LOOK
run right twice and walk opposite right twice	I_TURN_RIGHT I_RUN I_TURN_RIGHT I_RUN I_TURN_RIGHT I_TURN_RIGHT I_WALK I_TURN_RIGHT I_TURN_RIGHT I_WALK
jump around right twice after run around left twice	I_TURN_LEFT I_RUN I_TURN_LEFT I_RUN I_TURN_LEFT I_RUN I_TURN_LEFT I_RUN I_TURN_LEFT I_RUN I_TURN_LEFT I_RUN I_TURN_LEFT I_RUN I_TURN_LEFT I_RUN I_TURN_RIGHT I_JUMP I_TURN_RIGHT I_JUMP I_TURN_RIGHT I_JUMP I_TURN_RIGHT I_JUMP I_TURN_RIGHT I_JUMP I_TURN_RIGHT I_JUMP I_TURN_RIGHT I_JUMP I_TURN_RIGHT I_JUMP
run opposite right twice and run right twice	I_TURN_RIGHT I_TURN_RIGHT I_RUN I_TURN_RIGHT I_TURN_RIGHT I_RUN I_TURN_RIGHT I_RUN I_TURN_RIGHT I_RUN
walk opposite right twice and look around right thrice	I_TURN_RIGHT I_TURN_RIGHT I_WALK I_TURN_RIGHT I_TURN_RIGHT I_WALK I_TURN_RIGHT I_LOOK I_TURN_RIGHT I_LOOK I_TURN_RIGHT I_LOOK I_TURN_RIGHT I_LOOK I_TURN_RIGHT I_LOOK I_TURN_RIGHT I_LOOK I_TURN_RIGHT I_LOOK I_TURN_RIGHT I_LOOK I_TURN_RIGHT I_LOOK I_TURN_RIGHT I_LOOK I_TURN_RIGHT I_LOOK I_TURN_RIGHT I_LOOK
walk right twice after turn around right	I_TURN_RIGHT I_TURN_RIGHT I_TURN_RIGHT I_TURN_RIGHT I_TURN_RIGHT I_WALK I_TURN_RIGHT I_WALK
look right thrice after jump opposite left	I_TURN_LEFT I_TURN_LEFT I_JUMP I_TURN_RIGHT I_LOOK I_TURN_RIGHT I_LOOK I_TURN_RIGHT I_LOOK
walk left twice and walk around left thrice	I_TURN_LEFT I_WALK I_TURN_LEFT I_WALK I_TURN_LEFT I_WALK I_TURN_LEFT I_WALK I_TURN_LEFT I_WALK I_TURN_LEFT I_WALK I_TURN_LEFT I_WALK I_TURN_LEFT I_WALK I_TURN_LEFT I_WALK I_TURN_LEFT I_WALK I_TURN_LEFT I_WALK I_TURN_LEFT I_WALK I_TURN_LEFT I_WALK I_TURN_LEFT I_WALK
turn around right after look around left thrice	I_TURN_LEFT I_LOOK I_TURN_LEFT I_LOOK I_TURN_LEFT I_LOOK I_TURN_LEFT I_LOOK I_TURN_LEFT I_LOOK I_TURN_LEFT I_LOOK I_TURN_LEFT I_LOOK I_TURN_LEFT I_LOOK I_TURN_LEFT I_LOOK I_TURN_LEFT I_LOOK I_TURN_LEFT I_LOOK I_TURN_LEFT I_LOOK I_TURN_RIGHT I_TURN_RIGHT I_TURN_RIGHT I_TURN_RIGHT
turn right thrice and jump around right twice	I_TURN_RIGHT I_TURN_RIGHT I_TURN_RIGHT I_TURN_RIGHT I_JUMP I_TURN_RIGHT I_JUMP I_TURN_RIGHT I_JUMP I_TURN_RIGHT I_JUMP I_TURN_RIGHT I_JUMP I_TURN_RIGHT I_JUMP I_TURN_RIGHT I_JUMP I_TURN_RIGHT I_JUMP
look opposite right twice after look around left twice	I_TURN_LEFT I_LOOK I_TURN_LEFT I_LOOK I_TURN_LEFT I_LOOK I_TURN_LEFT I_LOOK I_TURN_LEFT I_LOOK I_TURN_LEFT I_LOOK I_TURN_LEFT I_LOOK I_TURN_LEFT I_LOOK I_TURN_RIGHT I_TURN_RIGHT I_LOOK I_TURN_RIGHT I_TURN_RIGHT I_LOOK
walk thrice after walk twice	I_WALK I_WALK I_WALK I_WALK I_WALK
walk around left after run around right twice	I_TURN_RIGHT I_RUN I_TURN_RIGHT I_RUN I_TURN_RIGHT I_RUN I_TURN_RIGHT I_RUN I_TURN_RIGHT I_RUN I_TURN_RIGHT I_RUN I_TURN_RIGHT I_RUN I_TURN_RIGHT I_RUN I_TURN_LEFT I_WALK I_TURN_LEFT I_WALK I_TURN_LEFT I_WALK I_TURN_LEFT I_WALK
jump around left twice and walk right twice	I_TURN_LEFT I_JUMP I_TURN_LEFT I_JUMP I_TURN_LEFT I_JUMP I_TURN_LEFT I_JUMP I_TURN_LEFT I_JUMP I_TURN_LEFT I_JUMP I_TURN_LEFT I_JUMP I_TURN_LEFT I_JUMP I_TURN_RIGHT I_WALK I_TURN_RIGHT I_WALK
turn opposite left thrice after turn around left	I_TURN_LEFT I_TURN_LEFT I_TURN_LEFT I_TURN_LEFT I_TURN_LEFT I_TURN_LEFT I_TURN_LEFT I_TURN_LEFT I_TURN_LEFT I_TURN_LEFT
look opposite right after look	I_LOOK I_TURN_RIGHT I_TURN_RIGHT I_LOOK
jump around right and walk left thrice	I_TURN_RIGHT I_JUMP I_TURN_RIGHT I_JUMP I_TURN_RIGHT I_JUMP I_TURN_RIGHT I_JUMP I_TURN_LEFT I_WALK I_TURN_LEFT I_WALK I_TURN_LEFT I_WALK
walk twice after jump around left	I_TURN_LEFT I_JUMP I_TURN_LEFT I_JUMP I_TURN_LEFT I_JUMP I_TURN_LEFT I_JUMP I_WALK I_WALK
run thrice and run opposite left twice	I_RUN I_RUN I_RUN I_TURN_LEFT I_TURN_LEFT I_RUN I_TURN_LEFT I_TURN_LEFT I_RUN
turn opposite right twice and walk opposite right twice	I_TURN_RIGHT I_TURN_RIGHT I_TURN_RIGHT I_TURN_RIGHT I_TURN_RIGHT I_TURN_RIGHT I_WALK I_TURN_RIGHT I_TURN_RIGHT I_WALK
turn around left twice after turn around left thrice	I_TURN_LEFT I_TURN_LEFT I_TURN_LEFT I_TURN_LEFT I_TURN_LEFT I_TURN_LEFT I_TURN_LEFT I_TURN_LEFT I_TURN_LEFT I_TURN_LEFT I_TURN_LEFT I_TURN_LEFT I_TURN_LEFT I_TURN_LEFT I_TURN_LEFT I_TURN_LEFT I_TURN_LEFT I_TURN_LEFT I_TURN_LEFT I_TURN_LEFT
jump around left after jump around right twice	I_TURN_RIGHT I_JUMP I_TURN_RIGHT I_JUMP I_TURN_RIGHT I_JUMP I_TURN_RIGHT I_JUMP I_TURN_RIGHT I_JUMP I_TURN_RIGHT I_JUMP I_TURN_RIGHT I_JUMP I_TURN_RIGHT I_JUMP I_TURN_LEFT I_JUMP I_TURN_LEFT I_JUMP I_TURN_LEFT I_JUMP I_TURN_LEFT I_JUMP
turn opposite right and walk opposite left twice	I_TURN_RIGHT I_TURN_RIGHT I_TURN_LEFT I_TURN_LEFT I_WALK I_TURN_LEFT I_TURN_LEFT I_WALK
run opposite left twice and jump left thrice	I_TURN_LEFT I_TURN_LEFT I_RUN I_TURN_LEFT I_TURN_LEFT I_RUN I_TURN_LEFT I_JUMP I_TURN_LEFT I_JUMP I_TURN_LEFT I_JUMP
walk right and run left	I_TURN_RIGHT I_WALK I_TURN_LEFT I_RUN
look around left thrice and jump opposite left	I_TURN_LEFT I_LOOK I_TURN_LEFT I_LOOK I_TURN_LEFT I_LOOK I_TURN_LEFT I_LOOK I_TURN_LEFT I_LOOK I_TURN_LEFT I_LOOK I_TURN_LEFT I_LOOK I_TURN_LEFT I_LOOK I_TURN_LEFT I_LOOK I_TURN_LEFT I_LOOK I_TURN_LEFT I_LOOK I_TURN_LEFT I_LOOK I_TURN_LEFT I_TURN_LEFT I_JUMP
run opposite left after turn left twice	I_TURN_LEFT I_TURN_LEFT I_TURN_LEFT I_TURN_LEFT I_RUN
walk opposite right after turn opposite left thrice	I_TURN_LEFT I_TURN_LEFT I_TURN_LEFT I_TURN_LEFT I_TURN_LEFT I_TURN_LEFT I_TURN_RIGHT I_TURN_RIGHT I_WALK
turn around left thrice and run twice	I_TURN_LEFT I_TURN_LEFT I_TURN_LEFT I_TURN_LEFT I_TURN_LEFT I_TURN_LEFT I_TURN_LEFT I_TURN_LEFT I_TURN_LEFT I_TURN_LEFT I_TURN_LEFT I_TURN_LEFT I_RUN I_RUN
look around right thrice and look left twice	I_TURN_RIGHT I_LOOK I_TURN_RIGHT I_LOOK I_TURN_RIGHT I_LOOK I_TURN_RIGHT I_LOOK I_TURN_RIGHT I_LOOK I_TURN_RIGHT I_LOOK I_TURN_RIGHT I_LOOK I_TURN_RIGHT I_LOOK I_TURN_RIGHT I_LOOK I_TURN_RIGHT I_LOOK I_TURN_RIGHT I_LOOK I_TURN_RIGHT I_LOOK I_TURN_LEFT I_LOOK I_TURN_LEFT I_LOOK
run around left twice and walk right twice	I_TURN_LEFT I_RUN I_TURN_LEFT I_RUN I_TURN_LEFT I_RUN I_TURN_LEFT I_RUN I_TURN_LEFT I_RUN I_TURN_LEFT I_RUN I_TURN_LEFT I_RUN I_TURN_LEFT I_RUN I_TURN_RIGHT I_WALK I_TURN_RIGHT I_WALK
look around right thrice after turn around right thrice	I_TURN_RIGHT I_TURN_RIGHT I_TURN_RIGHT I_TURN_RIGHT I_TURN_RIGHT I_TURN_RIGHT I_TURN_RIGHT I_TURN_RIGHT I_TURN_RIGHT I_TURN_RIGHT I_TURN_RIGHT I_TURN_RIGHT I_TURN_RIGHT I_LOOK I_TURN_RIGHT I_LOOK I_TURN_RIGHT I_LOOK I_TURN_RIGHT I_LOOK I_TURN_RIGHT I_LOOK I_TURN_RIGHT I_LOOK I_TURN_RIGHT I_LOOK I_TURN_RIGHT I_LOOK I_TURN_RIGHT I_LOOK I_TURN_RIGHT I_LOOK I_TURN_RIGHT I_LOOK I_TURN_RIGHT I_LOOK
run left thrice and run right thrice	I_TURN_LEFT I_RUN I_TURN_LEFT I_RUN I_TURN_LEFT I_RUN I_TURN_RIGHT I_RUN I_TURN_RIGHT I_RUN I_TURN_RIGHT I_RUN
run around right twice and turn opposite left twice	I_TURN_RIGHT I_RUN I_TURN_RIGHT I_RUN I_TURN_RIGHT I_RUN I_TURN_RIGHT I_RUN I_TURN_RIGHT I_RUN I_TURN_RIGHT I_RUN I_TURN_RIGHT I_RUN I_TURN_RIGHT I_RUN I_TURN_LEFT I_TURN_LEFT I_TURN_LEFT I_TURN_LEFT
turn right twice after jump around left	I_TURN_LEFT I_JUMP I_TURN_LEFT I_JUMP I_TURN_LEFT I_JUMP I_TURN_LEFT I_JUMP I_TURN_RIGHT I_TURN_RIGHT
run right and walk left	I_TURN_RIGHT I_RUN I_TURN_LEFT I_WALK
jump opposite right thrice after jump around left twice	I_TURN_LEFT I_JUMP I_TURN_LEFT I_JUMP I_TURN_LEFT I_JUMP I_TURN_LEFT I_JUMP I_TURN_LEFT I_JUMP I_TURN_LEFT I_JUMP I_TURN_LEFT I_JUMP I_TURN_LEFT I_JUMP I_TURN_RIGHT I_TURN_RIGHT I_JUMP I_TURN_RIGHT I_TURN_RIGHT I_JUMP I_TURN_RIGHT I_TURN_RIGHT I_JUMP
turn around right thrice and jump around right twice	I_TURN_RIGHT I_TURN_RIGHT I_TURN_RIGHT I_TURN_RIGHT I_TURN_RIGHT I_TURN_RIGHT I_TURN_RIGHT I_TURN_RIGHT I_TURN_RIGHT I_TURN_RIGHT I_TURN_RIGHT I_TURN_RIGHT I_TURN_RIGHT I_JUMP I_TURN_RIGHT I_JUMP I_TURN_RIGHT I_JUMP I_TURN_RIGHT I_JUMP I_TURN_RIGHT I_JUMP I_TURN_RIGHT I_JUMP I_TURN_RIGHT I_JUMP I_TURN_RIGHT I_JUMP
look thrice and look opposite right thrice	I_LOOK I_LOOK I_LOOK I_TURN_RIGHT I_TURN_RIGHT I_LOOK I_TURN_RIGHT I_TURN_RIGHT I_LOOK I_TURN_RIGHT I_TURN_RIGHT I_LOOK
turn left and turn opposite left thrice	I_TURN_LEFT I_TURN_LEFT I_TURN_LEFT I_TURN_LEFT I_TURN_LEFT I_TURN_LEFT I_TURN_LEFT
look right twice and look right twice	I_TURN_RIGHT I_LOOK I_TURN_RIGHT I_LOOK I_TURN_RIGHT I_LOOK I_TURN_RIGHT I_LOOK
jump around right after run around right	I_TURN_RIGHT I_RUN I_TURN_RIGHT I_RUN I_TURN_RIGHT I_RUN I_TURN_RIGHT I_RUN I_TURN_RIGHT I_JUMP I_TURN_RIGHT I_JUMP I_TURN_RIGHT I_JUMP I_TURN_RIGHT I_JUMP
turn opposite left twice and jump around left	I_TURN_LEFT I_TURN_LEFT I_TURN_LEFT I_TURN_LEFT I_TURN_LEFT I_JUMP I_TURN_LEFT I_JUMP I_TURN_LEFT I_JUMP I_TURN_LEFT I_JUMP
look left and turn right	I_TURN_LEFT I_LOOK I_TURN_RIGHT
walk right after look left	I_TURN_LEFT I_LOOK I_TURN_RIGHT I_WALK
turn right twice and look around left twice	I_TURN_RIGHT I_TURN_RIGHT I_TURN_LEFT I_LOOK I_TURN_LEFT I_LOOK I_TURN_LEFT I_LOOK I_TURN_LEFT I_LOOK I_TURN_LEFT I_LOOK I_TURN_LEFT I_LOOK I_TURN_LEFT I_LOOK I_TURN_LEFT I_LOOK
walk around left twice and run left thrice	I_TURN_LEFT I_WALK I_TURN_LEFT I_WALK I_TURN_LEFT I_WALK I_TURN_LEFT I_WALK I_TURN_LEFT I_WALK I_TURN_LEFT I_WALK I_TURN_LEFT I_WALK I_TURN_LEFT I_WALK I_TURN_LEFT I_RUN I_TURN_LEFT I_RUN I_TURN_LEFT I_RUN
run around left twice after run around right twice	I_TURN_RIGHT I_RUN I_TURN_RIGHT I_RUN I_TURN_RIGHT I_RUN I_TURN_RIGHT I_RUN I_TURN_RIGHT I_RUN I_TURN_RIGHT I_RUN I_TURN_RIGHT I_RUN I_TURN_RIGHT I_RUN I_TURN_LEFT I_RUN I_TURN_LEFT I_RUN I_TURN_LEFT I_RUN I_TURN_LEFT I_RUN I_TURN_LEFT I_RUN I_TURN_LEFT I_RUN I_TURN_LEFT I_RUN I_TURN_LEFT I_RUN
walk opposite right thrice and walk right	I_TURN_RIGHT I_TURN_RIGHT I_WALK I_TURN_RIGHT I_TURN_RIGHT I_WALK I_TURN_RIGHT I_TURN_RIGHT I_WALK I_TURN_RIGHT I_WALK
walk opposite left thrice and turn opposite left	I_TURN_LEFT I_TURN_LEFT I_WALK I_TURN_LEFT I_TURN_LEFT I_WALK I_TURN_LEFT I_TURN_LEFT I_WALK I_TURN_LEFT I_TURN_LEFT
walk around right after look right thrice	I_TURN_RIGHT I_LOOK I_TURN_RIGHT I_LOOK I_TURN_RIGHT I_LOOK I_TURN_RIGHT I_WALK I_TURN_RIGHT I_WALK I_TURN_RIGHT I_WALK I_TURN_RIGHT I_WALK
walk left thrice after look around right thrice	I_TURN_RIGHT I_LOOK I_TURN_RIGHT I_LOOK I_TURN_RIGHT I_LOOK I_TURN_RIGHT I_LOOK I_TURN_RIGHT I_LOOK I_TURN_RIGHT I_LOOK I_TURN_RIGHT I_LOOK I_TURN_RIGHT I_LOOK I_TURN_RIGHT I_LOOK I_TURN_RIGHT I_LOOK I_TURN_RIGHT I_LOOK I_TURN_RIGHT I_LOOK I_TURN_LEFT I_WALK I_TURN_LEFT I_WALK I_TURN_LEFT I_WALK
run and run opposite right	I_RUN I_TURN_RIGHT I_TURN_RIGHT I_RUN
turn around left and turn opposite right thrice	I_TURN_LEFT I_TURN_LEFT I_TURN_LEFT I_TURN_LEFT I_TURN_RIGHT I_TURN_RIGHT I_TURN_RIGHT I_TURN_RIGHT I_TURN_RIGHT I_TURN_RIGHT
look opposite right thrice and look opposite left twice	I_TURN_RIGHT I_TURN_RIGHT I_LOOK I_TURN_RIGHT I_TURN_RIGHT I_LOOK I_TURN_RIGHT I_TURN_RIGHT I_LOOK I_TURN_LEFT I_TURN_LEFT I_LOOK I_TURN_LEFT I_TURN_LEFT I_LOOK
look around left after turn left thrice	I_TURN_LEFT I_TURN_LEFT I_TURN_LEFT I_TURN_LEFT I_LOOK I_TURN_LEFT I_LOOK I_TURN_LEFT I_LOOK I_TURN_LEFT I_LOOK
run left twice and look opposite left thrice	I_TURN_LEFT I_RUN I_TURN_LEFT I_RUN I_TURN_LEFT I_TURN_LEFT I_LOOK I_TURN_LEFT I_TURN_LEFT I_LOOK I_TURN_LEFT I_TURN_LEFT I_LOOK
look thrice and jump around left twice	I_LOOK I_LOOK I_LOOK I_TURN_LEFT I_JUMP I_TURN_LEFT I_JUMP I_TURN_LEFT I_JUMP I_TURN_LEFT I_JUMP I_TURN_LEFT I_JUMP I_TURN_LEFT I_JUMP I_TURN_LEFT I_JUMP I_TURN_LEFT I_JUMP
turn right twice and jump opposite left thrice	I_TURN_RIGHT I_TURN_RIGHT I_TURN_LEFT I_TURN_LEFT I_JUMP I_TURN_LEFT I_TURN_LEFT I_JUMP I_TURN_LEFT I_TURN_LEFT I_JUMP
run right twice and jump around left thrice	I_TURN_RIGHT I_RUN I_TURN_RIGHT I_RUN I_TURN_LEFT I_JUMP I_TURN_LEFT I_JUMP I_TURN_LEFT I_JUMP I_TURN_LEFT I_JUMP I_TURN_LEFT I_JUMP I_TURN_LEFT I_JUMP I_TURN_LEFT I_JUMP I_TURN_LEFT I_JUMP I_TURN_LEFT I_JUMP I_TURN_LEFT I_JUMP I_TURN_LEFT I_JUMP I_TURN_LEFT I_JUMP
turn right thrice after walk around left thrice	I_TURN_LEFT I_WALK I_TURN_LEFT I_WALK I_TURN_LEFT I_WALK I_TURN_LEFT I_WALK I_TURN_LEFT I_WALK I_TURN_LEFT I_WALK I_TURN_LEFT I_WALK I_TURN_LEFT I_WALK I_TURN_LEFT I_WALK I_TURN_LEFT I_WALK I_TURN_LEFT I_WALK I_TURN_LEFT I_WALK I_TURN_RIGHT I_TURN_RIGHT I_TURN_RIGHT
run opposite right thrice after walk around right	I_TURN_RIGHT I_WALK I_TURN_RIGHT I_WALK I_TURN_RIGHT I_WALK I_TURN_RIGHT I_WALK I_TURN_RIGHT I_TURN_RIGHT I_RUN I_TURN_RIGHT I_TURN_RIGHT I_RUN I_TURN_RIGHT I_TURN_RIGHT I_RUN
turn left and turn opposite left twice	I_TURN_LEFT I_TURN_LEFT I_TURN_LEFT I_TURN_LEFT I_TURN_LEFT
run right thrice and jump opposite right	I_TURN_RIGHT I_RUN I_TURN_RIGHT I_RUN I_TURN_RIGHT I_RUN I_TURN_RIGHT I_TURN_RIGHT I_JUMP
jump around right after look opposite right	I_TURN_RIGHT I_TURN_RIGHT I_LOOK I_TURN_RIGHT I_JUMP I_TURN_RIGHT I_JUMP I_TURN_RIGHT I_JUMP I_TURN_RIGHT I_JUMP
look thrice and jump right thrice	I_LOOK I_LOOK I_LOOK I_TURN_RIGHT I_JUMP I_TURN_RIGHT I_JUMP I_TURN_RIGHT I_JUMP
walk right thrice and jump right	I_TURN_RIGHT I_WALK I_TURN_RIGHT I_WALK I_TURN_RIGHT I_WALK I_TURN_RIGHT I_JUMP
walk right thrice and look around right thrice	I_TURN_RIGHT I_WALK I_TURN_RIGHT I_WALK I_TURN_RIGHT I_WALK I_TURN_RIGHT I_LOOK I_TURN_RIGHT I_LOOK I_TURN_RIGHT I_LOOK I_TURN_RIGHT I_LOOK I_TURN_RIGHT I_LOOK I_TURN_RIGHT I_LOOK I_TURN_RIGHT I_LOOK I_TURN_RIGHT I_LOOK I_TURN_RIGHT I_LOOK I_TURN_RIGHT I_LOOK I_TURN_RIGHT I_LOOK I_TURN_RIGHT I_LOOK
walk left thrice after jump twice	I_JUMP I_JUMP I_TURN_LEFT I_WALK I_TURN_LEFT I_WALK I_TURN_LEFT I_WALK
turn left and turn around right	I_TURN_LEFT I_TURN_RIGHT I_TURN_RIGHT I_TURN_RIGHT I_TURN_RIGHT
look opposite left thrice and jump left thrice	I_TURN_LEFT I_TURN_LEFT I_LOOK I_TURN_LEFT I_TURN_LEFT I_LOOK I_TURN_LEFT I_TURN_LEFT I_LOOK I_TURN_LEFT I_JUMP I_TURN_LEFT I_JUMP I_TURN_LEFT I_JUMP
turn opposite right thrice after jump around right twice	I_TURN_RIGHT I_JUMP I_TURN_RIGHT I_JUMP I_TURN_RIGHT I_JUMP I_TURN_RIGHT I_JUMP I_TURN_RIGHT I_JUMP I_TURN_RIGHT I_JUMP I_TURN_RIGHT I_JUMP I_TURN_RIGHT I_JUMP I_TURN_RIGHT I_TURN_RIGHT I_TURN_RIGHT I_TURN_RIGHT I_TURN_RIGHT I_TURN_RIGHT
jump around left thrice and look	I_TURN_LEFT I_JUMP I_TURN_LEFT I_JUMP I_TURN_LEFT I_JUMP I_TURN_LEFT I_JUMP I_TURN_LEFT I_JUMP I_TURN_LEFT I_JUMP I_TURN_LEFT I_JUMP I_TURN_LEFT I_JUMP I_TURN_LEFT I_JUMP I_TURN_LEFT I_JUMP I_TURN_LEFT I_JUMP I_TURN_LEFT I_JUMP I_LOOK
walk left twice after jump right	I_TURN_RIGHT I_JUMP I_TURN_LEFT I_WALK I_TURN_LEFT I_WALK
run left thrice after jump around left	I_TURN_LEFT I_JUMP I_TURN_LEFT I_JUMP I_TURN_LEFT I_JUMP I_TURN_LEFT I_JUMP I_TURN_LEFT I_RUN I_TURN_LEFT I_RUN I_TURN_LEFT I_RUN
run around left and run around left twice	I_TURN_LEFT I_RUN I_TURN_LEFT I_RUN I_TURN_LEFT I_RUN I_TURN_LEFT I_RUN I_TURN_LEFT I_RUN I_TURN_LEFT I_RUN I_TURN_LEFT I_RUN I_TURN_LEFT I_RUN I_TURN_LEFT I_RUN I_TURN_LEFT I_RUN I_TURN_LEFT I_RUN I_TURN_LEFT I_RUN
walk around right after jump right twice	I_TURN_RIGHT I_JUMP I_TURN_RIGHT I_JUMP I_TURN_RIGHT I_WALK I_TURN_RIGHT I_WALK I_TURN_RIGHT I_WALK I_TURN_RIGHT I_WALK
look around right thrice after look around right	I_TURN_RIGHT I_LOOK I_TURN_RIGHT I_LOOK I_TURN_RIGHT I_LOOK I_TURN_RIGHT I_LOOK I_TURN_RIGHT I_LOOK I_TURN_RIGHT I_LOOK I_TURN_RIGHT I_LOOK I_TURN_RIGHT I_LOOK I_TURN_RIGHT I_LOOK I_TURN_RIGHT I_LOOK I_TURN_RIGHT I_LOOK I_TURN_RIGHT I_LOOK I_TURN_RIGHT I_LOOK I_TURN_RIGHT I_LOOK I_TURN_RIGHT I_LOOK I_TURN_RIGHT I_LOOK
jump left after run twice	I_RUN I_RUN I_TURN_LEFT I_JUMP
jump opposite right thrice after jump left thrice	I_TURN_LEFT I_JUMP I_TURN_LEFT I_JUMP I_TURN_LEFT I_JUMP I_TURN_RIGHT I_TURN_RIGHT I_JUMP I_TURN_RIGHT I_TURN_RIGHT I_JUMP I_TURN_RIGHT I_TURN_RIGHT I_JUMP
run around left thrice and run	I_TURN_LEFT I_RUN I_TURN_LEFT I_RUN I_TURN_LEFT I_RUN I_TURN_LEFT I_RUN I_TURN_LEFT I_RUN I_TURN_LEFT I_RUN I_TURN_LEFT I_RUN I_TURN_LEFT I_RUN I_TURN_LEFT I_RUN I_TURN_LEFT I_RUN I_TURN_LEFT I_RUN I_TURN_LEFT I_RUN I_RUN
run around right and run thrice	I_TURN_RIGHT I_RUN I_TURN_RIGHT I_RUN I_TURN_RIGHT I_RUN I_TURN_RIGHT I_RUN I_RUN I_RUN I_RUN
turn opposite right thrice and turn opposite left thrice	I_TURN_RIGHT I_TURN_RIGHT I_TURN_RIGHT I_TURN_RIGHT I_TURN_RIGHT I_TURN_RIGHT I_TURN_LEFT I_TURN_LEFT I_TURN_LEFT I_TURN_LEFT I_TURN_LEFT I_TURN_LEFT
turn right after walk left thrice	I_TURN_LEFT I_WALK I_TURN_LEFT I_WALK I_TURN_LEFT I_WALK I_TURN_RIGHT
run around left after run left	I_TURN_LEFT I_RUN I_TURN_LEFT I_RUN I_TURN_LEFT I_RUN I_TURN_LEFT I_RUN I_TURN_LEFT I_RUN
run around left thrice and look right thrice	I_TURN_LEFT I_RUN I_TURN_LEFT I_RUN I_TURN_LEFT I_RUN I_TURN_LEFT I_RUN I_TURN_LEFT I_RUN I_TURN_LEFT I_RUN I_TURN_LEFT I_RUN I_TURN_LEFT I_RUN I_TURN_LEFT I_RUN I_TURN_LEFT I_RUN I_TURN_LEFT I_RUN I_TURN_LEFT I_RUN I_TURN_RIGHT I_LOOK I_TURN_RIGHT I_LOOK I_TURN_RIGHT I_LOOK
jump opposite right thrice after turn opposite right thrice	I_TURN_RIGHT I_TURN_RIGHT I_TURN_RIGHT I_TURN_RIGHT I_TURN_RIGHT I_TURN_RIGHT I_TURN_RIGHT I_TURN_RIGHT I_JUMP I_TURN_RIGHT I_TURN_RIGHT I_JUMP I_TURN_RIGHT I_TURN_RIGHT I_JUMP
run thrice after run around left twice	I_TURN_LEFT I_RUN I_TURN_LEFT I_RUN I_TURN_LEFT I_RUN I_TURN_LEFT I_RUN I_TURN_LEFT I_RUN I_TURN_LEFT I_RUN I_TURN_LEFT I_RUN I_TURN_LEFT I_RUN I_RUN I_RUN I_RUN
jump left thrice after run right	I_TURN_RIGHT I_RUN I_TURN_LEFT I_JUMP I_TURN_LEFT I_JUMP I_TURN_LEFT I_JUMP
walk twice after look opposite right	I_TURN_RIGHT I_TURN_RIGHT I_LOOK I_WALK I_WALK
look opposite left after turn opposite left	I_TURN_LEFT I_TURN_LEFT I_TURN_LEFT I_TURN_LEFT I_LOOK
turn opposite right after walk left thrice	I_TURN_LEFT I_WALK I_TURN_LEFT I_WALK I_TURN_LEFT I_WALK I_TURN_RIGHT I_TURN_RIGHT
jump around right and look right thrice	I_TURN_RIGHT I_JUMP I_TURN_RIGHT I_JUMP I_TURN_RIGHT I_JUMP I_TURN_RIGHT I_JUMP I_TURN_RIGHT I_LOOK I_TURN_RIGHT I_LOOK I_TURN_RIGHT I_LOOK
turn right thrice after look around left twice	I_TURN_LEFT I_LOOK I_TURN_LEFT I_LOOK I_TURN_LEFT I_LOOK I_TURN_LEFT I_LOOK I_TURN_LEFT I_LOOK I_TURN_LEFT I_LOOK I_TURN_LEFT I_LOOK I_TURN_LEFT I_LOOK I_TURN_RIGHT I_TURN_RIGHT I_TURN_RIGHT
look right twice after jump opposite right thrice	I_TURN_RIGHT I_TURN_RIGHT I_JUMP I_TURN_RIGHT I_TURN_RIGHT I_JUMP I_TURN_RIGHT I_TURN_RIGHT I_JUMP I_TURN_RIGHT I_LOOK I_TURN_RIGHT I_LOOK
walk around right and walk opposite left	I_TURN_RIGHT I_WALK I_TURN_RIGHT I_WALK I_TURN_RIGHT I_WALK I_TURN_RIGHT I_WALK I_TURN_LEFT I_TURN_LEFT I_WALK
run left after turn around right twice	I_TURN_RIGHT I_TURN_RIGHT I_TURN_RIGHT I_TURN_RIGHT I_TURN_RIGHT I_TURN_RIGHT I_TURN_RIGHT I_TURN_RIGHT I_TURN_LEFT I_RUN
run left twice after jump left thrice	I_TURN_LEFT I_JUMP I_TURN_LEFT I_JUMP I_TURN_LEFT I_JUMP I_TURN_LEFT I_RUN I_TURN_LEFT I_RUN
look opposite left twice and run thrice	I_TURN_LEFT I_TURN_LEFT I_LOOK I_TURN_LEFT I_TURN_LEFT I_LOOK I_RUN I_RUN I_RUN
look opposite left and jump thrice	I_TURN_LEFT I_TURN_LEFT I_LOOK I_JUMP I_JUMP I_JUMP
walk and run opposite left twice	I_WALK I_TURN_LEFT I_TURN_LEFT I_RUN I_TURN_LEFT I_TURN_LEFT I_RUN
jump opposite right after run opposite left thrice	I_TURN_LEFT I_TURN_LEFT I_RUN I_TURN_LEFT I_TURN_LEFT I_RUN I_TURN_LEFT I_TURN_LEFT I_RUN I_TURN_RIGHT I_TURN_RIGHT I_JUMP
look right twice and look right thrice	I_TURN_RIGHT I_LOOK I_TURN_RIGHT I_LOOK I_TURN_RIGHT I_LOOK I_TURN_RIGHT I_LOOK I_TURN_RIGHT I_LOOK
turn opposite right and jump opposite right	I_TURN_RIGHT I_TURN_RIGHT I_TURN_RIGHT I_TURN_RIGHT I_JUMP
walk after turn opposite right twice	I_TURN_RIGHT I_TURN_RIGHT I_TURN_RIGHT I_TURN_RIGHT I_WALK
walk right thrice after jump right thrice	I_TURN_RIGHT I_JUMP I_TURN_RIGHT I_JUMP I_TURN_RIGHT I_JUMP I_TURN_RIGHT I_WALK I_TURN_RIGHT I_WALK I_TURN_RIGHT I_WALK
walk thrice and run right twice	I_WALK I_WALK I_WALK I_TURN_RIGHT I_RUN I_TURN_RIGHT I_RUN
turn opposite right twice after walk left	I_TURN_LEFT I_WALK I_TURN_RIGHT I_TURN_RIGHT I_TURN_RIGHT I_TURN_RIGHT
look around right twice after turn around right	I_TURN_RIGHT I_TURN_RIGHT I_TURN_RIGHT I_TURN_RIGHT I_TURN_RIGHT I_LOOK I_TURN_RIGHT I_LOOK I_TURN_RIGHT I_LOOK I_TURN_RIGHT I_LOOK I_TURN_RIGHT I_LOOK I_TURN_RIGHT I_LOOK I_TURN_RIGHT I_LOOK I_TURN_RIGHT I_LOOK
turn opposite right after run	I_RUN I_TURN_RIGHT I_TURN_RIGHT
look twice and jump right thrice	I_LOOK I_LOOK I_TURN_RIGHT I_JUMP I_TURN_RIGHT I_JUMP I_TURN_RIGHT I_JUMP
turn opposite right thrice and jump around right	I_TURN_RIGHT I_TURN_RIGHT I_TURN_RIGHT I_TURN_RIGHT I_TURN_RIGHT I_TURN_RIGHT I_TURN_RIGHT I_JUMP I_TURN_RIGHT I_JUMP I_TURN_RIGHT I_JUMP I_TURN_RIGHT I_JUMP
look opposite right and walk	I_TURN_RIGHT I_TURN_RIGHT I_LOOK I_WALK
jump opposite right after walk opposite left thrice	I_TURN_LEFT I_TURN_LEFT I_WALK I_TURN_LEFT I_TURN_LEFT I_WALK I_TURN_LEFT I_TURN_LEFT I_WALK I_TURN_RIGHT I_TURN_RIGHT I_JUMP
walk around right twice and look around right thrice	I_TURN_RIGHT I_WALK I_TURN_RIGHT I_WALK I_TURN_RIGHT I_WALK I_TURN_RIGHT I_WALK I_TURN_RIGHT I_WALK I_TURN_RIGHT I_WALK I_TURN_RIGHT I_WALK I_TURN_RIGHT I_WALK I_TURN_RIGHT I_LOOK I_TURN_RIGHT I_LOOK I_TURN_RIGHT I_LOOK I_TURN_RIGHT I_LOOK I_TURN_RIGHT I_LOOK I_TURN_RIGHT I_LOOK I_TURN_RIGHT I_LOOK I_TURN_RIGHT I_LOOK I_TURN_RIGHT I_LOOK I_TURN_RIGHT I_LOOK I_TURN_RIGHT I_LOOK I_TURN_RIGHT I_LOOK
look left twice and walk thrice	I_TURN_LEFT I_LOOK I_TURN_LEFT I_LOOK I_WALK I_WALK I_WALK
walk opposite left twice and look opposite left	I_TURN_LEFT I_TURN_LEFT I_WALK I_TURN_LEFT I_TURN_LEFT I_WALK I_TURN_LEFT I_TURN_LEFT I_LOOK
walk opposite right thrice and run opposite right	I_TURN_RIGHT I_TURN_RIGHT I_WALK I_TURN_RIGHT I_TURN_RIGHT I_WALK I_TURN_RIGHT I_TURN_RIGHT I_WALK I_TURN_RIGHT I_TURN_RIGHT I_RUN
look opposite right after run twice	I_RUN I_RUN I_TURN_RIGHT I_TURN_RIGHT I_LOOK
turn right thrice and turn around left thrice	I_TURN_RIGHT I_TURN_RIGHT I_TURN_RIGHT I_TURN_LEFT I_TURN_LEFT I_TURN_LEFT I_TURN_LEFT I_TURN_LEFT I_TURN_LEFT I_TURN_LEFT I_TURN_LEFT I_TURN_LEFT I_TURN_LEFT I_TURN_LEFT I_TURN_LEFT
look right after jump around left twice	I_TURN_LEFT I_JUMP I_TURN_LEFT I_JUMP I_TURN_LEFT I_JUMP I_TURN_LEFT I_JUMP I_TURN_LEFT I_JUMP I_TURN_LEFT I_JUMP I_TURN_LEFT I_JUMP I_TURN_LEFT I_JUMP I_TURN_RIGHT I_LOOK
look opposite left after run twice	I_RUN I_RUN I_TURN_LEFT I_TURN_LEFT I_LOOK
look around right thrice after run opposite left twice	I_TURN_LEFT I_TURN_LEFT I_RUN I_TURN_LEFT I_TURN_LEFT I_RUN I_TURN_RIGHT I_LOOK I_TURN_RIGHT I_LOOK I_TURN_RIGHT I_LOOK I_TURN_RIGHT I_LOOK I_TURN_RIGHT I_LOOK I_TURN_RIGHT I_LOOK I_TURN_RIGHT I_LOOK I_TURN_RIGHT I_LOOK I_TURN_RIGHT I_LOOK I_TURN_RIGHT I_LOOK I_TURN_RIGHT I_LOOK I_TURN_RIGHT I_LOOK
look around left after run right twice	I_TURN_RIGHT I_RUN I_TURN_RIGHT I_RUN I_TURN_LEFT I_LOOK I_TURN_LEFT I_LOOK I_TURN_LEFT I_LOOK I_TURN_LEFT I_LOOK
look around right twice after look opposite right thrice	I_TURN_RIGHT I_TURN_RIGHT I_LOOK I_TURN_RIGHT I_TURN_RIGHT I_LOOK I_TURN_RIGHT I_TURN_RIGHT I_LOOK I_TURN_RIGHT I_LOOK I_TURN_RIGHT I_LOOK I_TURN_RIGHT I_LOOK I_TURN_RIGHT I_LOOK I_TURN_RIGHT I_LOOK I_TURN_RIGHT I_LOOK I_TURN_RIGHT I_LOOK I_TURN_RIGHT I_LOOK
turn opposite left twice and run opposite left thrice	I_TURN_LEFT I_TURN_LEFT I_TURN_LEFT I_TURN_LEFT I_TURN_LEFT I_TURN_LEFT I_RUN I_TURN_LEFT I_TURN_LEFT I_RUN I_TURN_LEFT I_TURN_LEFT I_RUN
turn left thrice after walk opposite left	I_TURN_LEFT I_TURN_LEFT I_WALK I_TURN_LEFT I_TURN_LEFT I_TURN_LEFT
turn around left thrice and turn right twice	I_TURN_LEFT I_TURN_LEFT I_TURN_LEFT I_TURN_LEFT I_TURN_LEFT I_TURN_LEFT I_TURN_LEFT I_TURN_LEFT I_TURN_LEFT I_TURN_LEFT I_TURN_LEFT I_TURN_LEFT I_TURN_RIGHT I_TURN_RIGHT
walk right thrice and jump opposite right	I_TURN_RIGHT I_WALK I_TURN_RIGHT I_WALK I_TURN_RIGHT I_WALK I_TURN_RIGHT I_TURN_RIGHT I_JUMP
jump right and run around right twice	I_TURN_RIGHT I_JUMP I_TURN_RIGHT I_RUN I_TURN_RIGHT I_RUN I_TURN_RIGHT I_RUN I_TURN_RIGHT I_RUN I_TURN_RIGHT I_RUN I_TURN_RIGHT I_RUN I_TURN_RIGHT I_RUN I_TURN_RIGHT I_RUN
turn around left twice and look around right thrice	I_TURN_LEFT I_TURN_LEFT I_TURN_LEFT I_TURN_LEFT I_TURN_LEFT I_TURN_LEFT I_TURN_LEFT I_TURN_LEFT I_TURN_RIGHT I_LOOK I_TURN_RIGHT I_LOOK I_TURN_RIGHT I_LOOK I_TURN_RIGHT I_LOOK I_TURN_RIGHT I_LOOK I_TURN_RIGHT I_LOOK I_TURN_RIGHT I_LOOK I_TURN_RIGHT I_LOOK I_TURN_RIGHT I_LOOK I_TURN_RIGHT I_LOOK I_TURN_RIGHT I_LOOK I_TURN_RIGHT I_LOOK
run right thrice and run opposite left twice	I_TURN_RIGHT I_RUN I_TURN_RIGHT I_RUN I_TURN_RIGHT I_RUN I_TURN_LEFT I_TURN_LEFT I_RUN I_TURN_LEFT I_TURN_LEFT I_RUN
walk opposite right thrice and look twice	I_TURN_RIGHT I_TURN_RIGHT I_WALK I_TURN_RIGHT I_TURN_RIGHT I_WALK I_TURN_RIGHT I_TURN_RIGHT I_WALK I_LOOK I_LOOK
look opposite left twice and turn around left	I_TURN_LEFT I_TURN_LEFT I_LOOK I_TURN_LEFT I_TURN_LEFT I_LOOK I_TURN_LEFT I_TURN_LEFT I_TURN_LEFT I_TURN_LEFT
turn left twice and turn opposite right twice	I_TURN_LEFT I_TURN_LEFT I_TURN_RIGHT I_TURN_RIGHT I_TURN_RIGHT I_TURN_RIGHT
look right thrice after run right	I_TURN_RIGHT I_RUN I_TURN_RIGHT I_LOOK I_TURN_RIGHT I_LOOK I_TURN_RIGHT I_LOOK
look opposite left after walk right	I_TURN_RIGHT I_WALK I_TURN_LEFT I_TURN_LEFT I_LOOK
look twice and walk around right twice	I_LOOK I_LOOK I_TURN_RIGHT I_WALK I_TURN_RIGHT I_WALK I_TURN_RIGHT I_WALK I_TURN_RIGHT I_WALK I_TURN_RIGHT I_WALK I_TURN_RIGHT I_WALK I_TURN_RIGHT I_WALK I_TURN_RIGHT I_WALK
walk opposite left and walk left	I_TURN_LEFT I_TURN_LEFT I_WALK I_TURN_LEFT I_WALK
look opposite left thrice and jump thrice	I_TURN_LEFT I_TURN_LEFT I_LOOK I_TURN_LEFT I_TURN_LEFT I_LOOK I_TURN_LEFT I_TURN_LEFT I_LOOK I_JUMP I_JUMP I_JUMP
run around left twice after jump thrice	I_JUMP I_JUMP I_JUMP I_TURN_LEFT I_RUN I_TURN_LEFT I_RUN I_TURN_LEFT I_RUN I_TURN_LEFT I_RUN I_TURN_LEFT I_RUN I_TURN_LEFT I_RUN I_TURN_LEFT I_RUN I_TURN_LEFT I_RUN
run right thrice and jump right	I_TURN_RIGHT I_RUN I_TURN_RIGHT I_RUN I_TURN_RIGHT I_RUN I_TURN_RIGHT I_JUMP
turn opposite left twice and walk	I_TURN_LEFT I_TURN_LEFT I_TURN_LEFT I_TURN_LEFT I_WALK
jump right and jump around right	I_TURN_RIGHT I_JUMP I_TURN_RIGHT I_JUMP I_TURN_RIGHT I_JUMP I_TURN_RIGHT I_JUMP I_TURN_RIGHT I_JUMP
walk around right and run left	I_TURN_RIGHT I_WALK I_TURN_RIGHT I_WALK I_TURN_RIGHT I_WALK I_TURN_RIGHT I_WALK I_TURN_LEFT I_RUN
walk opposite left after turn opposite left twice	I_TURN_LEFT I_TURN_LEFT I_TURN_LEFT I_TURN_LEFT I_TURN_LEFT I_TURN_LEFT I_WALK
run opposite right thrice after jump thrice	I_JUMP I_JUMP I_JUMP I_TURN_RIGHT I_TURN_RIGHT I_RUN I_TURN_RIGHT I_TURN_RIGHT I_RUN I_TURN_RIGHT I_TURN_RIGHT I_RUN
turn around left twice after walk left thrice	I_TURN_LEFT I_WALK I_TURN_LEFT I_WALK I_TURN_LEFT I_WALK I_TURN_LEFT I_TURN_LEFT I_TURN_LEFT I_TURN_LEFT I_TURN_LEFT I_TURN_LEFT I_TURN_LEFT I_TURN_LEFT
look opposite right and walk left	I_TURN_RIGHT I_TURN_RIGHT I_LOOK I_TURN_LEFT I_WALK
look opposite right after look right	I_TURN_RIGHT I_LOOK I_TURN_RIGHT I_TURN_RIGHT I_LOOK
turn left twice after run right	I_TURN_RIGHT I_RUN I_TURN_LEFT I_TURN_LEFT
jump right twice and look around left	I_TURN_RIGHT I_JUMP I_TURN_RIGHT I_JUMP I_TURN_LEFT I_LOOK I_TURN_LEFT I_LOOK I_TURN_LEFT I_LOOK I_TURN_LEFT I_LOOK
turn around left thrice and jump twice	I_TURN_LEFT I_TURN_LEFT I_TURN_LEFT I_TURN_LEFT I_TURN_LEFT I_TURN_LEFT I_TURN_LEFT I_TURN_LEFT I_TURN_LEFT I_TURN_LEFT I_TURN_LEFT I_TURN_LEFT I_JUMP I_JUMP
look opposite left thrice and look around right twice	I_TURN_LEFT I_TURN_LEFT I_LOOK I_TURN_LEFT I_TURN_LEFT I_LOOK I_TURN_LEFT I_TURN_LEFT I_LOOK I_TURN_RIGHT I_LOOK I_TURN_RIGHT I_LOOK I_TURN_RIGHT I_LOOK I_TURN_RIGHT I_LOOK I_TURN_RIGHT I_LOOK I_TURN_RIGHT I_LOOK I_TURN_RIGHT I_LOOK I_TURN_RIGHT I_LOOK
look opposite right twice and jump	I_TURN_RIGHT I_TURN_RIGHT I_LOOK I_TURN_RIGHT I_TURN_RIGHT I_LOOK I_JUMP
jump around left twice after jump opposite left thrice	I_TURN_LEFT I_TURN_LEFT I_JUMP I_TURN_LEFT I_TURN_LEFT I_JUMP I_TURN_LEFT I_TURN_LEFT I_JUMP I_TURN_LEFT I_JUMP I_TURN_LEFT I_JUMP I_TURN_LEFT I_JUMP I_TURN_LEFT I_JUMP I_TURN_LEFT I_JUMP I_TURN_LEFT I_JUMP I_TURN_LEFT I_JUMP I_TURN_LEFT I_JUMP
walk opposite right twice and jump around left	I_TURN_RIGHT I_TURN_RIGHT I_WALK I_TURN_RIGHT I_TURN_RIGHT I_WALK I_TURN_LEFT I_JUMP I_TURN_LEFT I_JUMP I_TURN_LEFT I_JUMP I_TURN_LEFT I_JUMP
run opposite right after look opposite right thrice	I_TURN_RIGHT I_TURN_RIGHT I_LOOK I_TURN_RIGHT I_TURN_RIGHT I_LOOK I_TURN_RIGHT I_TURN_RIGHT I_LOOK I_TURN_RIGHT I_TURN_RIGHT I_RUN
run twice and look left twice	I_RUN I_RUN I_TURN_LEFT I_LOOK I_TURN_LEFT I_LOOK
turn around left after run left	I_TURN_LEFT I_RUN I_TURN_LEFT I_TURN_LEFT I_TURN_LEFT I_TURN_LEFT
run right after jump thrice	I_JUMP I_JUMP I_JUMP I_TURN_RIGHT I_RUN
run around left twice and jump opposite right twice	I_TURN_LEFT I_RUN I_TURN_LEFT I_RUN I_TURN_LEFT I_RUN I_TURN_LEFT I_RUN I_TURN_LEFT I_RUN I_TURN_LEFT I_RUN I_TURN_LEFT I_RUN I_TURN_LEFT I_RUN I_TURN_RIGHT I_TURN_RIGHT I_JUMP I_TURN_RIGHT I_TURN_RIGHT I_JUMP
run left twice after walk right	I_TURN_RIGHT I_WALK I_TURN_LEFT I_RUN I_TURN_LEFT I_RUN
walk around right thrice after jump left	I_TURN_LEFT I_JUMP I_TURN_RIGHT I_WALK I_TURN_RIGHT I_WALK I_TURN_RIGHT I_WALK I_TURN_RIGHT I_WALK I_TURN_RIGHT I_WALK I_TURN_RIGHT I_WALK I_TURN_RIGHT I_WALK I_TURN_RIGHT I_WALK I_TURN_RIGHT I_WALK I_TURN_RIGHT I_WALK I_TURN_RIGHT I_WALK I_TURN_RIGHT I_WALK
walk opposite left twice and run left twice	I_TURN_LEFT I_TURN_LEFT I_WALK I_TURN_LEFT I_TURN_LEFT I_WALK I_TURN_LEFT I_RUN I_TURN_LEFT I_RUN
look opposite left and jump opposite right	I_TURN_LEFT I_TURN_LEFT I_LOOK I_TURN_RIGHT I_TURN_RIGHT I_JUMP
walk and look around left thrice	I_WALK I_TURN_LEFT I_LOOK I_TURN_LEFT I_LOOK I_TURN_LEFT I_LOOK I_TURN_LEFT I_LOOK I_TURN_LEFT I_LOOK I_TURN_LEFT I_LOOK I_TURN_LEFT I_LOOK I_TURN_LEFT I_LOOK I_TURN_LEFT I_LOOK I_TURN_LEFT I_LOOK I_TURN_LEFT I_LOOK I_TURN_LEFT I_LOOK
jump after run around right thrice	I_TURN_RIGHT I_RUN I_TURN_RIGHT I_RUN I_TURN_RIGHT I_RUN I_TURN_RIGHT I_RUN I_TURN_RIGHT I_RUN I_TURN_RIGHT I_RUN I_TURN_RIGHT I_RUN I_TURN_RIGHT I_RUN I_TURN_RIGHT I_RUN I_TURN_RIGHT I_RUN I_TURN_RIGHT I_RUN I_TURN_RIGHT I_RUN I_JUMP
run right twice and jump right twice	I_TURN_RIGHT I_RUN I_TURN_RIGHT I_RUN I_TURN_RIGHT I_JUMP I_TURN_RIGHT I_JUMP
turn around left thrice and jump around right twice	I_TURN_LEFT I_TURN_LEFT I_TURN_LEFT I_TURN_LEFT I_TURN_LEFT I_TURN_LEFT I_TURN_LEFT I_TURN_LEFT I_TURN_LEFT I_TURN_LEFT I_TURN_LEFT I_TURN_LEFT I_TURN_RIGHT I_JUMP I_TURN_RIGHT I_JUMP I_TURN_RIGHT I_JUMP I_TURN_RIGHT I_JUMP I_TURN_RIGHT I_JUMP I_TURN_RIGHT I_JUMP I_TURN_RIGHT I_JUMP I_TURN_RIGHT I_JUMP
turn opposite right thrice and turn left twice	I_TURN_RIGHT I_TURN_RIGHT I_TURN_RIGHT I_TURN_RIGHT I_TURN_RIGHT I_TURN_RIGHT I_TURN_LEFT I_TURN_LEFT
look around left after look around left	I_TURN_LEFT I_LOOK I_TURN_LEFT I_LOOK I_TURN_LEFT I_LOOK I_TURN_LEFT I_LOOK I_TURN_LEFT I_LOOK I_TURN_LEFT I_LOOK I_TURN_LEFT I_LOOK I_TURN_LEFT I_LOOK
run right twice after walk opposite left thrice	I_TURN_LEFT I_TURN_LEFT I_WALK I_TURN_LEFT I_TURN_LEFT I_WALK I_TURN_LEFT I_TURN_LEFT I_WALK I_TURN_RIGHT I_RUN I_TURN_RIGHT I_RUN
look left thrice after run	I_RUN I_TURN_LEFT I_LOOK I_TURN_LEFT I_LOOK I_TURN_LEFT I_LOOK
look around left twice and turn around right	I_TURN_LEFT I_LOOK I_TURN_LEFT I_LOOK I_TURN_LEFT I_LOOK I_TURN_LEFT I_LOOK I_TURN_LEFT I_LOOK I_TURN_LEFT I_LOOK I_TURN_LEFT I_LOOK I_TURN_LEFT I_LOOK I_TURN_RIGHT I_TURN_RIGHT I_TURN_RIGHT I_TURN_RIGHT
jump after jump right thrice	I_TURN_RIGHT I_JUMP I_TURN_RIGHT I_JUMP I_TURN_RIGHT I_JUMP I_JUMP
walk opposite right thrice after jump thrice	I_JUMP I_JUMP I_JUMP I_TURN_RIGHT I_TURN_RIGHT I_WALK I_TURN_RIGHT I_TURN_RIGHT I_WALK I_TURN_RIGHT I_TURN_RIGHT I_WALK
jump around right thrice after jump opposite left twice	I_TURN_LEFT I_TURN_LEFT I_JUMP I_TURN_LEFT I_TURN_LEFT I_JUMP I_TURN_RIGHT I_JUMP I_TURN_RIGHT I_JUMP I_TURN_RIGHT I_JUMP I_TURN_RIGHT I_JUMP I_TURN_RIGHT I_JUMP I_TURN_RIGHT I_JUMP I_TURN_RIGHT I_JUMP I_TURN_RIGHT I_JUMP I_TURN_RIGHT I_JUMP I_TURN_RIGHT I_JUMP I_TURN_RIGHT I_JUMP I_TURN_RIGHT I_JUMP
jump right twice and walk right twice	I_TURN_RIGHT I_JUMP I_TURN_RIGHT I_JUMP I_TURN_RIGHT I_WALK I_TURN_RIGHT I_WALK
walk right twice and jump opposite right twice	I_TURN_RIGHT I_WALK I_TURN_RIGHT I_WALK I_TURN_RIGHT I_TURN_RIGHT I_JUMP I_TURN_RIGHT I_TURN_RIGHT I_JUMP
jump after walk opposite left thrice	I_TURN_LEFT I_TURN_LEFT I_WALK I_TURN_LEFT I_TURN_LEFT I_WALK I_TURN_LEFT I_TURN_LEFT I_WALK I_JUMP
jump opposite right after jump around left thrice	I_TURN_LEFT I_JUMP I_TURN_LEFT I_JUMP I_TURN_LEFT I_JUMP I_TURN_LEFT I_JUMP I_TURN_LEFT I_JUMP I_TURN_LEFT I_JUMP I_TURN_LEFT I_JUMP I_TURN_LEFT I_JUMP I_TURN_LEFT I_JUMP I_TURN_LEFT I_JUMP I_TURN_LEFT I_JUMP I_TURN_LEFT I_JUMP I_TURN_RIGHT I_TURN_RIGHT I_JUMP
walk opposite left thrice after run opposite left	I_TURN_LEFT I_TURN_LEFT I_RUN I_TURN_LEFT I_TURN_LEFT I_WALK I_TURN_LEFT I_TURN_LEFT I_WALK I_TURN_LEFT I_TURN_LEFT I_WALK
run and jump twice	I_RUN I_JUMP I_JUMP
jump right thrice and run opposite right	I_TURN_RIGHT I_JUMP I_TURN_RIGHT I_JUMP I_TURN_RIGHT I_JUMP I_TURN_RIGHT I_TURN_RIGHT I_RUN
jump opposite right thrice after look right	I_TURN_RIGHT I_LOOK I_TURN_RIGHT I_TURN_RIGHT I_JUMP I_TURN_RIGHT I_TURN_RIGHT I_JUMP I_TURN_RIGHT I_TURN_RIGHT I_JUMP
look left thrice after jump thrice	I_JUMP I_JUMP I_JUMP I_TURN_LEFT I_LOOK I_TURN_LEFT I_LOOK I_TURN_LEFT I_LOOK
look around left twice and look right thrice	I_TURN_LEFT I_LOOK I_TURN_LEFT I_LOOK I_TURN_LEFT I_LOOK I_TURN_LEFT I_LOOK I_TURN_LEFT I_LOOK I_TURN_LEFT I_LOOK I_TURN_LEFT I_LOOK I_TURN_LEFT I_LOOK I_TURN_RIGHT I_LOOK I_TURN_RIGHT I_LOOK I_TURN_RIGHT I_LOOK
look opposite right twice and look twice	I_TURN_RIGHT I_TURN_RIGHT I_LOOK I_TURN_RIGHT I_TURN_RIGHT I_LOOK I_LOOK I_LOOK
turn around left after walk right thrice	I_TURN_RIGHT I_WALK I_TURN_RIGHT I_WALK I_TURN_RIGHT I_WALK I_TURN_LEFT I_TURN_LEFT I_TURN_LEFT I_TURN_LEFT
jump opposite left twice and jump right thrice	I_TURN_LEFT I_TURN_LEFT I_JUMP I_TURN_LEFT I_TURN_LEFT I_JUMP I_TURN_RIGHT I_JUMP I_TURN_RIGHT I_JUMP I_TURN_RIGHT I_JUMP
turn opposite left twice after walk around left thrice	I_TURN_LEFT I_WALK I_TURN_LEFT I_WALK I_TURN_LEFT I_WALK I_TURN_LEFT I_WALK I_TURN_LEFT I_WALK I_TURN_LEFT I_WALK I_TURN_LEFT I_WALK I_TURN_LEFT I_WALK I_TURN_LEFT I_WALK I_TURN_LEFT I_WALK I_TURN_LEFT I_WALK I_TURN_LEFT I_WALK I_TURN_LEFT I_TURN_LEFT I_TURN_LEFT I_TURN_LEFT
run left and look around left twice	I_TURN_LEFT I_RUN I_TURN_LEFT I_LOOK I_TURN_LEFT I_LOOK I_TURN_LEFT I_LOOK I_TURN_LEFT I_LOOK I_TURN_LEFT I_LOOK I_TURN_LEFT I_LOOK I_TURN_LEFT I_LOOK I_TURN_LEFT I_LOOK
turn opposite left and turn opposite right twice	I_TURN_LEFT I_TURN_LEFT I_TURN_RIGHT I_TURN_RIGHT I_TURN_RIGHT I_TURN_RIGHT
look right and turn opposite left twice	I_TURN_RIGHT I_LOOK I_TURN_LEFT I_TURN_LEFT I_TURN_LEFT I_TURN_LEFT
turn opposite left thrice after walk twice	I_WALK I_WALK I_TURN_LEFT I_TURN_LEFT I_TURN_LEFT I_TURN_LEFT I_TURN_LEFT I_TURN_LEFT
jump left and look around right	I_TURN_LEFT I_JUMP I_TURN_RIGHT I_LOOK I_TURN_RIGHT I_LOOK I_TURN_RIGHT I_LOOK I_TURN_RIGHT I_LOOK
run left twice and run left twice	I_TURN_LEFT I_RUN I_TURN_LEFT I_RUN I_TURN_LEFT I_RUN I_TURN_LEFT I_RUN
walk left thrice after jump around right thrice	I_TURN_RIGHT I_JUMP I_TURN_RIGHT I_JUMP I_TURN_RIGHT I_JUMP I_TURN_RIGHT I_JUMP I_TURN_RIGHT I_JUMP I_TURN_RIGHT I_JUMP I_TURN_RIGHT I_JUMP I_TURN_RIGHT I_JUMP I_TURN_RIGHT I_JUMP I_TURN_RIGHT I_JUMP I_TURN_RIGHT I_JUMP I_TURN_RIGHT I_JUMP I_TURN_LEFT I_WALK I_TURN_LEFT I_WALK I_TURN_LEFT I_WALK
look opposite left thrice after look right	I_TURN_RIGHT I_LOOK I_TURN_LEFT I_TURN_LEFT I_LOOK I_TURN_LEFT I_TURN_LEFT I_LOOK I_TURN_LEFT I_TURN_LEFT I_LOOK
run right thrice and turn around right	I_TURN_RIGHT I_RUN I_TURN_RIGHT I_RUN I_TURN_RIGHT I_RUN I_TURN_RIGHT I_TURN_RIGHT I_TURN_RIGHT I_TURN_RIGHT
turn opposite left twice after look left thrice	I_TURN_LEFT I_LOOK I_TURN_LEFT I_LOOK I_TURN_LEFT I_LOOK I_TURN_LEFT I_TURN_LEFT I_TURN_LEFT I_TURN_LEFT
turn around right thrice after look left twice	I_TURN_LEFT I_LOOK I_TURN_LEFT I_LOOK I_TURN_RIGHT I_TURN_RIGHT I_TURN_RIGHT I_TURN_RIGHT I_TURN_RIGHT I_TURN_RIGHT I_TURN_RIGHT I_TURN_RIGHT I_TURN_RIGHT I_TURN_RIGHT I_TURN_RIGHT I_TURN_RIGHT
walk around left after walk left thrice	I_TURN_LEFT I_WALK I_TURN_LEFT I_WALK I_TURN_LEFT I_WALK I_TURN_LEFT I_WALK I_TURN_LEFT I_WALK I_TURN_LEFT I_WALK I_TURN_LEFT I_WALK
walk right twice after jump opposite right	I_TURN_RIGHT I_TURN_RIGHT I_JUMP I_TURN_RIGHT I_WALK I_TURN_RIGHT I_WALK
look around left and look around left	I_TURN_LEFT I_LOOK I_TURN_LEFT I_LOOK I_TURN_LEFT I_LOOK I_TURN_LEFT I_LOOK I_TURN_LEFT I_LOOK I_TURN_LEFT I_LOOK I_TURN_LEFT I_LOOK I_TURN_LEFT I_LOOK
run opposite right after look opposite left	I_TURN_LEFT I_TURN_LEFT I_LOOK I_TURN_RIGHT I_TURN_RIGHT I_RUN
jump opposite left and turn right	I_TURN_LEFT I_TURN_LEFT I_JUMP I_TURN_RIGHT
turn opposite left thrice after walk opposite left thrice	I_TURN_LEFT I_TURN_LEFT I_WALK I_TURN_LEFT I_TURN_LEFT I_WALK I_TURN_LEFT I_TURN_LEFT I_WALK I_TURN_LEFT I_TURN_LEFT I_TURN_LEFT I_TURN_LEFT I_TURN_LEFT I_TURN_LEFT
jump opposite right twice and jump opposite right	I_TURN_RIGHT I_TURN_RIGHT I_JUMP I_TURN_RIGHT I_TURN_RIGHT I_JUMP I_TURN_RIGHT I_TURN_RIGHT I_JUMP
jump around left thrice and walk around left twice	I_TURN_LEFT I_JUMP I_TURN_LEFT I_JUMP I_TURN_LEFT I_JUMP I_TURN_LEFT I_JUMP I_TURN_LEFT I_JUMP I_TURN_LEFT I_JUMP I_TURN_LEFT I_JUMP I_TURN_LEFT I_JUMP I_TURN_LEFT I_JUMP I_TURN_LEFT I_JUMP I_TURN_LEFT I_JUMP I_TURN_LEFT I_JUMP I_TURN_LEFT I_WALK I_TURN_LEFT I_WALK I_TURN_LEFT I_WALK I_TURN_LEFT I_WALK I_TURN_LEFT I_WALK I_TURN_LEFT I_WALK I_TURN_LEFT I_WALK I_TURN_LEFT I_WALK
run right and look	I_TURN_RIGHT I_RUN I_LOOK
walk around right twice after turn left	I_TURN_LEFT I_TURN_RIGHT I_WALK I_TURN_RIGHT I_WALK I_TURN_RIGHT I_WALK I_TURN_RIGHT I_WALK I_TURN_RIGHT I_WALK I_TURN_RIGHT I_WALK I_TURN_RIGHT I_WALK I_TURN_RIGHT I_WALK
turn around left thrice and walk opposite left thrice	I_TURN_LEFT I_TURN_LEFT I_TURN_LEFT I_TURN_LEFT I_TURN_LEFT I_TURN_LEFT I_TURN_LEFT I_TURN_LEFT I_TURN_LEFT I_TURN_LEFT I_TURN_LEFT I_TURN_LEFT I_TURN_LEFT I_TURN_LEFT I_WALK I_TURN_LEFT I_TURN_LEFT I_WALK I_TURN_LEFT I_TURN_LEFT I_WALK
run right thrice and jump opposite left twice	I_TURN_RIGHT I_RUN I_TURN_RIGHT I_RUN I_TURN_RIGHT I_RUN I_TURN_LEFT I_TURN_LEFT I_JUMP I_TURN_LEFT I_TURN_LEFT I_JUMP
walk around right thrice after jump opposite right twice	I_TURN_RIGHT I_TURN_RIGHT I_JUMP I_TURN_RIGHT I_TURN_RIGHT I_JUMP I_TURN_RIGHT I_WALK I_TURN_RIGHT I_WALK I_TURN_RIGHT I_WALK I_TURN_RIGHT I_WALK I_TURN_RIGHT I_WALK I_TURN_RIGHT I_WALK I_TURN_RIGHT I_WALK I_TURN_RIGHT I_WALK I_TURN_RIGHT I_WALK I_TURN_RIGHT I_WALK I_TURN_RIGHT I_WALK I_TURN_RIGHT I_WALK
walk around right thrice and look opposite right thrice	I_TURN_RIGHT I_WALK I_TURN_RIGHT I_WALK I_TURN_RIGHT I_WALK I_TURN_RIGHT I_WALK I_TURN_RIGHT I_WALK I_TURN_RIGHT I_WALK I_TURN_RIGHT I_WALK I_TURN_RIGHT I_WALK I_TURN_RIGHT I_WALK I_TURN_RIGHT I_WALK I_TURN_RIGHT I_WALK I_TURN_RIGHT I_WALK I_TURN_RIGHT I_TURN_RIGHT I_LOOK I_TURN_RIGHT I_TURN_RIGHT I_LOOK I_TURN_RIGHT I_TURN_RIGHT I_LOOK
turn left after run right	I_TURN_RIGHT I_RUN I_TURN_LEFT
jump around right twice after jump	I_JUMP I_TURN_RIGHT I_JUMP I_TURN_RIGHT I_JUMP I_TURN_RIGHT I_JUMP I_TURN_RIGHT I_JUMP I_TURN_RIGHT I_JUMP I_TURN_RIGHT I_JUMP I_TURN_RIGHT I_JUMP I_TURN_RIGHT I_JUMP
walk left after jump around right thrice	I_TURN_RIGHT I_JUMP I_TURN_RIGHT I_JUMP I_TURN_RIGHT I_JUMP I_TURN_RIGHT I_JUMP I_TURN_RIGHT I_JUMP I_TURN_RIGHT I_JUMP I_TURN_RIGHT I_JUMP I_TURN_RIGHT I_JUMP I_TURN_RIGHT I_JUMP I_TURN_RIGHT I_JUMP I_TURN_RIGHT I_JUMP I_TURN_RIGHT I_JUMP I_TURN_LEFT I_WALK
look around left twice after run opposite left	I_TURN_LEFT I_TURN_LEFT I_RUN I_TURN_LEFT I_LOOK I_TURN_LEFT I_LOOK I_TURN_LEFT I_LOOK I_TURN_LEFT I_LOOK I_TURN_LEFT I_LOOK I_TURN_LEFT I_LOOK I_TURN_LEFT I_LOOK I_TURN_LEFT I_LOOK
walk after walk around right thrice	I_TURN_RIGHT I_WALK I_TURN_RIGHT I_WALK I_TURN_RIGHT I_WALK I_TURN_RIGHT I_WALK I_TURN_RIGHT I_WALK I_TURN_RIGHT I_WALK I_TURN_RIGHT I_WALK I_TURN_RIGHT I_WALK I_TURN_RIGHT I_WALK I_TURN_RIGHT I_WALK I_TURN_RIGHT I_WALK I_TURN_RIGHT I_WALK I_WALK
jump opposite right twice and run right thrice	I_TURN_RIGHT I_TURN_RIGHT I_JUMP I_TURN_RIGHT I_TURN_RIGHT I_JUMP I_TURN_RIGHT I_RUN I_TURN_RIGHT I_RUN I_TURN_RIGHT I_RUN
jump around left twice and look thrice	I_TURN_LEFT I_JUMP I_TURN_LEFT I_JUMP I_TURN_LEFT I_JUMP I_TURN_LEFT I_JUMP I_TURN_LEFT I_JUMP I_TURN_LEFT I_JUMP I_TURN_LEFT I_JUMP I_TURN_LEFT I_JUMP I_LOOK I_LOOK I_LOOK
look thrice after run	I_RUN I_LOOK I_LOOK I_LOOK
turn around left thrice and look opposite left	I_TURN_LEFT I_TURN_LEFT I_TURN_LEFT I_TURN_LEFT I_TURN_LEFT I_TURN_LEFT I_TURN_LEFT I_TURN_LEFT I_TURN_LEFT I_TURN_LEFT I_TURN_LEFT I_TURN_LEFT I_TURN_LEFT I_TURN_LEFT I_LOOK
turn around right after walk opposite left thrice	I_TURN_LEFT I_TURN_LEFT I_WALK I_TURN_LEFT I_TURN_LEFT I_WALK I_TURN_LEFT I_TURN_LEFT I_WALK I_TURN_RIGHT I_TURN_RIGHT I_TURN_RIGHT I_TURN_RIGHT
look thrice after run opposite left	I_TURN_LEFT I_TURN_LEFT I_RUN I_LOOK I_LOOK I_LOOK
run opposite right after jump around left thrice	I_TURN_LEFT I_JUMP I_TURN_LEFT I_JUMP I_TURN_LEFT I_JUMP I_TURN_LEFT I_JUMP I_TURN_LEFT I_JUMP I_TURN_LEFT I_JUMP I_TURN_LEFT I_JUMP I_TURN_LEFT I_JUMP I_TURN_LEFT I_JUMP I_TURN_LEFT I_JUMP I_TURN_LEFT I_JUMP I_TURN_LEFT I_JUMP I_TURN_RIGHT I_TURN_RIGHT I_RUN
look around left twice after walk around right thrice	I_TURN_RIGHT I_WALK I_TURN_RIGHT I_WALK I_TURN_RIGHT I_WALK I_TURN_RIGHT I_WALK I_TURN_RIGHT I_WALK I_TURN_RIGHT I_WALK I_TURN_RIGHT I_WALK I_TURN_RIGHT I_WALK I_TURN_RIGHT I_WALK I_TURN_RIGHT I_WALK I_TURN_RIGHT I_WALK I_TURN_RIGHT I_WALK I_TURN_LEFT I_LOOK I_TURN_LEFT I_LOOK I_TURN_LEFT I_LOOK I_TURN_LEFT I_LOOK I_TURN_LEFT I_LOOK I_TURN_LEFT I_LOOK I_TURN_LEFT I_LOOK I_TURN_LEFT I_LOOK
look opposite left and run left	I_TURN_LEFT I_TURN_LEFT I_LOOK I_TURN_LEFT I_RUN
turn around left twice after turn left	I_TURN_LEFT I_TURN_LEFT I_TURN_LEFT I_TURN_LEFT I_TURN_LEFT I_TURN_LEFT I_TURN_LEFT I_TURN_LEFT I_TURN_LEFT
look opposite right and walk opposite left twice	I_TURN_RIGHT I_TURN_RIGHT I_LOOK I_TURN_LEFT I_TURN_LEFT I_WALK I_TURN_LEFT I_TURN_LEFT I_WALK
jump around right thrice and jump around left	I_TURN_RIGHT I_JUMP I_TURN_RIGHT I_JUMP I_TURN_RIGHT I_JUMP I_TURN_RIGHT I_JUMP I_TURN_RIGHT I_JUMP I_TURN_RIGHT I_JUMP I_TURN_RIGHT I_JUMP I_TURN_RIGHT I_JUMP I_TURN_RIGHT I_JUMP I_TURN_RIGHT I_JUMP I_TURN_RIGHT I_JUMP I_TURN_RIGHT I_JUMP I_TURN_LEFT I_JUMP I_TURN_LEFT I_JUMP I_TURN_LEFT I_JUMP I_TURN_LEFT I_JUMP
look twice after look opposite right thrice	I_TURN_RIGHT I_TURN_RIGHT I_LOOK I_TURN_RIGHT I_TURN_RIGHT I_LOOK I_TURN_RIGHT I_TURN_RIGHT I_LOOK I_LOOK I_LOOK
jump around right thrice after walk around right thrice	I_TURN_RIGHT I_WALK I_TURN_RIGHT I_WALK I_TURN_RIGHT I_WALK I_TURN_RIGHT I_WALK I_TURN_RIGHT I_WALK I_TURN_RIGHT I_WALK I_TURN_RIGHT I_WALK I_TURN_RIGHT I_WALK I_TURN_RIGHT I_WALK I_TURN_RIGHT I_WALK I_TURN_RIGHT I_WALK I_TURN_RIGHT I_WALK I_TURN_RIGHT I_JUMP I_TURN_RIGHT I_JUMP I_TURN_RIGHT I_JUMP I_TURN_RIGHT I_JUMP I_TURN_RIGHT I_JUMP I_TURN_RIGHT I_JUMP I_TURN_RIGHT I_JUMP I_TURN_RIGHT I_JUMP I_TURN_RIGHT I_JUMP I_TURN_RIGHT I_JUMP I_TURN_RIGHT I_JUMP I_TURN_RIGHT I_JUMP
look and look right	I_LOOK I_TURN_RIGHT I_LOOK
jump left thrice and walk right thrice	I_TURN_LEFT I_JUMP I_TURN_LEFT I_JUMP I_TURN_LEFT I_JUMP I_TURN_RIGHT I_WALK I_TURN_RIGHT I_WALK I_TURN_RIGHT I_WALK
turn around right and turn left thrice	I_TURN_RIGHT I_TURN_RIGHT I_TURN_RIGHT I_TURN_RIGHT I_TURN_LEFT I_TURN_LEFT I_TURN_LEFT
look and jump right twice	I_LOOK I_TURN_RIGHT I_JUMP I_TURN_RIGHT I_JUMP
walk opposite left thrice and look right twice	I_TURN_LEFT I_TURN_LEFT I_WALK I_TURN_LEFT I_TURN_LEFT I_WALK I_TURN_LEFT I_TURN_LEFT I_WALK I_TURN_RIGHT I_LOOK I_TURN_RIGHT I_LOOK
walk around left twice and walk left twice	I_TURN_LEFT I_WALK I_TURN_LEFT I_WALK I_TURN_LEFT I_WALK I_TURN_LEFT I_WALK I_TURN_LEFT I_WALK I_TURN_LEFT I_WALK I_TURN_LEFT I_WALK I_TURN_LEFT I_WALK I_TURN_LEFT I_WALK I_TURN_LEFT I_WALK
turn left after turn left	I_TURN_LEFT I_TURN_LEFT
turn right twice after turn left	I_TURN_LEFT I_TURN_RIGHT I_TURN_RIGHT
turn right after walk right	I_TURN_RIGHT I_WALK I_TURN_RIGHT
walk opposite right thrice after walk right	I_TURN_RIGHT I_WALK I_TURN_RIGHT I_TURN_RIGHT I_WALK I_TURN_RIGHT I_TURN_RIGHT I_WALK I_TURN_RIGHT I_TURN_RIGHT I_WALK
turn left twice and walk left twice	I_TURN_LEFT I_TURN_LEFT I_TURN_LEFT I_WALK I_TURN_LEFT I_WALK
look opposite right twice after jump opposite left twice	I_TURN_LEFT I_TURN_LEFT I_JUMP I_TURN_LEFT I_TURN_LEFT I_JUMP I_TURN_RIGHT I_TURN_RIGHT I_LOOK I_TURN_RIGHT I_TURN_RIGHT I_LOOK
look right twice and look opposite left twice	I_TURN_RIGHT I_LOOK I_TURN_RIGHT I_LOOK I_TURN_LEFT I_TURN_LEFT I_LOOK I_TURN_LEFT I_TURN_LEFT I_LOOK
walk opposite right thrice after look opposite left thrice	I_TURN_LEFT I_TURN_LEFT I_LOOK I_TURN_LEFT I_TURN_LEFT I_LOOK I_TURN_LEFT I_TURN_LEFT I_LOOK I_TURN_RIGHT I_TURN_RIGHT I_WALK I_TURN_RIGHT I_TURN_RIGHT I_WALK I_TURN_RIGHT I_TURN_RIGHT I_WALK
walk left thrice after walk left	I_TURN_LEFT I_WALK I_TURN_LEFT I_WALK I_TURN_LEFT I_WALK I_TURN_LEFT I_WALK
jump thrice and look around left twice	I_JUMP I_JUMP I_JUMP I_TURN_LEFT I_LOOK I_TURN_LEFT I_LOOK I_TURN_LEFT I_LOOK I_TURN_LEFT I_LOOK I_TURN_LEFT I_LOOK I_TURN_LEFT I_LOOK I_TURN_LEFT I_LOOK I_TURN_LEFT I_LOOK
turn around right after turn left thrice	I_TURN_LEFT I_TURN_LEFT I_TURN_LEFT I_TURN_RIGHT I_TURN_RIGHT I_TURN_RIGHT I_TURN_RIGHT
walk left twice after run around right	I_TURN_RIGHT I_RUN I_TURN_RIGHT I_RUN I_TURN_RIGHT I_RUN I_TURN_RIGHT I_RUN I_TURN_LEFT I_WALK I_TURN_LEFT I_WALK
walk opposite left after run around left	I_TURN_LEFT I_RUN I_TURN_LEFT I_RUN I_TURN_LEFT I_RUN I_TURN_LEFT I_RUN I_TURN_LEFT I_TURN_LEFT I_WALK
run around right twice after turn right	I_TURN_RIGHT I_TURN_RIGHT I_RUN I_TURN_RIGHT I_RUN I_TURN_RIGHT I_RUN I_TURN_RIGHT I_RUN I_TURN_RIGHT I_RUN I_TURN_RIGHT I_RUN I_TURN_RIGHT I_RUN I_TURN_RIGHT I_RUN
run left twice and turn left thrice	I_TURN_LEFT I_RUN I_TURN_LEFT I_RUN I_TURN_LEFT I_TURN_LEFT I_TURN_LEFT
run thrice and jump left	I_RUN I_RUN I_RUN I_TURN_LEFT I_JUMP
look opposite left and look right	I_TURN_LEFT I_TURN_LEFT I_LOOK I_TURN_RIGHT I_LOOK
jump left thrice after turn left	I_TURN_LEFT I_TURN_LEFT I_JUMP I_TURN_LEFT I_JUMP I_TURN_LEFT I_JUMP
jump opposite right and jump opposite left thrice	I_TURN_RIGHT I_TURN_RIGHT I_JUMP I_TURN_LEFT I_TURN_LEFT I_JUMP I_TURN_LEFT I_TURN_LEFT I_JUMP I_TURN_LEFT I_TURN_LEFT I_JUMP
walk around left thrice and walk thrice	I_TURN_LEFT I_WALK I_TURN_LEFT I_WALK I_TURN_LEFT I_WALK I_TURN_LEFT I_WALK I_TURN_LEFT I_WALK I_TURN_LEFT I_WALK I_TURN_LEFT I_WALK I_TURN_LEFT I_WALK I_TURN_LEFT I_WALK I_TURN_LEFT I_WALK I_TURN_LEFT I_WALK I_TURN_LEFT I_WALK I_WALK I_WALK I_WALK
walk opposite right twice after look around right	I_TURN_RIGHT I_LOOK I_TURN_RIGHT I_LOOK I_TURN_RIGHT I_LOOK I_TURN_RIGHT I_LOOK I_TURN_RIGHT I_TURN_RIGHT I_WALK I_TURN_RIGHT I_TURN_RIGHT I_WALK
walk and jump opposite left thrice	I_WALK I_TURN_LEFT I_TURN_LEFT I_JUMP I_TURN_LEFT I_TURN_LEFT I_JUMP I_TURN_LEFT I_TURN_LEFT I_JUMP
run right thrice and jump right thrice	I_TURN_RIGHT I_RUN I_TURN_RIGHT I_RUN I_TURN_RIGHT I_RUN I_TURN_RIGHT I_JUMP I_TURN_RIGHT I_JUMP I_TURN_RIGHT I_JUMP
walk right twice and run opposite left thrice	I_TURN_RIGHT I_WALK I_TURN_RIGHT I_WALK I_TURN_LEFT I_TURN_LEFT I_RUN I_TURN_LEFT I_TURN_LEFT I_RUN I_TURN_LEFT I_TURN_LEFT I_RUN
look around right twice after jump thrice	I_JUMP I_JUMP I_JUMP I_TURN_RIGHT I_LOOK I_TURN_RIGHT I_LOOK I_TURN_RIGHT I_LOOK I_TURN_RIGHT I_LOOK I_TURN_RIGHT I_LOOK I_TURN_RIGHT I_LOOK I_TURN_RIGHT I_LOOK I_TURN_RIGHT I_LOOK
jump around left twice and look around right	I_TURN_LEFT I_JUMP I_TURN_LEFT I_JUMP I_TURN_LEFT I_JUMP I_TURN_LEFT I_JUMP I_TURN_LEFT I_JUMP I_TURN_LEFT I_JUMP I_TURN_LEFT I_JUMP I_TURN_LEFT I_JUMP I_TURN_RIGHT I_LOOK I_TURN_RIGHT I_LOOK I_TURN_RIGHT I_LOOK I_TURN_RIGHT I_LOOK
walk around right thrice and run opposite right twice	I_TURN_RIGHT I_WALK I_TURN_RIGHT I_WALK I_TURN_RIGHT I_WALK I_TURN_RIGHT I_WALK I_TURN_RIGHT I_WALK I_TURN_RIGHT I_WALK I_TURN_RIGHT I_WALK I_TURN_RIGHT I_WALK I_TURN_RIGHT I_WALK I_TURN_RIGHT I_WALK I_TURN_RIGHT I_WALK I_TURN_RIGHT I_WALK I_TURN_RIGHT I_TURN_RIGHT I_RUN I_TURN_RIGHT I_TURN_RIGHT I_RUN
turn left twice and run opposite left twice	I_TURN_LEFT I_TURN_LEFT I_TURN_LEFT I_TURN_LEFT I_RUN I_TURN_LEFT I_TURN_LEFT I_RUN
run opposite right after run around right thrice	I_TURN_RIGHT I_RUN I_TURN_RIGHT I_RUN I_TURN_RIGHT I_RUN I_TURN_RIGHT I_RUN I_TURN_RIGHT I_RUN I_TURN_RIGHT I_RUN I_TURN_RIGHT I_RUN I_TURN_RIGHT I_RUN I_TURN_RIGHT I_RUN I_TURN_RIGHT I_RUN I_TURN_RIGHT I_RUN I_TURN_RIGHT I_RUN I_TURN_RIGHT I_TURN_RIGHT I_RUN
run around right twice and run around left twice	I_TURN_RIGHT I_RUN I_TURN_RIGHT I_RUN I_TURN_RIGHT I_RUN I_TURN_RIGHT I_RUN I_TURN_RIGHT I_RUN I_TURN_RIGHT I_RUN I_TURN_RIGHT I_RUN I_TURN_RIGHT I_RUN I_TURN_LEFT I_RUN I_TURN_LEFT I_RUN I_TURN_LEFT I_RUN I_TURN_LEFT I_RUN I_TURN_LEFT I_RUN I_TURN_LEFT I_RUN I_TURN_LEFT I_RUN I_TURN_LEFT I_RUN
look right and look opposite right twice	I_TURN_RIGHT I_LOOK I_TURN_RIGHT I_TURN_RIGHT I_LOOK I_TURN_RIGHT I_TURN_RIGHT I_LOOK
walk opposite left twice after look left	I_TURN_LEFT I_LOOK I_TURN_LEFT I_TURN_LEFT I_WALK I_TURN_LEFT I_TURN_LEFT I_WALK
turn around right thrice and jump opposite right	I_TURN_RIGHT I_TURN_RIGHT I_TURN_RIGHT I_TURN_RIGHT I_TURN_RIGHT I_TURN_RIGHT I_TURN_RIGHT I_TURN_RIGHT I_TURN_RIGHT I_TURN_RIGHT I_TURN_RIGHT I_TURN_RIGHT I_TURN_RIGHT I_TURN_RIGHT I_JUMP
walk right twice and jump opposite left	I_TURN_RIGHT I_WALK I_TURN_RIGHT I_WALK I_TURN_LEFT I_TURN_LEFT I_JUMP
jump opposite right thrice and jump opposite right	I_TURN_RIGHT I_TURN_RIGHT I_JUMP I_TURN_RIGHT I_TURN_RIGHT I_JUMP I_TURN_RIGHT I_TURN_RIGHT I_JUMP I_TURN_RIGHT I_TURN_RIGHT I_JUMP
run opposite left thrice and jump right twice	I_TURN_LEFT I_TURN_LEFT I_RUN I_TURN_LEFT I_TURN_LEFT I_RUN I_TURN_LEFT I_TURN_LEFT I_RUN I_TURN_RIGHT I_JUMP I_TURN_RIGHT I_JUMP
walk left twice and turn around left twice	I_TURN_LEFT I_WALK I_TURN_LEFT I_WALK I_TURN_LEFT I_TURN_LEFT I_TURN_LEFT I_TURN_LEFT I_TURN_LEFT I_TURN_LEFT I_TURN_LEFT I_TURN_LEFT
look around right thrice and walk	I_TURN_RIGHT I_LOOK I_TURN_RIGHT I_LOOK I_TURN_RIGHT I_LOOK I_TURN_RIGHT I_LOOK I_TURN_RIGHT I_LOOK I_TURN_RIGHT I_LOOK I_TURN_RIGHT I_LOOK I_TURN_RIGHT I_LOOK I_TURN_RIGHT I_LOOK I_TURN_RIGHT I_LOOK I_TURN_RIGHT I_LOOK I_TURN_RIGHT I_LOOK I_WALK
look opposite left twice and walk opposite left	I_TURN_LEFT I_TURN_LEFT I_LOOK I_TURN_LEFT I_TURN_LEFT I_LOOK I_TURN_LEFT I_TURN_LEFT I_WALK
walk around right twice after walk right	I_TURN_RIGHT I_WALK I_TURN_RIGHT I_WALK I_TURN_RIGHT I_WALK I_TURN_RIGHT I_WALK I_TURN_RIGHT I_WALK I_TURN_RIGHT I_WALK I_TURN_RIGHT I_WALK I_TURN_RIGHT I_WALK I_TURN_RIGHT I_WALK
turn opposite right and look twice	I_TURN_RIGHT I_TURN_RIGHT I_LOOK I_LOOK
jump right twice after run around right thrice	I_TURN_RIGHT I_RUN I_TURN_RIGHT I_RUN I_TURN_RIGHT I_RUN I_TURN_RIGHT I_RUN I_TURN_RIGHT I_RUN I_TURN_RIGHT I_RUN I_TURN_RIGHT I_RUN I_TURN_RIGHT I_RUN I_TURN_RIGHT I_RUN I_TURN_RIGHT I_RUN I_TURN_RIGHT I_RUN I_TURN_RIGHT I_RUN I_TURN_RIGHT I_JUMP I_TURN_RIGHT I_JUMP
jump twice after jump around right thrice	I_TURN_RIGHT I_JUMP I_TURN_RIGHT I_JUMP I_TURN_RIGHT I_JUMP I_TURN_RIGHT I_JUMP I_TURN_RIGHT I_JUMP I_TURN_RIGHT I_JUMP I_TURN_RIGHT I_JUMP I_TURN_RIGHT I_JUMP I_TURN_RIGHT I_JUMP I_TURN_RIGHT I_JUMP I_TURN_RIGHT I_JUMP I_TURN_RIGHT I_JUMP I_JUMP I_JUMP
run left twice after run opposite right twice	I_TURN_RIGHT I_TURN_RIGHT I_RUN I_TURN_RIGHT I_TURN_RIGHT I_RUN I_TURN_LEFT I_RUN I_TURN_LEFT I_RUN
look around right twice after look right thrice	I_TURN_RIGHT I_LOOK I_TURN_RIGHT I_LOOK I_TURN_RIGHT I_LOOK I_TURN_RIGHT I_LOOK I_TURN_RIGHT I_LOOK I_TURN_RIGHT I_LOOK I_TURN_RIGHT I_LOOK I_TURN_RIGHT I_LOOK I_TURN_RIGHT I_LOOK I_TURN_RIGHT I_LOOK I_TURN_RIGHT I_LOOK
look right thrice and run around left thrice	I_TURN_RIGHT I_LOOK I_TURN_RIGHT I_LOOK I_TURN_RIGHT I_LOOK I_TURN_LEFT I_RUN I_TURN_LEFT I_RUN I_TURN_LEFT I_RUN I_TURN_LEFT I_RUN I_TURN_LEFT I_RUN I_TURN_LEFT I_RUN I_TURN_LEFT I_RUN I_TURN_LEFT I_RUN I_TURN_LEFT I_RUN I_TURN_LEFT I_RUN I_TURN_LEFT I_RUN I_TURN_LEFT I_RUN
walk opposite right twice and turn around right twice	I_TURN_RIGHT I_TURN_RIGHT I_WALK I_TURN_RIGHT I_TURN_RIGHT I_WALK I_TURN_RIGHT I_TURN_RIGHT I_TURN_RIGHT I_TURN_RIGHT I_TURN_RIGHT I_TURN_RIGHT I_TURN_RIGHT I_TURN_RIGHT
jump around left and run around left twice	I_TURN_LEFT I_JUMP I_TURN_LEFT I_JUMP I_TURN_LEFT I_JUMP I_TURN_LEFT I_JUMP I_TURN_LEFT I_RUN I_TURN_LEFT I_RUN I_TURN_LEFT I_RUN I_TURN_LEFT I_RUN I_TURN_LEFT I_RUN I_TURN_LEFT I_RUN I_TURN_LEFT I_RUN I_TURN_LEFT I_RUN
look opposite left twice and turn around left thrice	I_TURN_LEFT I_TURN_LEFT I_LOOK I_TURN_LEFT I_TURN_LEFT I_LOOK I_TURN_LEFT I_TURN_LEFT I_TURN_LEFT I_TURN_LEFT I_TURN_LEFT I_TURN_LEFT I_TURN_LEFT I_TURN_LEFT I_TURN_LEFT I_TURN_LEFT I_TURN_LEFT I_TURN_LEFT
turn left twice after run around right	I_TURN_RIGHT I_RUN I_TURN_RIGHT I_RUN I_TURN_RIGHT I_RUN I_TURN_RIGHT I_RUN I_TURN_LEFT I_TURN_LEFT
look opposite right after jump right thrice	I_TURN_RIGHT I_JUMP I_TURN_RIGHT I_JUMP I_TURN_RIGHT I_JUMP I_TURN_RIGHT I_TURN_RIGHT I_LOOK
walk opposite right twice after jump thrice	I_JUMP I_JUMP I_JUMP I_TURN_RIGHT I_TURN_RIGHT I_WALK I_TURN_RIGHT I_TURN_RIGHT I_WALK
look and walk right thrice	I_LOOK I_TURN_RIGHT I_WALK I_TURN_RIGHT I_WALK I_TURN_RIGHT I_WALK
look around right after jump left thrice	I_TURN_LEFT I_JUMP I_TURN_LEFT I_JUMP I_TURN_LEFT I_JUMP I_TURN_RIGHT I_LOOK I_TURN_RIGHT I_LOOK I_TURN_RIGHT I_LOOK I_TURN_RIGHT I_LOOK
walk around left thrice after jump opposite left	I_TURN_LEFT I_TURN_LEFT I_JUMP I_TURN_LEFT I_WALK I_TURN_LEFT I_WALK I_TURN_LEFT I_WALK I_TURN_LEFT I_WALK I_TURN_LEFT I_WALK I_TURN_LEFT I_WALK I_TURN_LEFT I_WALK I_TURN_LEFT I_WALK I_TURN_LEFT I_WALK I_TURN_LEFT I_WALK I_TURN_LEFT I_WALK I_TURN_LEFT I_WALK
turn opposite right thrice and walk opposite left	I_TURN_RIGHT I_TURN_RIGHT I_TURN_RIGHT I_TURN_RIGHT I_TURN_RIGHT I_TURN_RIGHT I_TURN_LEFT I_TURN_LEFT I_WALK
walk around right thrice and run right	I_TURN_RIGHT I_WALK I_TURN_RIGHT I_WALK I_TURN_RIGHT I_WALK I_TURN_RIGHT I_WALK I_TURN_RIGHT I_WALK I_TURN_RIGHT I_WALK I_TURN_RIGHT I_WALK I_TURN_RIGHT I_WALK I_TURN_RIGHT I_WALK I_TURN_RIGHT I_WALK I_TURN_RIGHT I_WALK I_TURN_RIGHT I_WALK I_TURN_RIGHT I_RUN
walk opposite left twice after jump opposite right thrice	I_TURN_RIGHT I_TURN_RIGHT I_JUMP I_TURN_RIGHT I_TURN_RIGHT I_JUMP I_TURN_RIGHT I_TURN_RIGHT I_JUMP I_TURN_LEFT I_TURN_LEFT I_WALK I_TURN_LEFT I_TURN_LEFT I_WALK
walk right twice after turn right twice	I_TURN_RIGHT I_TURN_RIGHT I_TURN_RIGHT I_WALK I_TURN_RIGHT I_WALK
look around right twice and run twice	I_TURN_RIGHT I_LOOK I_TURN_RIGHT I_LOOK I_TURN_RIGHT I_LOOK I_TURN_RIGHT I_LOOK I_TURN_RIGHT I_LOOK I_TURN_RIGHT I_LOOK I_TURN_RIGHT I_LOOK I_TURN_RIGHT I_LOOK I_RUN I_RUN
jump opposite left after walk opposite left twice	I_TURN_LEFT I_TURN_LEFT I_WALK I_TURN_LEFT I_TURN_LEFT I_WALK I_TURN_LEFT I_TURN_LEFT I_JUMP
run opposite right twice after run around right thrice	I_TURN_RIGHT I_RUN I_TURN_RIGHT I_RUN I_TURN_RIGHT I_RUN I_TURN_RIGHT I_RUN I_TURN_RIGHT I_RUN I_TURN_RIGHT I_RUN I_TURN_RIGHT I_RUN I_TURN_RIGHT I_RUN I_TURN_RIGHT I_RUN I_TURN_RIGHT I_RUN I_TURN_RIGHT I_RUN I_TURN_RIGHT I_RUN I_TURN_RIGHT I_TURN_RIGHT I_RUN I_TURN_RIGHT I_TURN_RIGHT I_RUN
walk opposite left thrice after look around left twice	I_TURN_LEFT I_LOOK I_TURN_LEFT I_LOOK I_TURN_LEFT I_LOOK I_TURN_LEFT I_LOOK I_TURN_LEFT I_LOOK I_TURN_LEFT I_LOOK I_TURN_LEFT I_LOOK I_TURN_LEFT I_LOOK I_TURN_LEFT I_TURN_LEFT I_WALK I_TURN_LEFT I_TURN_LEFT I_WALK I_TURN_LEFT I_TURN_LEFT I_WALK
walk opposite left and look thrice	I_TURN_LEFT I_TURN_LEFT I_WALK I_LOOK I_LOOK I_LOOK
run opposite left thrice and jump opposite right	I_TURN_LEFT I_TURN_LEFT I_RUN I_TURN_LEFT I_TURN_LEFT I_RUN I_TURN_LEFT I_TURN_LEFT I_RUN I_TURN_RIGHT I_TURN_RIGHT I_JUMP
jump opposite left thrice and turn left	I_TURN_LEFT I_TURN_LEFT I_JUMP I_TURN_LEFT I_TURN_LEFT I_JUMP I_TURN_LEFT I_TURN_LEFT I_JUMP I_TURN_LEFT
look opposite right thrice after look left thrice	I_TURN_LEFT I_LOOK I_TURN_LEFT I_LOOK I_TURN_LEFT I_LOOK I_TURN_RIGHT I_TURN_RIGHT I_LOOK I_TURN_RIGHT I_TURN_RIGHT I_LOOK I_TURN_RIGHT I_TURN_RIGHT I_LOOK
jump around right and jump right twice	I_TURN_RIGHT I_JUMP I_TURN_RIGHT I_JUMP I_TURN_RIGHT I_JUMP I_TURN_RIGHT I_JUMP I_TURN_RIGHT I_JUMP I_TURN_RIGHT I_JUMP
look around left twice and walk opposite right thrice	I_TURN_LEFT I_LOOK I_TURN_LEFT I_LOOK I_TURN_LEFT I_LOOK I_TURN_LEFT I_LOOK I_TURN_LEFT I_LOOK I_TURN_LEFT I_LOOK I_TURN_LEFT I_LOOK I_TURN_LEFT I_LOOK I_TURN_RIGHT I_TURN_RIGHT I_WALK I_TURN_RIGHT I_TURN_RIGHT I_WALK I_TURN_RIGHT I_TURN_RIGHT I_WALK
run opposite right and run left thrice	I_TURN_RIGHT I_TURN_RIGHT I_RUN I_TURN_LEFT I_RUN I_TURN_LEFT I_RUN I_TURN_LEFT I_RUN
turn opposite right after look right twice	I_TURN_RIGHT I_LOOK I_TURN_RIGHT I_LOOK I_TURN_RIGHT I_TURN_RIGHT
jump opposite right after run right twice	I_TURN_RIGHT I_RUN I_TURN_RIGHT I_RUN I_TURN_RIGHT I_TURN_RIGHT I_JUMP
jump opposite left and jump left	I_TURN_LEFT I_TURN_LEFT I_JUMP I_TURN_LEFT I_JUMP
run twice after look opposite right	I_TURN_RIGHT I_TURN_RIGHT I_LOOK I_RUN I_RUN
look opposite left twice after run around left	I_TURN_LEFT I_RUN I_TURN_LEFT I_RUN I_TURN_LEFT I_RUN I_TURN_LEFT I_RUN I_TURN_LEFT I_TURN_LEFT I_LOOK I_TURN_LEFT I_TURN_LEFT I_LOOK
jump opposite right twice and look opposite left	I_TURN_RIGHT I_TURN_RIGHT I_JUMP I_TURN_RIGHT I_TURN_RIGHT I_JUMP I_TURN_LEFT I_TURN_LEFT I_LOOK
walk around left thrice and jump around right twice	I_TURN_LEFT I_WALK I_TURN_LEFT I_WALK I_TURN_LEFT I_WALK I_TURN_LEFT I_WALK I_TURN_LEFT I_WALK I_TURN_LEFT I_WALK I_TURN_LEFT I_WALK I_TURN_LEFT I_WALK I_TURN_LEFT I_WALK I_TURN_LEFT I_WALK I_TURN_LEFT I_WALK I_TURN_LEFT I_WALK I_TURN_RIGHT I_JUMP I_TURN_RIGHT I_JUMP I_TURN_RIGHT I_JUMP I_TURN_RIGHT I_JUMP I_TURN_RIGHT I_JUMP I_TURN_RIGHT I_JUMP I_TURN_RIGHT I_JUMP I_TURN_RIGHT I_JUMP
walk left twice after jump around left thrice	I_TURN_LEFT I_JUMP I_TURN_LEFT I_JUMP I_TURN_LEFT I_JUMP I_TURN_LEFT I_JUMP I_TURN_LEFT I_JUMP I_TURN_LEFT I_JUMP I_TURN_LEFT I_JUMP I_TURN_LEFT I_JUMP I_TURN_LEFT I_JUMP I_TURN_LEFT I_JUMP I_TURN_LEFT I_JUMP I_TURN_LEFT I_JUMP I_TURN_LEFT I_WALK I_TURN_LEFT I_WALK
turn around left thrice and jump	I_TURN_LEFT I_TURN_LEFT I_TURN_LEFT I_TURN_LEFT I_TURN_LEFT I_TURN_LEFT I_TURN_LEFT I_TURN_LEFT I_TURN_LEFT I_TURN_LEFT I_TURN_LEFT I_TURN_LEFT I_JUMP
walk opposite right thrice and turn right thrice	I_TURN_RIGHT I_TURN_RIGHT I_WALK I_TURN_RIGHT I_TURN_RIGHT I_WALK I_TURN_RIGHT I_TURN_RIGHT I_WALK I_TURN_RIGHT I_TURN_RIGHT I_TURN_RIGHT
walk right after turn right twice	I_TURN_RIGHT I_TURN_RIGHT I_TURN_RIGHT I_WALK
run around left and walk around left	I_TURN_LEFT I_RUN I_TURN_LEFT I_RUN I_TURN_LEFT I_RUN I_TURN_LEFT I_RUN I_TURN_LEFT I_WALK I_TURN_LEFT I_WALK I_TURN_LEFT I_WALK I_TURN_LEFT I_WALK
look left thrice after run opposite left twice	I_TURN_LEFT I_TURN_LEFT I_RUN I_TURN_LEFT I_TURN_LEFT I_RUN I_TURN_LEFT I_LOOK I_TURN_LEFT I_LOOK I_TURN_LEFT I_LOOK
walk left thrice and walk opposite left twice	I_TURN_LEFT I_WALK I_TURN_LEFT I_WALK I_TURN_LEFT I_WALK I_TURN_LEFT I_TURN_LEFT I_WALK I_TURN_LEFT I_TURN_LEFT I_WALK
jump thrice after look opposite right thrice	I_TURN_RIGHT I_TURN_RIGHT I_LOOK I_TURN_RIGHT I_TURN_RIGHT I_LOOK I_TURN_RIGHT I_TURN_RIGHT I_LOOK I_JUMP I_JUMP I_JUMP
turn around left and jump right twice	I_TURN_LEFT I_TURN_LEFT I_TURN_LEFT I_TURN_LEFT I_TURN_RIGHT I_JUMP I_TURN_RIGHT I_JUMP
look right after walk around right twice	I_TURN_RIGHT I_WALK I_TURN_RIGHT I_WALK I_TURN_RIGHT I_WALK I_TURN_RIGHT I_WALK I_TURN_RIGHT I_WALK I_TURN_RIGHT I_WALK I_TURN_RIGHT I_WALK I_TURN_RIGHT I_WALK I_TURN_RIGHT I_LOOK
look left thrice and walk around right twice	I_TURN_LEFT I_LOOK I_TURN_LEFT I_LOOK I_TURN_LEFT I_LOOK I_TURN_RIGHT I_WALK I_TURN_RIGHT I_WALK I_TURN_RIGHT I_WALK I_TURN_RIGHT I_WALK I_TURN_RIGHT I_WALK I_TURN_RIGHT I_WALK I_TURN_RIGHT I_WALK I_TURN_RIGHT I_WALK
jump around left thrice and jump left twice	I_TURN_LEFT I_JUMP I_TURN_LEFT I_JUMP I_TURN_LEFT I_JUMP I_TURN_LEFT I_JUMP I_TURN_LEFT I_JUMP I_TURN_LEFT I_JUMP I_TURN_LEFT I_JUMP I_TURN_LEFT I_JUMP I_TURN_LEFT I_JUMP I_TURN_LEFT I_JUMP I_TURN_LEFT I_JUMP I_TURN_LEFT I_JUMP I_TURN_LEFT I_JUMP I_TURN_LEFT I_JUMP
run opposite right after turn opposite right twice	I_TURN_RIGHT I_TURN_RIGHT I_TURN_RIGHT I_TURN_RIGHT I_TURN_RIGHT I_TURN_RIGHT I_RUN
turn left twice and run around right	I_TURN_LEFT I_TURN_LEFT I_TURN_RIGHT I_RUN I_TURN_RIGHT I_RUN I_TURN_RIGHT I_RUN I_TURN_RIGHT I_RUN
run around right and look opposite left thrice	I_TURN_RIGHT I_RUN I_TURN_RIGHT I_RUN I_TURN_RIGHT I_RUN I_TURN_RIGHT I_RUN I_TURN_LEFT I_TURN_LEFT I_LOOK I_TURN_LEFT I_TURN_LEFT I_LOOK I_TURN_LEFT I_TURN_LEFT I_LOOK
run left twice after walk around right twice	I_TURN_RIGHT I_WALK I_TURN_RIGHT I_WALK I_TURN_RIGHT I_WALK I_TURN_RIGHT I_WALK I_TURN_RIGHT I_WALK I_TURN_RIGHT I_WALK I_TURN_RIGHT I_WALK I_TURN_RIGHT I_WALK I_TURN_LEFT I_RUN I_TURN_LEFT I_RUN
turn opposite right thrice after jump opposite left	I_TURN_LEFT I_TURN_LEFT I_JUMP I_TURN_RIGHT I_TURN_RIGHT I_TURN_RIGHT I_TURN_RIGHT I_TURN_RIGHT I_TURN_RIGHT
turn left thrice after jump left	I_TURN_LEFT I_JUMP I_TURN_LEFT I_TURN_LEFT I_TURN_LEFT
jump opposite right twice and look left	I_TURN_RIGHT I_TURN_RIGHT I_JUMP I_TURN_RIGHT I_TURN_RIGHT I_JUMP I_TURN_LEFT I_LOOK
walk opposite left twice after look opposite right	I_TURN_RIGHT I_TURN_RIGHT I_LOOK I_TURN_LEFT I_TURN_LEFT I_WALK I_TURN_LEFT I_TURN_LEFT I_WALK
look around right after look around right twice	I_TURN_RIGHT I_LOOK I_TURN_RIGHT I_LOOK I_TURN_RIGHT I_LOOK I_TURN_RIGHT I_LOOK I_TURN_RIGHT I_LOOK I_TURN_RIGHT I_LOOK I_TURN_RIGHT I_LOOK I_TURN_RIGHT I_LOOK I_TURN_RIGHT I_LOOK I_TURN_RIGHT I_LOOK I_TURN_RIGHT I_LOOK I_TURN_RIGHT I_LOOK
run and look right twice	I_RUN I_TURN_RIGHT I_LOOK I_TURN_RIGHT I_LOOK
run opposite left and run right twice	I_TURN_LEFT I_TURN_LEFT I_RUN I_TURN_RIGHT I_RUN I_TURN_RIGHT I_RUN
jump around right thrice and turn right	I_TURN_RIGHT I_JUMP I_TURN_RIGHT I_JUMP I_TURN_RIGHT I_JUMP I_TURN_RIGHT I_JUMP I_TURN_RIGHT I_JUMP I_TURN_RIGHT I_JUMP I_TURN_RIGHT I_JUMP I_TURN_RIGHT I_JUMP I_TURN_RIGHT I_JUMP I_TURN_RIGHT I_JUMP I_TURN_RIGHT I_JUMP I_TURN_RIGHT I_JUMP I_TURN_RIGHT
turn opposite right after run opposite right twice	I_TURN_RIGHT I_TURN_RIGHT I_RUN I_TURN_RIGHT I_TURN_RIGHT I_RUN I_TURN_RIGHT I_TURN_RIGHT
run right twice after turn opposite left twice	I_TURN_LEFT I_TURN_LEFT I_TURN_LEFT I_TURN_LEFT I_TURN_RIGHT I_RUN I_TURN_RIGHT I_RUN
run opposite right thrice and walk around right twice	I_TURN_RIGHT I_TURN_RIGHT I_RUN I_TURN_RIGHT I_TURN_RIGHT I_RUN I_TURN_RIGHT I_TURN_RIGHT I_RUN I_TURN_RIGHT I_WALK I_TURN_RIGHT I_WALK I_TURN_RIGHT I_WALK I_TURN_RIGHT I_WALK I_TURN_RIGHT I_WALK I_TURN_RIGHT I_WALK I_TURN_RIGHT I_WALK I_TURN_RIGHT I_WALK
turn left thrice after look opposite right twice	I_TURN_RIGHT I_TURN_RIGHT I_LOOK I_TURN_RIGHT I_TURN_RIGHT I_LOOK I_TURN_LEFT I_TURN_LEFT I_TURN_LEFT
walk opposite right twice and run opposite left twice	I_TURN_RIGHT I_TURN_RIGHT I_WALK I_TURN_RIGHT I_TURN_RIGHT I_WALK I_TURN_LEFT I_TURN_LEFT I_RUN I_TURN_LEFT I_TURN_LEFT I_RUN
look after walk opposite right	I_TURN_RIGHT I_TURN_RIGHT I_WALK I_LOOK
jump right thrice after run opposite left	I_TURN_LEFT I_TURN_LEFT I_RUN I_TURN_RIGHT I_JUMP I_TURN_RIGHT I_JUMP I_TURN_RIGHT I_JUMP
look opposite right and look thrice	I_TURN_RIGHT I_TURN_RIGHT I_LOOK I_LOOK I_LOOK I_LOOK
jump opposite left after look around right	I_TURN_RIGHT I_LOOK I_TURN_RIGHT I_LOOK I_TURN_RIGHT I_LOOK I_TURN_RIGHT I_LOOK I_TURN_LEFT I_TURN_LEFT I_JUMP
run left and walk opposite left twice	I_TURN_LEFT I_RUN I_TURN_LEFT I_TURN_LEFT I_WALK I_TURN_LEFT I_TURN_LEFT I_WALK
turn opposite left twice after jump opposite right twice	I_TURN_RIGHT I_TURN_RIGHT I_JUMP I_TURN_RIGHT I_TURN_RIGHT I_JUMP I_TURN_LEFT I_TURN_LEFT I_TURN_LEFT I_TURN_LEFT
walk around left and look opposite left twice	I_TURN_LEFT I_WALK I_TURN_LEFT I_WALK I_TURN_LEFT I_WALK I_TURN_LEFT I_WALK I_TURN_LEFT I_TURN_LEFT I_LOOK I_TURN_LEFT I_TURN_LEFT I_LOOK
jump after look left	I_TURN_LEFT I_LOOK I_JUMP
turn around left and look opposite left twice	I_TURN_LEFT I_TURN_LEFT I_TURN_LEFT I_TURN_LEFT I_TURN_LEFT I_TURN_LEFT I_LOOK I_TURN_LEFT I_TURN_LEFT I_LOOK
jump right thrice and walk left thrice	I_TURN_RIGHT I_JUMP I_TURN_RIGHT I_JUMP I_TURN_RIGHT I_JUMP I_TURN_LEFT I_WALK I_TURN_LEFT I_WALK I_TURN_LEFT I_WALK
jump opposite right twice and turn opposite left thrice	I_TURN_RIGHT I_TURN_RIGHT I_JUMP I_TURN_RIGHT I_TURN_RIGHT I_JUMP I_TURN_LEFT I_TURN_LEFT I_TURN_LEFT I_TURN_LEFT I_TURN_LEFT I_TURN_LEFT
look right thrice after run around left twice	I_TURN_LEFT I_RUN I_TURN_LEFT I_RUN I_TURN_LEFT I_RUN I_TURN_LEFT I_RUN I_TURN_LEFT I_RUN I_TURN_LEFT I_RUN I_TURN_LEFT I_RUN I_TURN_LEFT I_RUN I_TURN_RIGHT I_LOOK I_TURN_RIGHT I_LOOK I_TURN_RIGHT I_LOOK
look after run opposite right	I_TURN_RIGHT I_TURN_RIGHT I_RUN I_LOOK
look around left twice and run around right twice	I_TURN_LEFT I_LOOK I_TURN_LEFT I_LOOK I_TURN_LEFT I_LOOK I_TURN_LEFT I_LOOK I_TURN_LEFT I_LOOK I_TURN_LEFT I_LOOK I_TURN_LEFT I_LOOK I_TURN_LEFT I_LOOK I_TURN_RIGHT I_RUN I_TURN_RIGHT I_RUN I_TURN_RIGHT I_RUN I_TURN_RIGHT I_RUN I_TURN_RIGHT I_RUN I_TURN_RIGHT I_RUN I_TURN_RIGHT I_RUN I_TURN_RIGHT I_RUN
turn opposite left thrice and walk twice	I_TURN_LEFT I_TURN_LEFT I_TURN_LEFT I_TURN_LEFT I_TURN_LEFT I_TURN_LEFT I_WALK I_WALK
look right twice after turn around left thrice	I_TURN_LEFT I_TURN_LEFT I_TURN_LEFT I_TURN_LEFT I_TURN_LEFT I_TURN_LEFT I_TURN_LEFT I_TURN_LEFT I_TURN_LEFT I_TURN_LEFT I_TURN_LEFT I_TURN_LEFT I_TURN_RIGHT I_LOOK I_TURN_RIGHT I_LOOK
jump right twice and run around left thrice	I_TURN_RIGHT I_JUMP I_TURN_RIGHT I_JUMP I_TURN_LEFT I_RUN I_TURN_LEFT I_RUN I_TURN_LEFT I_RUN I_TURN_LEFT I_RUN I_TURN_LEFT I_RUN I_TURN_LEFT I_RUN I_TURN_LEFT I_RUN I_TURN_LEFT I_RUN I_TURN_LEFT I_RUN I_TURN_LEFT I_RUN I_TURN_LEFT I_RUN I_TURN_LEFT I_RUN
turn opposite right and turn around right thrice	I_TURN_RIGHT I_TURN_RIGHT I_TURN_RIGHT I_TURN_RIGHT I_TURN_RIGHT I_TURN_RIGHT I_TURN_RIGHT I_TURN_RIGHT I_TURN_RIGHT I_TURN_RIGHT I_TURN_RIGHT I_TURN_RIGHT I_TURN_RIGHT I_TURN_RIGHT
look left twice after walk right	I_TURN_RIGHT I_WALK I_TURN_LEFT I_LOOK I_TURN_LEFT I_LOOK
jump right thrice after run right twice	I_TURN_RIGHT I_RUN I_TURN_RIGHT I_RUN I_TURN_RIGHT I_JUMP I_TURN_RIGHT I_JUMP I_TURN_RIGHT I_JUMP
look left after look around left	I_TURN_LEFT I_LOOK I_TURN_LEFT I_LOOK I_TURN_LEFT I_LOOK I_TURN_LEFT I_LOOK I_TURN_LEFT I_LOOK
run around left after look around left twice	I_TURN_LEFT I_LOOK I_TURN_LEFT I_LOOK I_TURN_LEFT I_LOOK I_TURN_LEFT I_LOOK I_TURN_LEFT I_LOOK I_TURN_LEFT I_LOOK I_TURN_LEFT I_LOOK I_TURN_LEFT I_LOOK I_TURN_LEFT I_RUN I_TURN_LEFT I_RUN I_TURN_LEFT I_RUN I_TURN_LEFT I_RUN
walk around left thrice and run opposite right twice	I_TURN_LEFT I_WALK I_TURN_LEFT I_WALK I_TURN_LEFT I_WALK I_TURN_LEFT I_WALK I_TURN_LEFT I_WALK I_TURN_LEFT I_WALK I_TURN_LEFT I_WALK I_TURN_LEFT I_WALK I_TURN_LEFT I_WALK I_TURN_LEFT I_WALK I_TURN_LEFT I_WALK I_TURN_LEFT I_WALK I_TURN_RIGHT I_TURN_RIGHT I_RUN I_TURN_RIGHT I_TURN_RIGHT I_RUN
run right thrice and walk left twice	I_TURN_RIGHT I_RUN I_TURN_RIGHT I_RUN I_TURN_RIGHT I_RUN I_TURN_LEFT I_WALK I_TURN_LEFT I_WALK
jump around right twice and look right twice	I_TURN_RIGHT I_JUMP I_TURN_RIGHT I_JUMP I_TURN_RIGHT I_JUMP I_TURN_RIGHT I_JUMP I_TURN_RIGHT I_JUMP I_TURN_RIGHT I_JUMP I_TURN_RIGHT I_JUMP I_TURN_RIGHT I_JUMP I_TURN_RIGHT I_LOOK I_TURN_RIGHT I_LOOK
run around left twice after jump opposite right thrice	I_TURN_RIGHT I_TURN_RIGHT I_JUMP I_TURN_RIGHT I_TURN_RIGHT I_JUMP I_TURN_RIGHT I_TURN_RIGHT I_JUMP I_TURN_LEFT I_RUN I_TURN_LEFT I_RUN I_TURN_LEFT I_RUN I_TURN_LEFT I_RUN I_TURN_LEFT I_RUN I_TURN_LEFT I_RUN I_TURN_LEFT I_RUN I_TURN_LEFT I_RUN
walk opposite right after look left twice	I_TURN_LEFT I_LOOK I_TURN_LEFT I_LOOK I_TURN_RIGHT I_TURN_RIGHT I_WALK
jump thrice after look right thrice	I_TURN_RIGHT I_LOOK I_TURN_RIGHT I_LOOK I_TURN_RIGHT I_LOOK I_JUMP I_JUMP I_JUMP
look right thrice after look around right thrice	I_TURN_RIGHT I_LOOK I_TURN_RIGHT I_LOOK I_TURN_RIGHT I_LOOK I_TURN_RIGHT I_LOOK I_TURN_RIGHT I_LOOK I_TURN_RIGHT I_LOOK I_TURN_RIGHT I_LOOK I_TURN_RIGHT I_LOOK I_TURN_RIGHT I_LOOK I_TURN_RIGHT I_LOOK I_TURN_RIGHT I_LOOK I_TURN_RIGHT I_LOOK I_TURN_RIGHT I_LOOK I_TURN_RIGHT I_LOOK I_TURN_RIGHT I_LOOK
jump twice after turn around right thrice	I_TURN_RIGHT I_TURN_RIGHT I_TURN_RIGHT I_TURN_RIGHT I_TURN_RIGHT I_TURN_RIGHT I_TURN_RIGHT I_TURN_RIGHT I_TURN_RIGHT I_TURN_RIGHT I_TURN_RIGHT I_TURN_RIGHT I_JUMP I_JUMP
turn around left after turn around left thrice	I_TURN_LEFT I_TURN_LEFT I_TURN_LEFT I_TURN_LEFT I_TURN_LEFT I_TURN_LEFT I_TURN_LEFT I_TURN_LEFT I_TURN_LEFT I_TURN_LEFT I_TURN_LEFT I_TURN_LEFT I_TURN_LEFT I_TURN_LEFT I_TURN_LEFT I_TURN_LEFT
look opposite right twice after jump twice	I_JUMP I_JUMP I_TURN_RIGHT I_TURN_RIGHT I_LOOK I_TURN_RIGHT I_TURN_RIGHT I_LOOK
turn around right after turn right	I_TURN_RIGHT I_TURN_RIGHT I_TURN_RIGHT I_TURN_RIGHT I_TURN_RIGHT
walk thrice and look left thrice	I_WALK I_WALK I_WALK I_TURN_LEFT I_LOOK I_TURN_LEFT I_LOOK I_TURN_LEFT I_LOOK
run thrice and turn opposite left thrice	I_RUN I_RUN I_RUN I_TURN_LEFT I_TURN_LEFT I_TURN_LEFT I_TURN_LEFT I_TURN_LEFT I_TURN_LEFT
walk twice and walk left twice	I_WALK I_WALK I_TURN_LEFT I_WALK I_TURN_LEFT I_WALK
turn around right and run opposite right	I_TURN_RIGHT I_TURN_RIGHT I_TURN_RIGHT I_TURN_RIGHT I_TURN_RIGHT I_TURN_RIGHT I_RUN
jump after turn around right	I_TURN_RIGHT I_TURN_RIGHT I_TURN_RIGHT I_TURN_RIGHT I_JUMP
look around right twice after jump opposite right	I_TURN_RIGHT I_TURN_RIGHT I_JUMP I_TURN_RIGHT I_LOOK I_TURN_RIGHT I_LOOK I_TURN_RIGHT I_LOOK I_TURN_RIGHT I_LOOK I_TURN_RIGHT I_LOOK I_TURN_RIGHT I_LOOK I_TURN_RIGHT I_LOOK I_TURN_RIGHT I_LOOK
jump opposite right twice after jump left twice	I_TURN_LEFT I_JUMP I_TURN_LEFT I_JUMP I_TURN_RIGHT I_TURN_RIGHT I_JUMP I_TURN_RIGHT I_TURN_RIGHT I_JUMP
walk around left twice and walk	I_TURN_LEFT I_WALK I_TURN_LEFT I_WALK I_TURN_LEFT I_WALK I_TURN_LEFT I_WALK I_TURN_LEFT I_WALK I_TURN_LEFT I_WALK I_TURN_LEFT I_WALK I_TURN_LEFT I_WALK I_WALK
walk right twice and jump right	I_TURN_RIGHT I_WALK I_TURN_RIGHT I_WALK I_TURN_RIGHT I_JUMP
walk around right after look opposite right thrice	I_TURN_RIGHT I_TURN_RIGHT I_LOOK I_TURN_RIGHT I_TURN_RIGHT I_LOOK I_TURN_RIGHT I_TURN_RIGHT I_LOOK I_TURN_RIGHT I_WALK I_TURN_RIGHT I_WALK I_TURN_RIGHT I_WALK I_TURN_RIGHT I_WALK
jump left twice and walk left	I_TURN_LEFT I_JUMP I_TURN_LEFT I_JUMP I_TURN_LEFT I_WALK
jump opposite left thrice and look right	I_TURN_LEFT I_TURN_LEFT I_JUMP I_TURN_LEFT I_TURN_LEFT I_JUMP I_TURN_LEFT I_TURN_LEFT I_JUMP I_TURN_RIGHT I_LOOK
run twice and jump right twice	I_RUN I_RUN I_TURN_RIGHT I_JUMP I_TURN_RIGHT I_JUMP
jump left twice after run thrice	I_RUN I_RUN I_RUN I_TURN_LEFT I_JUMP I_TURN_LEFT I_JUMP
walk around left and run left twice	I_TURN_LEFT I_WALK I_TURN_LEFT I_WALK I_TURN_LEFT I_WALK I_TURN_LEFT I_WALK I_TURN_LEFT I_RUN I_TURN_LEFT I_RUN
look around left after jump left	I_TURN_LEFT I_JUMP I_TURN_LEFT I_LOOK I_TURN_LEFT I_LOOK I_TURN_LEFT I_LOOK I_TURN_LEFT I_LOOK
jump opposite right thrice and run twice	I_TURN_RIGHT I_TURN_RIGHT I_JUMP I_TURN_RIGHT I_TURN_RIGHT I_JUMP I_TURN_RIGHT I_TURN_RIGHT I_JUMP I_RUN I_RUN
look around left and walk left	I_TURN_LEFT I_LOOK I_TURN_LEFT I_LOOK I_TURN_LEFT I_LOOK I_TURN_LEFT I_LOOK I_TURN_LEFT I_WALK
jump right thrice after run thrice	I_RUN I_RUN I_RUN I_TURN_RIGHT I_JUMP I_TURN_RIGHT I_JUMP I_TURN_RIGHT I_JUMP
run opposite left after run opposite right	I_TURN_RIGHT I_TURN_RIGHT I_RUN I_TURN_LEFT I_TURN_LEFT I_RUN
walk around left twice and look opposite right thrice	I_TURN_LEFT I_WALK I_TURN_LEFT I_WALK I_TURN_LEFT I_WALK I_TURN_LEFT I_WALK I_TURN_LEFT I_WALK I_TURN_LEFT I_WALK I_TURN_LEFT I_WALK I_TURN_LEFT I_WALK I_TURN_RIGHT I_TURN_RIGHT I_LOOK I_TURN_RIGHT I_TURN_RIGHT I_LOOK I_TURN_RIGHT I_TURN_RIGHT I_LOOK
look left twice after jump opposite left thrice	I_TURN_LEFT I_TURN_LEFT I_JUMP I_TURN_LEFT I_TURN_LEFT I_JUMP I_TURN_LEFT I_TURN_LEFT I_JUMP I_TURN_LEFT I_LOOK I_TURN_LEFT I_LOOK
walk opposite left thrice after run opposite right	I_TURN_RIGHT I_TURN_RIGHT I_RUN I_TURN_LEFT I_TURN_LEFT I_WALK I_TURN_LEFT I_TURN_LEFT I_WALK I_TURN_LEFT I_TURN_LEFT I_WALK
jump left thrice and run around right	I_TURN_LEFT I_JUMP I_TURN_LEFT I_JUMP I_TURN_LEFT I_JUMP I_TURN_RIGHT I_RUN I_TURN_RIGHT I_RUN I_TURN_RIGHT I_RUN I_TURN_RIGHT I_RUN
jump around left thrice after jump around right twice	I_TURN_RIGHT I_JUMP I_TURN_RIGHT I_JUMP I_TURN_RIGHT I_JUMP I_TURN_RIGHT I_JUMP I_TURN_RIGHT I_JUMP I_TURN_RIGHT I_JUMP I_TURN_RIGHT I_JUMP I_TURN_RIGHT I_JUMP I_TURN_LEFT I_JUMP I_TURN_LEFT I_JUMP I_TURN_LEFT I_JUMP I_TURN_LEFT I_JUMP I_TURN_LEFT I_JUMP I_TURN_LEFT I_JUMP I_TURN_LEFT I_JUMP I_TURN_LEFT I_JUMP I_TURN_LEFT I_JUMP I_TURN_LEFT I_JUMP I_TURN_LEFT I_JUMP I_TURN_LEFT I_JUMP
turn right twice after run around left twice	I_TURN_LEFT I_RUN I_TURN_LEFT I_RUN I_TURN_LEFT I_RUN I_TURN_LEFT I_RUN I_TURN_LEFT I_RUN I_TURN_LEFT I_RUN I_TURN_LEFT I_RUN I_TURN_LEFT I_RUN I_TURN_RIGHT I_TURN_RIGHT
turn opposite left and turn around left twice	I_TURN_LEFT I_TURN_LEFT I_TURN_LEFT I_TURN_LEFT I_TURN_LEFT I_TURN_LEFT I_TURN_LEFT I_TURN_LEFT I_TURN_LEFT I_TURN_LEFT
walk opposite left after jump around left twice	I_TURN_LEFT I_JUMP I_TURN_LEFT I_JUMP I_TURN_LEFT I_JUMP I_TURN_LEFT I_JUMP I_TURN_LEFT I_JUMP I_TURN_LEFT I_JUMP I_TURN_LEFT I_JUMP I_TURN_LEFT I_JUMP I_TURN_LEFT I_TURN_LEFT I_WALK
jump right twice and look around left twice	I_TURN_RIGHT I_JUMP I_TURN_RIGHT I_JUMP I_TURN_LEFT I_LOOK I_TURN_LEFT I_LOOK I_TURN_LEFT I_LOOK I_TURN_LEFT I_LOOK I_TURN_LEFT I_LOOK I_TURN_LEFT I_LOOK I_TURN_LEFT I_LOOK I_TURN_LEFT I_LOOK
run after walk opposite left twice	I_TURN_LEFT I_TURN_LEFT I_WALK I_TURN_LEFT I_TURN_LEFT I_WALK I_RUN
walk around right thrice and turn opposite right thrice	I_TURN_RIGHT I_WALK I_TURN_RIGHT I_WALK I_TURN_RIGHT I_WALK I_TURN_RIGHT I_WALK I_TURN_RIGHT I_WALK I_TURN_RIGHT I_WALK I_TURN_RIGHT I_WALK I_TURN_RIGHT I_WALK I_TURN_RIGHT I_WALK I_TURN_RIGHT I_WALK I_TURN_RIGHT I_WALK I_TURN_RIGHT I_WALK I_TURN_RIGHT I_TURN_RIGHT I_TURN_RIGHT I_TURN_RIGHT I_TURN_RIGHT I_TURN_RIGHT
look left after run left thrice	I_TURN_LEFT I_RUN I_TURN_LEFT I_RUN I_TURN_LEFT I_RUN I_TURN_LEFT I_LOOK
turn opposite right thrice and run around right twice	I_TURN_RIGHT I_TURN_RIGHT I_TURN_RIGHT I_TURN_RIGHT I_TURN_RIGHT I_TURN_RIGHT I_TURN_RIGHT I_RUN I_TURN_RIGHT I_RUN I_TURN_RIGHT I_RUN I_TURN_RIGHT I_RUN I_TURN_RIGHT I_RUN I_TURN_RIGHT I_RUN I_TURN_RIGHT I_RUN I_TURN_RIGHT I_RUN
turn around left thrice after run left thrice	I_TURN_LEFT I_RUN I_TURN_LEFT I_RUN I_TURN_LEFT I_RUN I_TURN_LEFT I_TURN_LEFT I_TURN_LEFT I_TURN_LEFT I_TURN_LEFT I_TURN_LEFT I_TURN_LEFT I_TURN_LEFT I_TURN_LEFT I_TURN_LEFT I_TURN_LEFT I_TURN_LEFT
run around right thrice after look twice	I_LOOK I_LOOK I_TURN_RIGHT I_RUN I_TURN_RIGHT I_RUN I_TURN_RIGHT I_RUN I_TURN_RIGHT I_RUN I_TURN_RIGHT I_RUN I_TURN_RIGHT I_RUN I_TURN_RIGHT I_RUN I_TURN_RIGHT I_RUN I_TURN_RIGHT I_RUN I_TURN_RIGHT I_RUN I_TURN_RIGHT I_RUN I_TURN_RIGHT I_RUN
jump right thrice and run around left	I_TURN_RIGHT I_JUMP I_TURN_RIGHT I_JUMP I_TURN_RIGHT I_JUMP I_TURN_LEFT I_RUN I_TURN_LEFT I_RUN I_TURN_LEFT I_RUN I_TURN_LEFT I_RUN
jump around right thrice and turn around left twice	I_TURN_RIGHT I_JUMP I_TURN_RIGHT I_JUMP I_TURN_RIGHT I_JUMP I_TURN_RIGHT I_JUMP I_TURN_RIGHT I_JUMP I_TURN_RIGHT I_JUMP I_TURN_RIGHT I_JUMP I_TURN_RIGHT I_JUMP I_TURN_RIGHT I_JUMP I_TURN_RIGHT I_JUMP I_TURN_RIGHT I_JUMP I_TURN_RIGHT I_JUMP I_TURN_LEFT I_TURN_LEFT I_TURN_LEFT I_TURN_LEFT I_TURN_LEFT I_TURN_LEFT I_TURN_LEFT I_TURN_LEFT
run opposite left and turn around left twice	I_TURN_LEFT I_TURN_LEFT I_RUN I_TURN_LEFT I_TURN_LEFT I_TURN_LEFT I_TURN_LEFT I_TURN_LEFT I_TURN_LEFT I_TURN_LEFT I_TURN_LEFT
turn around right thrice after walk left thrice	I_TURN_LEFT I_WALK I_TURN_LEFT I_WALK I_TURN_LEFT I_WALK I_TURN_RIGHT I_TURN_RIGHT I_TURN_RIGHT I_TURN_RIGHT I_TURN_RIGHT I_TURN_RIGHT I_TURN_RIGHT I_TURN_RIGHT I_TURN_RIGHT I_TURN_RIGHT I_TURN_RIGHT I_TURN_RIGHT
turn right twice after jump around left thrice	I_TURN_LEFT I_JUMP I_TURN_LEFT I_JUMP I_TURN_LEFT I_JUMP I_TURN_LEFT I_JUMP I_TURN_LEFT I_JUMP I_TURN_LEFT I_JUMP I_TURN_LEFT I_JUMP I_TURN_LEFT I_JUMP I_TURN_LEFT I_JUMP I_TURN_LEFT I_JUMP I_TURN_LEFT I_JUMP I_TURN_LEFT I_JUMP I_TURN_RIGHT I_TURN_RIGHT
turn opposite right twice after jump around right twice	I_TURN_RIGHT I_JUMP I_TURN_RIGHT I_JUMP I_TURN_RIGHT I_JUMP I_TURN_RIGHT I_JUMP I_TURN_RIGHT I_JUMP I_TURN_RIGHT I_JUMP I_TURN_RIGHT I_JUMP I_TURN_RIGHT I_JUMP I_TURN_RIGHT I_TURN_RIGHT I_TURN_RIGHT I_TURN_RIGHT
jump after jump around left thrice	I_TURN_LEFT I_JUMP I_TURN_LEFT I_JUMP I_TURN_LEFT I_JUMP I_TURN_LEFT I_JUMP I_TURN_LEFT I_JUMP I_TURN_LEFT I_JUMP I_TURN_LEFT I_JUMP I_TURN_LEFT I_JUMP I_TURN_LEFT I_JUMP I_TURN_LEFT I_JUMP I_TURN_LEFT I_JUMP I_TURN_LEFT I_JUMP I_JUMP
look left after walk around right	I_TURN_RIGHT I_WALK I_TURN_RIGHT I_WALK I_TURN_RIGHT I_WALK I_TURN_RIGHT I_WALK I_TURN_LEFT I_LOOK
walk opposite right thrice and walk left twice	I_TURN_RIGHT I_TURN_RIGHT I_WALK I_TURN_RIGHT I_TURN_RIGHT I_WALK I_TURN_RIGHT I_TURN_RIGHT I_WALK I_TURN_LEFT I_WALK I_TURN_LEFT I_WALK
turn left twice after look around right twice	I_TURN_RIGHT I_LOOK I_TURN_RIGHT I_LOOK I_TURN_RIGHT I_LOOK I_TURN_RIGHT I_LOOK I_TURN_RIGHT I_LOOK I_TURN_RIGHT I_LOOK I_TURN_RIGHT I_LOOK I_TURN_RIGHT I_LOOK I_TURN_LEFT I_TURN_LEFT
run around right twice and look twice	I_TURN_RIGHT I_RUN I_TURN_RIGHT I_RUN I_TURN_RIGHT I_RUN I_TURN_RIGHT I_RUN I_TURN_RIGHT I_RUN I_TURN_RIGHT I_RUN I_TURN_RIGHT I_RUN I_TURN_RIGHT I_RUN I_LOOK I_LOOK
turn opposite left and walk around right twice	I_TURN_LEFT I_TURN_LEFT I_TURN_RIGHT I_WALK I_TURN_RIGHT I_WALK I_TURN_RIGHT I_WALK I_TURN_RIGHT I_WALK I_TURN_RIGHT I_WALK I_TURN_RIGHT I_WALK I_TURN_RIGHT I_WALK I_TURN_RIGHT I_WALK
walk left thrice and jump opposite left thrice	I_TURN_LEFT I_WALK I_TURN_LEFT I_WALK I_TURN_LEFT I_WALK I_TURN_LEFT I_TURN_LEFT I_JUMP I_TURN_LEFT I_TURN_LEFT I_JUMP I_TURN_LEFT I_TURN_LEFT I_JUMP
look opposite right thrice and turn around left	I_TURN_RIGHT I_TURN_RIGHT I_LOOK I_TURN_RIGHT I_TURN_RIGHT I_LOOK I_TURN_RIGHT I_TURN_RIGHT I_LOOK I_TURN_LEFT I_TURN_LEFT I_TURN_LEFT I_TURN_LEFT
look thrice and walk right twice	I_LOOK I_LOOK I_LOOK I_TURN_RIGHT I_WALK I_TURN_RIGHT I_WALK
walk twice and run	I_WALK I_WALK I_RUN
walk left twice and look opposite left thrice	I_TURN_LEFT I_WALK I_TURN_LEFT I_WALK I_TURN_LEFT I_TURN_LEFT I_LOOK I_TURN_LEFT I_TURN_LEFT I_LOOK I_TURN_LEFT I_TURN_LEFT I_LOOK
jump around right after jump right twice	I_TURN_RIGHT I_JUMP I_TURN_RIGHT I_JUMP I_TURN_RIGHT I_JUMP I_TURN_RIGHT I_JUMP I_TURN_RIGHT I_JUMP I_TURN_RIGHT I_JUMP
look twice after run opposite left	I_TURN_LEFT I_TURN_LEFT I_RUN I_LOOK I_LOOK
jump opposite left twice and turn left	I_TURN_LEFT I_TURN_LEFT I_JUMP I_TURN_LEFT I_TURN_LEFT I_JUMP I_TURN_LEFT
walk after walk thrice	I_WALK I_WALK I_WALK I_WALK
turn opposite left thrice after walk right	I_TURN_RIGHT I_WALK I_TURN_LEFT I_TURN_LEFT I_TURN_LEFT I_TURN_LEFT I_TURN_LEFT I_TURN_LEFT
run around right after turn left twice	I_TURN_LEFT I_TURN_LEFT I_TURN_RIGHT I_RUN I_TURN_RIGHT I_RUN I_TURN_RIGHT I_RUN I_TURN_RIGHT I_RUN
jump right thrice after turn around right thrice	I_TURN_RIGHT I_TURN_RIGHT I_TURN_RIGHT I_TURN_RIGHT I_TURN_RIGHT I_TURN_RIGHT I_TURN_RIGHT I_TURN_RIGHT I_TURN_RIGHT I_TURN_RIGHT I_TURN_RIGHT I_TURN_RIGHT I_TURN_RIGHT I_JUMP I_TURN_RIGHT I_JUMP I_TURN_RIGHT I_JUMP
walk left thrice and look around right thrice	I_TURN_LEFT I_WALK I_TURN_LEFT I_WALK I_TURN_LEFT I_WALK I_TURN_RIGHT I_LOOK I_TURN_RIGHT I_LOOK I_TURN_RIGHT I_LOOK I_TURN_RIGHT I_LOOK I_TURN_RIGHT I_LOOK I_TURN_RIGHT I_LOOK I_TURN_RIGHT I_LOOK I_TURN_RIGHT I_LOOK I_TURN_RIGHT I_LOOK I_TURN_RIGHT I_LOOK I_TURN_RIGHT I_LOOK I_TURN_RIGHT I_LOOK
run opposite left thrice and walk opposite left	I_TURN_LEFT I_TURN_LEFT I_RUN I_TURN_LEFT I_TURN_LEFT I_RUN I_TURN_LEFT I_TURN_LEFT I_RUN I_TURN_LEFT I_TURN_LEFT I_WALK
walk around left twice after walk twice	I_WALK I_WALK I_TURN_LEFT I_WALK I_TURN_LEFT I_WALK I_TURN_LEFT I_WALK I_TURN_LEFT I_WALK I_TURN_LEFT I_WALK I_TURN_LEFT I_WALK I_TURN_LEFT I_WALK I_TURN_LEFT I_WALK
jump opposite left after run thrice	I_RUN I_RUN I_RUN I_TURN_LEFT I_TURN_LEFT I_JUMP
turn opposite left thrice after turn right thrice	I_TURN_RIGHT I_TURN_RIGHT I_TURN_RIGHT I_TURN_LEFT I_TURN_LEFT I_TURN_LEFT I_TURN_LEFT I_TURN_LEFT I_TURN_LEFT
look left thrice and look opposite left	I_TURN_LEFT I_LOOK I_TURN_LEFT I_LOOK I_TURN_LEFT I_LOOK I_TURN_LEFT I_TURN_LEFT I_LOOK
jump opposite left twice after look opposite left thrice	I_TURN_LEFT I_TURN_LEFT I_LOOK I_TURN_LEFT I_TURN_LEFT I_LOOK I_TURN_LEFT I_TURN_LEFT I_LOOK I_TURN_LEFT I_TURN_LEFT I_JUMP I_TURN_LEFT I_TURN_LEFT I_JUMP
jump opposite left and jump around left twice	I_TURN_LEFT I_TURN_LEFT I_JUMP I_TURN_LEFT I_JUMP I_TURN_LEFT I_JUMP I_TURN_LEFT I_JUMP I_TURN_LEFT I_JUMP I_TURN_LEFT I_JUMP I_TURN_LEFT I_JUMP I_TURN_LEFT I_JUMP I_TURN_LEFT I_JUMP
run right after walk right	I_TURN_RIGHT I_WALK I_TURN_RIGHT I_RUN
walk around left thrice and run opposite right thrice	I_TURN_LEFT I_WALK I_TURN_LEFT I_WALK I_TURN_LEFT I_WALK I_TURN_LEFT I_WALK I_TURN_LEFT I_WALK I_TURN_LEFT I_WALK I_TURN_LEFT I_WALK I_TURN_LEFT I_WALK I_TURN_LEFT I_WALK I_TURN_LEFT I_WALK I_TURN_LEFT I_WALK I_TURN_LEFT I_WALK I_TURN_RIGHT I_TURN_RIGHT I_RUN I_TURN_RIGHT I_TURN_RIGHT I_RUN I_TURN_RIGHT I_TURN_RIGHT I_RUN
walk opposite right twice and jump left twice	I_TURN_RIGHT I_TURN_RIGHT I_WALK I_TURN_RIGHT I_TURN_RIGHT I_WALK I_TURN_LEFT I_JUMP I_TURN_LEFT I_JUMP
turn right thrice after look left	I_TURN_LEFT I_LOOK I_TURN_RIGHT I_TURN_RIGHT I_TURN_RIGHT
jump right after look opposite left thrice	I_TURN_LEFT I_TURN_LEFT I_LOOK I_TURN_LEFT I_TURN_LEFT I_LOOK I_TURN_LEFT I_TURN_LEFT I_LOOK I_TURN_RIGHT I_JUMP
turn right twice and jump	I_TURN_RIGHT I_TURN_RIGHT I_JUMP
walk left thrice after look left	I_TURN_LEFT I_LOOK I_TURN_LEFT I_WALK I_TURN_LEFT I_WALK I_TURN_LEFT I_WALK
walk after look left	I_TURN_LEFT I_LOOK I_WALK
walk opposite left thrice and look opposite right twice	I_TURN_LEFT I_TURN_LEFT I_WALK I_TURN_LEFT I_TURN_LEFT I_WALK I_TURN_LEFT I_TURN_LEFT I_WALK I_TURN_RIGHT I_TURN_RIGHT I_LOOK I_TURN_RIGHT I_TURN_RIGHT I_LOOK
jump right after run opposite left twice	I_TURN_LEFT I_TURN_LEFT I_RUN I_TURN_LEFT I_TURN_LEFT I_RUN I_TURN_RIGHT I_JUMP
look around left twice and look twice	I_TURN_LEFT I_LOOK I_TURN_LEFT I_LOOK I_TURN_LEFT I_LOOK I_TURN_LEFT I_LOOK I_TURN_LEFT I_LOOK I_TURN_LEFT I_LOOK I_TURN_LEFT I_LOOK I_TURN_LEFT I_LOOK I_LOOK I_LOOK
jump around left after turn opposite left twice	I_TURN_LEFT I_TURN_LEFT I_TURN_LEFT I_TURN_LEFT I_TURN_LEFT I_JUMP I_TURN_LEFT I_JUMP I_TURN_LEFT I_JUMP I_TURN_LEFT I_JUMP
run opposite left and walk around left thrice	I_TURN_LEFT I_TURN_LEFT I_RUN I_TURN_LEFT I_WALK I_TURN_LEFT I_WALK I_TURN_LEFT I_WALK I_TURN_LEFT I_WALK I_TURN_LEFT I_WALK I_TURN_LEFT I_WALK I_TURN_LEFT I_WALK I_TURN_LEFT I_WALK I_TURN_LEFT I_WALK I_TURN_LEFT I_WALK I_TURN_LEFT I_WALK I_TURN_LEFT I_WALK
look thrice and look around right thrice	I_LOOK I_LOOK I_LOOK I_TURN_RIGHT I_LOOK I_TURN_RIGHT I_LOOK I_TURN_RIGHT I_LOOK I_TURN_RIGHT I_LOOK I_TURN_RIGHT I_LOOK I_TURN_RIGHT I_LOOK I_TURN_RIGHT I_LOOK I_TURN_RIGHT I_LOOK I_TURN_RIGHT I_LOOK I_TURN_RIGHT I_LOOK I_TURN_RIGHT I_LOOK I_TURN_RIGHT I_LOOK
turn opposite right twice after run around right twice	I_TURN_RIGHT I_RUN I_TURN_RIGHT I_RUN I_TURN_RIGHT I_RUN I_TURN_RIGHT I_RUN I_TURN_RIGHT I_RUN I_TURN_RIGHT I_RUN I_TURN_RIGHT I_RUN I_TURN_RIGHT I_RUN I_TURN_RIGHT I_TURN_RIGHT I_TURN_RIGHT I_TURN_RIGHT
turn left after run around left	I_TURN_LEFT I_RUN I_TURN_LEFT I_RUN I_TURN_LEFT I_RUN I_TURN_LEFT I_RUN I_TURN_LEFT
walk right twice and look thrice	I_TURN_RIGHT I_WALK I_TURN_RIGHT I_WALK I_LOOK I_LOOK I_LOOK
jump opposite left thrice and jump around right twice	I_TURN_LEFT I_TURN_LEFT I_JUMP I_TURN_LEFT I_TURN_LEFT I_JUMP I_TURN_LEFT I_TURN_LEFT I_JUMP I_TURN_RIGHT I_JUMP I_TURN_RIGHT I_JUMP I_TURN_RIGHT I_JUMP I_TURN_RIGHT I_JUMP I_TURN_RIGHT I_JUMP I_TURN_RIGHT I_JUMP I_TURN_RIGHT I_JUMP I_TURN_RIGHT I_JUMP
look opposite left thrice after jump around right	I_TURN_RIGHT I_JUMP I_TURN_RIGHT I_JUMP I_TURN_RIGHT I_JUMP I_TURN_RIGHT I_JUMP I_TURN_LEFT I_TURN_LEFT I_LOOK I_TURN_LEFT I_TURN_LEFT I_LOOK I_TURN_LEFT I_TURN_LEFT I_LOOK
jump around right thrice after look opposite left	I_TURN_LEFT I_TURN_LEFT I_LOOK I_TURN_RIGHT I_JUMP I_TURN_RIGHT I_JUMP I_TURN_RIGHT I_JUMP I_TURN_RIGHT I_JUMP I_TURN_RIGHT I_JUMP I_TURN_RIGHT I_JUMP I_TURN_RIGHT I_JUMP I_TURN_RIGHT I_JUMP I_TURN_RIGHT I_JUMP I_TURN_RIGHT I_JUMP I_TURN_RIGHT I_JUMP I_TURN_RIGHT I_JUMP
turn right after run around right twice	I_TURN_RIGHT I_RUN I_TURN_RIGHT I_RUN I_TURN_RIGHT I_RUN I_TURN_RIGHT I_RUN I_TURN_RIGHT I_RUN I_TURN_RIGHT I_RUN I_TURN_RIGHT I_RUN I_TURN_RIGHT I_RUN I_TURN_RIGHT
run around right twice and jump opposite right	I_TURN_RIGHT I_RUN I_TURN_RIGHT I_RUN I_TURN_RIGHT I_RUN I_TURN_RIGHT I_RUN I_TURN_RIGHT I_RUN I_TURN_RIGHT I_RUN I_TURN_RIGHT I_RUN I_TURN_RIGHT I_RUN I_TURN_RIGHT I_TURN_RIGHT I_JUMP
look left thrice and walk around right	I_TURN_LEFT I_LOOK I_TURN_LEFT I_LOOK I_TURN_LEFT I_LOOK I_TURN_RIGHT I_WALK I_TURN_RIGHT I_WALK I_TURN_RIGHT I_WALK I_TURN_RIGHT I_WALK
walk left thrice and walk opposite right twice	I_TURN_LEFT I_WALK I_TURN_LEFT I_WALK I_TURN_LEFT I_WALK I_TURN_RIGHT I_TURN_RIGHT I_WALK I_TURN_RIGHT I_TURN_RIGHT I_WALK
look opposite left twice and turn right	I_TURN_LEFT I_TURN_LEFT I_LOOK I_TURN_LEFT I_TURN_LEFT I_LOOK I_TURN_RIGHT
walk around right and turn right	I_TURN_RIGHT I_WALK I_TURN_RIGHT I_WALK I_TURN_RIGHT I_WALK I_TURN_RIGHT I_WALK I_TURN_RIGHT
walk around right and run opposite left thrice	I_TURN_RIGHT I_WALK I_TURN_RIGHT I_WALK I_TURN_RIGHT I_WALK I_TURN_RIGHT I_WALK I_TURN_LEFT I_TURN_LEFT I_RUN I_TURN_LEFT I_TURN_LEFT I_RUN I_TURN_LEFT I_TURN_LEFT I_RUN
run opposite left after jump right thrice	I_TURN_RIGHT I_JUMP I_TURN_RIGHT I_JUMP I_TURN_RIGHT I_JUMP I_TURN_LEFT I_TURN_LEFT I_RUN
walk left and walk around left	I_TURN_LEFT I_WALK I_TURN_LEFT I_WALK I_TURN_LEFT I_WALK I_TURN_LEFT I_WALK I_TURN_LEFT I_WALK
run opposite right twice and look around right twice	I_TURN_RIGHT I_TURN_RIGHT I_RUN I_TURN_RIGHT I_TURN_RIGHT I_RUN I_TURN_RIGHT I_LOOK I_TURN_RIGHT I_LOOK I_TURN_RIGHT I_LOOK I_TURN_RIGHT I_LOOK I_TURN_RIGHT I_LOOK I_TURN_RIGHT I_LOOK I_TURN_RIGHT I_LOOK I_TURN_RIGHT I_LOOK
run around left twice and jump right twice	I_TURN_LEFT I_RUN I_TURN_LEFT I_RUN I_TURN_LEFT I_RUN I_TURN_LEFT I_RUN I_TURN_LEFT I_RUN I_TURN_LEFT I_RUN I_TURN_LEFT I_RUN I_TURN_LEFT I_RUN I_TURN_RIGHT I_JUMP I_TURN_RIGHT I_JUMP
turn left thrice and run opposite left	I_TURN_LEFT I_TURN_LEFT I_TURN_LEFT I_TURN_LEFT I_TURN_LEFT I_RUN
turn around left after run around left thrice	I_TURN_LEFT I_RUN I_TURN_LEFT I_RUN I_TURN_LEFT I_RUN I_TURN_LEFT I_RUN I_TURN_LEFT I_RUN I_TURN_LEFT I_RUN I_TURN_LEFT I_RUN I_TURN_LEFT I_RUN I_TURN_LEFT I_RUN I_TURN_LEFT I_RUN I_TURN_LEFT I_RUN I_TURN_LEFT I_RUN I_TURN_LEFT I_TURN_LEFT I_TURN_LEFT I_TURN_LEFT
jump around right thrice after walk	I_WALK I_TURN_RIGHT I_JUMP I_TURN_RIGHT I_JUMP I_TURN_RIGHT I_JUMP I_TURN_RIGHT I_JUMP I_TURN_RIGHT I_JUMP I_TURN_RIGHT I_JUMP I_TURN_RIGHT I_JUMP I_TURN_RIGHT I_JUMP I_TURN_RIGHT I_JUMP I_TURN_RIGHT I_JUMP I_TURN_RIGHT I_JUMP I_TURN_RIGHT I_JUMP
run around right after turn opposite left thrice	I_TURN_LEFT I_TURN_LEFT I_TURN_LEFT I_TURN_LEFT I_TURN_LEFT I_TURN_LEFT I_TURN_RIGHT I_RUN I_TURN_RIGHT I_RUN I_TURN_RIGHT I_RUN I_TURN_RIGHT I_RUN
turn around left thrice and look around right thrice	I_TURN_LEFT I_TURN_LEFT I_TURN_LEFT I_TURN_LEFT I_TURN_LEFT I_TURN_LEFT I_TURN_LEFT I_TURN_LEFT I_TURN_LEFT I_TURN_LEFT I_TURN_LEFT I_TURN_LEFT I_TURN_RIGHT I_LOOK I_TURN_RIGHT I_LOOK I_TURN_RIGHT I_LOOK I_TURN_RIGHT I_LOOK I_TURN_RIGHT I_LOOK I_TURN_RIGHT I_LOOK I_TURN_RIGHT I_LOOK I_TURN_RIGHT I_LOOK I_TURN_RIGHT I_LOOK I_TURN_RIGHT I_LOOK I_TURN_RIGHT I_LOOK I_TURN_RIGHT I_LOOK
look around right and look right twice	I_TURN_RIGHT I_LOOK I_TURN_RIGHT I_LOOK I_TURN_RIGHT I_LOOK I_TURN_RIGHT I_LOOK I_TURN_RIGHT I_LOOK I_TURN_RIGHT I_LOOK
run right thrice after turn opposite right thrice	I_TURN_RIGHT I_TURN_RIGHT I_TURN_RIGHT I_TURN_RIGHT I_TURN_RIGHT I_TURN_RIGHT I_TURN_RIGHT I_RUN I_TURN_RIGHT I_RUN I_TURN_RIGHT I_RUN
walk left thrice after walk left twice	I_TURN_LEFT I_WALK I_TURN_LEFT I_WALK I_TURN_LEFT I_WALK I_TURN_LEFT I_WALK I_TURN_LEFT I_WALK
jump opposite left thrice and run right twice	I_TURN_LEFT I_TURN_LEFT I_JUMP I_TURN_LEFT I_TURN_LEFT I_JUMP I_TURN_LEFT I_TURN_LEFT I_JUMP I_TURN_RIGHT I_RUN I_TURN_RIGHT I_RUN
jump around right thrice after walk left	I_TURN_LEFT I_WALK I_TURN_RIGHT I_JUMP I_TURN_RIGHT I_JUMP I_TURN_RIGHT I_JUMP I_TURN_RIGHT I_JUMP I_TURN_RIGHT I_JUMP I_TURN_RIGHT I_JUMP I_TURN_RIGHT I_JUMP I_TURN_RIGHT I_JUMP I_TURN_RIGHT I_JUMP I_TURN_RIGHT I_JUMP I_TURN_RIGHT I_JUMP I_TURN_RIGHT I_JUMP
turn opposite left twice and look around left thrice	I_TURN_LEFT I_TURN_LEFT I_TURN_LEFT I_TURN_LEFT I_TURN_LEFT I_LOOK I_TURN_LEFT I_LOOK I_TURN_LEFT I_LOOK I_TURN_LEFT I_LOOK I_TURN_LEFT I_LOOK I_TURN_LEFT I_LOOK I_TURN_LEFT I_LOOK I_TURN_LEFT I_LOOK I_TURN_LEFT I_LOOK I_TURN_LEFT I_LOOK I_TURN_LEFT I_LOOK I_TURN_LEFT I_LOOK
turn opposite right thrice after look opposite right	I_TURN_RIGHT I_TURN_RIGHT I_LOOK I_TURN_RIGHT I_TURN_RIGHT I_TURN_RIGHT I_TURN_RIGHT I_TURN_RIGHT I_TURN_RIGHT
turn left thrice after turn around left	I_TURN_LEFT I_TURN_LEFT I_TURN_LEFT I_TURN_LEFT I_TURN_LEFT I_TURN_LEFT I_TURN_LEFT
turn opposite left thrice and look	I_TURN_LEFT I_TURN_LEFT I_TURN_LEFT I_TURN_LEFT I_TURN_LEFT I_TURN_LEFT I_LOOK
walk after look right	I_TURN_RIGHT I_LOOK I_WALK
look opposite right and turn opposite right twice	I_TURN_RIGHT I_TURN_RIGHT I_LOOK I_TURN_RIGHT I_TURN_RIGHT I_TURN_RIGHT I_TURN_RIGHT
turn around right thrice after run	I_RUN I_TURN_RIGHT I_TURN_RIGHT I_TURN_RIGHT I_TURN_RIGHT I_TURN_RIGHT I_TURN_RIGHT I_TURN_RIGHT I_TURN_RIGHT I_TURN_RIGHT I_TURN_RIGHT I_TURN_RIGHT I_TURN_RIGHT
turn around left thrice after jump right thrice	I_TURN_RIGHT I_JUMP I_TURN_RIGHT I_JUMP I_TURN_RIGHT I_JUMP I_TURN_LEFT I_TURN_LEFT I_TURN_LEFT I_TURN_LEFT I_TURN_LEFT I_TURN_LEFT I_TURN_LEFT I_TURN_LEFT I_TURN_LEFT I_TURN_LEFT I_TURN_LEFT I_TURN_LEFT
jump thrice and jump right thrice	I_JUMP I_JUMP I_JUMP I_TURN_RIGHT I_JUMP I_TURN_RIGHT I_JUMP I_TURN_RIGHT I_JUMP
turn opposite right and walk opposite left thrice	I_TURN_RIGHT I_TURN_RIGHT I_TURN_LEFT I_TURN_LEFT I_WALK I_TURN_LEFT I_TURN_LEFT I_WALK I_TURN_LEFT I_TURN_LEFT I_WALK
jump left thrice	I_TURN_LEFT I_JUMP I_TURN_LEFT I_JUMP I_TURN_LEFT I_JUMP
walk around right and turn opposite left twice	I_TURN_RIGHT I_WALK I_TURN_RIGHT I_WALK I_TURN_RIGHT I_WALK I_TURN_RIGHT I_WALK I_TURN_LEFT I_TURN_LEFT I_TURN_LEFT I_TURN_LEFT
look left twice after jump left twice	I_TURN_LEFT I_JUMP I_TURN_LEFT I_JUMP I_TURN_LEFT I_LOOK I_TURN_LEFT I_LOOK
turn left thrice after look around left	I_TURN_LEFT I_LOOK I_TURN_LEFT I_LOOK I_TURN_LEFT I_LOOK I_TURN_LEFT I_LOOK I_TURN_LEFT I_TURN_LEFT I_TURN_LEFT
run twice after jump opposite right	I_TURN_RIGHT I_TURN_RIGHT I_JUMP I_RUN I_RUN
look right thrice after turn opposite right	I_TURN_RIGHT I_TURN_RIGHT I_TURN_RIGHT I_LOOK I_TURN_RIGHT I_LOOK I_TURN_RIGHT I_LOOK
turn right twice and walk around left thrice	I_TURN_RIGHT I_TURN_RIGHT I_TURN_LEFT I_WALK I_TURN_LEFT I_WALK I_TURN_LEFT I_WALK I_TURN_LEFT I_WALK I_TURN_LEFT I_WALK I_TURN_LEFT I_WALK I_TURN_LEFT I_WALK I_TURN_LEFT I_WALK I_TURN_LEFT I_WALK I_TURN_LEFT I_WALK I_TURN_LEFT I_WALK I_TURN_LEFT I_WALK
run around left after jump around left	I_TURN_LEFT I_JUMP I_TURN_LEFT I_JUMP I_TURN_LEFT I_JUMP I_TURN_LEFT I_JUMP I_TURN_LEFT I_RUN I_TURN_LEFT I_RUN I_TURN_LEFT I_RUN I_TURN_LEFT I_RUN
jump opposite left thrice and walk opposite left thrice	I_TURN_LEFT I_TURN_LEFT I_JUMP I_TURN_LEFT I_TURN_LEFT I_JUMP I_TURN_LEFT I_TURN_LEFT I_JUMP I_TURN_LEFT I_TURN_LEFT I_WALK I_TURN_LEFT I_TURN_LEFT I_WALK I_TURN_LEFT I_TURN_LEFT I_WALK
run left and turn opposite right thrice	I_TURN_LEFT I_RUN I_TURN_RIGHT I_TURN_RIGHT I_TURN_RIGHT I_TURN_RIGHT I_TURN_RIGHT I_TURN_RIGHT
run left twice and jump opposite right thrice	I_TURN_LEFT I_RUN I_TURN_LEFT I_RUN I_TURN_RIGHT I_TURN_RIGHT I_JUMP I_TURN_RIGHT I_TURN_RIGHT I_JUMP I_TURN_RIGHT I_TURN_RIGHT I_JUMP
look around right thrice and run right thrice	I_TURN_RIGHT I_LOOK I_TURN_RIGHT I_LOOK I_TURN_RIGHT I_LOOK I_TURN_RIGHT I_LOOK I_TURN_RIGHT I_LOOK I_TURN_RIGHT I_LOOK I_TURN_RIGHT I_LOOK I_TURN_RIGHT I_LOOK I_TURN_RIGHT I_LOOK I_TURN_RIGHT I_LOOK I_TURN_RIGHT I_LOOK I_TURN_RIGHT I_LOOK I_TURN_RIGHT I_RUN I_TURN_RIGHT I_RUN I_TURN_RIGHT I_RUN
turn opposite right twice and walk opposite right	I_TURN_RIGHT I_TURN_RIGHT I_TURN_RIGHT I_TURN_RIGHT I_TURN_RIGHT I_TURN_RIGHT I_WALK
turn left after turn left thrice	I_TURN_LEFT I_TURN_LEFT I_TURN_LEFT I_TURN_LEFT
jump opposite right thrice and look right	I_TURN_RIGHT I_TURN_RIGHT I_JUMP I_TURN_RIGHT I_TURN_RIGHT I_JUMP I_TURN_RIGHT I_TURN_RIGHT I_JUMP I_TURN_RIGHT I_LOOK
look around left after run	I_RUN I_TURN_LEFT I_LOOK I_TURN_LEFT I_LOOK I_TURN_LEFT I_LOOK I_TURN_LEFT I_LOOK
walk right twice and walk right twice	I_TURN_RIGHT I_WALK I_TURN_RIGHT I_WALK I_TURN_RIGHT I_WALK I_TURN_RIGHT I_WALK
walk right thrice after turn around left	I_TURN_LEFT I_TURN_LEFT I_TURN_LEFT I_TURN_LEFT I_TURN_RIGHT I_WALK I_TURN_RIGHT I_WALK I_TURN_RIGHT I_WALK
look twice after run opposite right thrice	I_TURN_RIGHT I_TURN_RIGHT I_RUN I_TURN_RIGHT I_TURN_RIGHT I_RUN I_TURN_RIGHT I_TURN_RIGHT I_RUN I_LOOK I_LOOK
turn opposite left and walk	I_TURN_LEFT I_TURN_LEFT I_WALK
run thrice after jump opposite left twice	I_TURN_LEFT I_TURN_LEFT I_JUMP I_TURN_LEFT I_TURN_LEFT I_JUMP I_RUN I_RUN I_RUN
jump twice and look	I_JUMP I_JUMP I_LOOK
turn around left after walk left thrice	I_TURN_LEFT I_WALK I_TURN_LEFT I_WALK I_TURN_LEFT I_WALK I_TURN_LEFT I_TURN_LEFT I_TURN_LEFT I_TURN_LEFT
look right twice after walk left twice	I_TURN_LEFT I_WALK I_TURN_LEFT I_WALK I_TURN_RIGHT I_LOOK I_TURN_RIGHT I_LOOK
look around left and run right twice	I_TURN_LEFT I_LOOK I_TURN_LEFT I_LOOK I_TURN_LEFT I_LOOK I_TURN_LEFT I_LOOK I_TURN_RIGHT I_RUN I_TURN_RIGHT I_RUN
look right thrice and look opposite right twice	I_TURN_RIGHT I_LOOK I_TURN_RIGHT I_LOOK I_TURN_RIGHT I_LOOK I_TURN_RIGHT I_TURN_RIGHT I_LOOK I_TURN_RIGHT I_TURN_RIGHT I_LOOK
run around left thrice and walk opposite left twice	I_TURN_LEFT I_RUN I_TURN_LEFT I_RUN I_TURN_LEFT I_RUN I_TURN_LEFT I_RUN I_TURN_LEFT I_RUN I_TURN_LEFT I_RUN I_TURN_LEFT I_RUN I_TURN_LEFT I_RUN I_TURN_LEFT I_RUN I_TURN_LEFT I_RUN I_TURN_LEFT I_RUN I_TURN_LEFT I_RUN I_TURN_LEFT I_TURN_LEFT I_WALK I_TURN_LEFT I_TURN_LEFT I_WALK
turn left after walk right twice	I_TURN_RIGHT I_WALK I_TURN_RIGHT I_WALK I_TURN_LEFT
walk left after run right twice	I_TURN_RIGHT I_RUN I_TURN_RIGHT I_RUN I_TURN_LEFT I_WALK
run thrice after look around left twice	I_TURN_LEFT I_LOOK I_TURN_LEFT I_LOOK I_TURN_LEFT I_LOOK I_TURN_LEFT I_LOOK I_TURN_LEFT I_LOOK I_TURN_LEFT I_LOOK I_TURN_LEFT I_LOOK I_TURN_LEFT I_LOOK I_RUN I_RUN I_RUN
run right thrice and jump around left	I_TURN_RIGHT I_RUN I_TURN_RIGHT I_RUN I_TURN_RIGHT I_RUN I_TURN_LEFT I_JUMP I_TURN_LEFT I_JUMP I_TURN_LEFT I_JUMP I_TURN_LEFT I_JUMP
jump opposite left twice and run around left	I_TURN_LEFT I_TURN_LEFT I_JUMP I_TURN_LEFT I_TURN_LEFT I_JUMP I_TURN_LEFT I_RUN I_TURN_LEFT I_RUN I_TURN_LEFT I_RUN I_TURN_LEFT I_RUN
turn opposite left thrice after look left thrice	I_TURN_LEFT I_LOOK I_TURN_LEFT I_LOOK I_TURN_LEFT I_LOOK I_TURN_LEFT I_TURN_LEFT I_TURN_LEFT I_TURN_LEFT I_TURN_LEFT I_TURN_LEFT
jump around right and look around right twice	I_TURN_RIGHT I_JUMP I_TURN_RIGHT I_JUMP I_TURN_RIGHT I_JUMP I_TURN_RIGHT I_JUMP I_TURN_RIGHT I_LOOK I_TURN_RIGHT I_LOOK I_TURN_RIGHT I_LOOK I_TURN_RIGHT I_LOOK I_TURN_RIGHT I_LOOK I_TURN_RIGHT I_LOOK I_TURN_RIGHT I_LOOK I_TURN_RIGHT I_LOOK
jump around right thrice and jump opposite right	I_TURN_RIGHT I_JUMP I_TURN_RIGHT I_JUMP I_TURN_RIGHT I_JUMP I_TURN_RIGHT I_JUMP I_TURN_RIGHT I_JUMP I_TURN_RIGHT I_JUMP I_TURN_RIGHT I_JUMP I_TURN_RIGHT I_JUMP I_TURN_RIGHT I_JUMP I_TURN_RIGHT I_JUMP I_TURN_RIGHT I_JUMP I_TURN_RIGHT I_JUMP I_TURN_RIGHT I_TURN_RIGHT I_JUMP
run around right thrice and turn opposite right	I_TURN_RIGHT I_RUN I_TURN_RIGHT I_RUN I_TURN_RIGHT I_RUN I_TURN_RIGHT I_RUN I_TURN_RIGHT I_RUN I_TURN_RIGHT I_RUN I_TURN_RIGHT I_RUN I_TURN_RIGHT I_RUN I_TURN_RIGHT I_RUN I_TURN_RIGHT I_RUN I_TURN_RIGHT I_RUN I_TURN_RIGHT I_RUN I_TURN_RIGHT I_TURN_RIGHT
turn right thrice after look opposite right	I_TURN_RIGHT I_TURN_RIGHT I_LOOK I_TURN_RIGHT I_TURN_RIGHT I_TURN_RIGHT
walk around left thrice after run around left thrice	I_TURN_LEFT I_RUN I_TURN_LEFT I_RUN I_TURN_LEFT I_RUN I_TURN_LEFT I_RUN I_TURN_LEFT I_RUN I_TURN_LEFT I_RUN I_TURN_LEFT I_RUN I_TURN_LEFT I_RUN I_TURN_LEFT I_RUN I_TURN_LEFT I_RUN I_TURN_LEFT I_RUN I_TURN_LEFT I_RUN I_TURN_LEFT I_WALK I_TURN_LEFT I_WALK I_TURN_LEFT I_WALK I_TURN_LEFT I_WALK I_TURN_LEFT I_WALK I_TURN_LEFT I_WALK I_TURN_LEFT I_WALK I_TURN_LEFT I_WALK I_TURN_LEFT I_WALK I_TURN_LEFT I_WALK I_TURN_LEFT I_WALK I_TURN_LEFT I_WALK
look opposite left thrice after look around right thrice	I_TURN_RIGHT I_LOOK I_TURN_RIGHT I_LOOK I_TURN_RIGHT I_LOOK I_TURN_RIGHT I_LOOK I_TURN_RIGHT I_LOOK I_TURN_RIGHT I_LOOK I_TURN_RIGHT I_LOOK I_TURN_RIGHT I_LOOK I_TURN_RIGHT I_LOOK I_TURN_RIGHT I_LOOK I_TURN_RIGHT I_LOOK I_TURN_RIGHT I_LOOK I_TURN_LEFT I_TURN_LEFT I_LOOK I_TURN_LEFT I_TURN_LEFT I_LOOK I_TURN_LEFT I_TURN_LEFT I_LOOK
jump around left and look around left thrice	I_TURN_LEFT I_JUMP I_TURN_LEFT I_JUMP I_TURN_LEFT I_JUMP I_TURN_LEFT I_JUMP I_TURN_LEFT I_LOOK I_TURN_LEFT I_LOOK I_TURN_LEFT I_LOOK I_TURN_LEFT I_LOOK I_TURN_LEFT I_LOOK I_TURN_LEFT I_LOOK I_TURN_LEFT I_LOOK I_TURN_LEFT I_LOOK I_TURN_LEFT I_LOOK I_TURN_LEFT I_LOOK I_TURN_LEFT I_LOOK I_TURN_LEFT I_LOOK
turn opposite right thrice after turn opposite left	I_TURN_LEFT I_TURN_LEFT I_TURN_RIGHT I_TURN_RIGHT I_TURN_RIGHT I_TURN_RIGHT I_TURN_RIGHT I_TURN_RIGHT
look around right and walk around right	I_TURN_RIGHT I_LOOK I_TURN_RIGHT I_LOOK I_TURN_RIGHT I_LOOK I_TURN_RIGHT I_LOOK I_TURN_RIGHT I_WALK I_TURN_RIGHT I_WALK I_TURN_RIGHT I_WALK I_TURN_RIGHT I_WALK
run opposite right thrice after walk twice	I_WALK I_WALK I_TURN_RIGHT I_TURN_RIGHT I_RUN I_TURN_RIGHT I_TURN_RIGHT I_RUN I_TURN_RIGHT I_TURN_RIGHT I_RUN
jump around right and walk left	I_TURN_RIGHT I_JUMP I_TURN_RIGHT I_JUMP I_TURN_RIGHT I_JUMP I_TURN_RIGHT I_JUMP I_TURN_LEFT I_WALK
jump around left twice after turn around right twice	I_TURN_RIGHT I_TURN_RIGHT I_TURN_RIGHT I_TURN_RIGHT I_TURN_RIGHT I_TURN_RIGHT I_TURN_RIGHT I_TURN_RIGHT I_TURN_LEFT I_JUMP I_TURN_LEFT I_JUMP I_TURN_LEFT I_JUMP I_TURN_LEFT I_JUMP I_TURN_LEFT I_JUMP I_TURN_LEFT I_JUMP I_TURN_LEFT I_JUMP I_TURN_LEFT I_JUMP
walk opposite right and look twice	I_TURN_RIGHT I_TURN_RIGHT I_WALK I_LOOK I_LOOK
walk left thrice after run left twice	I_TURN_LEFT I_RUN I_TURN_LEFT I_RUN I_TURN_LEFT I_WALK I_TURN_LEFT I_WALK I_TURN_LEFT I_WALK
look thrice and jump opposite right	I_LOOK I_LOOK I_LOOK I_TURN_RIGHT I_TURN_RIGHT I_JUMP
look opposite right twice after run opposite right	I_TURN_RIGHT I_TURN_RIGHT I_RUN I_TURN_RIGHT I_TURN_RIGHT I_LOOK I_TURN_RIGHT I_TURN_RIGHT I_LOOK
turn around left twice and run opposite right	I_TURN_LEFT I_TURN_LEFT I_TURN_LEFT I_TURN_LEFT I_TURN_LEFT I_TURN_LEFT I_TURN_LEFT I_TURN_LEFT I_TURN_RIGHT I_TURN_RIGHT I_RUN
jump left thrice and look	I_TURN_LEFT I_JUMP I_TURN_LEFT I_JUMP I_TURN_LEFT I_JUMP I_LOOK
run opposite right thrice after jump left twice	I_TURN_LEFT I_JUMP I_TURN_LEFT I_JUMP I_TURN_RIGHT I_TURN_RIGHT I_RUN I_TURN_RIGHT I_TURN_RIGHT I_RUN I_TURN_RIGHT I_TURN_RIGHT I_RUN
look left thrice after look right twice	I_TURN_RIGHT I_LOOK I_TURN_RIGHT I_LOOK I_TURN_LEFT I_LOOK I_TURN_LEFT I_LOOK I_TURN_LEFT I_LOOK
jump right twice after jump opposite left twice	I_TURN_LEFT I_TURN_LEFT I_JUMP I_TURN_LEFT I_TURN_LEFT I_JUMP I_TURN_RIGHT I_JUMP I_TURN_RIGHT I_JUMP
walk right thrice and jump right thrice	I_TURN_RIGHT I_WALK I_TURN_RIGHT I_WALK I_TURN_RIGHT I_WALK I_TURN_RIGHT I_JUMP I_TURN_RIGHT I_JUMP I_TURN_RIGHT I_JUMP
look opposite right thrice and walk opposite left twice	I_TURN_RIGHT I_TURN_RIGHT I_LOOK I_TURN_RIGHT I_TURN_RIGHT I_LOOK I_TURN_RIGHT I_TURN_RIGHT I_LOOK I_TURN_LEFT I_TURN_LEFT I_WALK I_TURN_LEFT I_TURN_LEFT I_WALK
walk twice after look around left thrice	I_TURN_LEFT I_LOOK I_TURN_LEFT I_LOOK I_TURN_LEFT I_LOOK I_TURN_LEFT I_LOOK I_TURN_LEFT I_LOOK I_TURN_LEFT I_LOOK I_TURN_LEFT I_LOOK I_TURN_LEFT I_LOOK I_TURN_LEFT I_LOOK I_TURN_LEFT I_LOOK I_TURN_LEFT I_LOOK I_TURN_LEFT I_LOOK I_WALK I_WALK
jump and walk around left twice	I_JUMP I_TURN_LEFT I_WALK I_TURN_LEFT I_WALK I_TURN_LEFT I_WALK I_TURN_LEFT I_WALK I_TURN_LEFT I_WALK I_TURN_LEFT I_WALK I_TURN_LEFT I_WALK I_TURN_LEFT I_WALK
look around right thrice and jump around right twice	I_TURN_RIGHT I_LOOK I_TURN_RIGHT I_LOOK I_TURN_RIGHT I_LOOK I_TURN_RIGHT I_LOOK I_TURN_RIGHT I_LOOK I_TURN_RIGHT I_LOOK I_TURN_RIGHT I_LOOK I_TURN_RIGHT I_LOOK I_TURN_RIGHT I_LOOK I_TURN_RIGHT I_LOOK I_TURN_RIGHT I_LOOK I_TURN_RIGHT I_LOOK I_TURN_RIGHT I_JUMP I_TURN_RIGHT I_JUMP I_TURN_RIGHT I_JUMP I_TURN_RIGHT I_JUMP I_TURN_RIGHT I_JUMP I_TURN_RIGHT I_JUMP I_TURN_RIGHT I_JUMP I_TURN_RIGHT I_JUMP
look left after run around right thrice	I_TURN_RIGHT I_RUN I_TURN_RIGHT I_RUN I_TURN_RIGHT I_RUN I_TURN_RIGHT I_RUN I_TURN_RIGHT I_RUN I_TURN_RIGHT I_RUN I_TURN_RIGHT I_RUN I_TURN_RIGHT I_RUN I_TURN_RIGHT I_RUN I_TURN_RIGHT I_RUN I_TURN_RIGHT I_RUN I_TURN_RIGHT I_RUN I_TURN_LEFT I_LOOK
run thrice and turn left thrice	I_RUN I_RUN I_RUN I_TURN_LEFT I_TURN_LEFT I_TURN_LEFT
walk opposite left twice after look left twice	I_TURN_LEFT I_LOOK I_TURN_LEFT I_LOOK I_TURN_LEFT I_TURN_LEFT I_WALK I_TURN_LEFT I_TURN_LEFT I_WALK
jump opposite right twice and look around right	I_TURN_RIGHT I_TURN_RIGHT I_JUMP I_TURN_RIGHT I_TURN_RIGHT I_JUMP I_TURN_RIGHT I_LOOK I_TURN_RIGHT I_LOOK I_TURN_RIGHT I_LOOK I_TURN_RIGHT I_LOOK
turn opposite right thrice and jump twice	I_TURN_RIGHT I_TURN_RIGHT I_TURN_RIGHT I_TURN_RIGHT I_TURN_RIGHT I_TURN_RIGHT I_JUMP I_JUMP
walk right twice and walk around right thrice	I_TURN_RIGHT I_WALK I_TURN_RIGHT I_WALK I_TURN_RIGHT I_WALK I_TURN_RIGHT I_WALK I_TURN_RIGHT I_WALK I_TURN_RIGHT I_WALK I_TURN_RIGHT I_WALK I_TURN_RIGHT I_WALK I_TURN_RIGHT I_WALK I_TURN_RIGHT I_WALK I_TURN_RIGHT I_WALK I_TURN_RIGHT I_WALK I_TURN_RIGHT I_WALK I_TURN_RIGHT I_WALK
look opposite right and turn opposite right thrice	I_TURN_RIGHT I_TURN_RIGHT I_LOOK I_TURN_RIGHT I_TURN_RIGHT I_TURN_RIGHT I_TURN_RIGHT I_TURN_RIGHT I_TURN_RIGHT
look left and walk around left thrice	I_TURN_LEFT I_LOOK I_TURN_LEFT I_WALK I_TURN_LEFT I_WALK I_TURN_LEFT I_WALK I_TURN_LEFT I_WALK I_TURN_LEFT I_WALK I_TURN_LEFT I_WALK I_TURN_LEFT I_WALK I_TURN_LEFT I_WALK I_TURN_LEFT I_WALK I_TURN_LEFT I_WALK I_TURN_LEFT I_WALK I_TURN_LEFT I_WALK
walk opposite left after look left thrice	I_TURN_LEFT I_LOOK I_TURN_LEFT I_LOOK I_TURN_LEFT I_LOOK I_TURN_LEFT I_TURN_LEFT I_WALK
jump opposite right and turn around left thrice	I_TURN_RIGHT I_TURN_RIGHT I_JUMP I_TURN_LEFT I_TURN_LEFT I_TURN_LEFT I_TURN_LEFT I_TURN_LEFT I_TURN_LEFT I_TURN_LEFT I_TURN_LEFT I_TURN_LEFT I_TURN_LEFT I_TURN_LEFT I_TURN_LEFT
walk right and walk right twice	I_TURN_RIGHT I_WALK I_TURN_RIGHT I_WALK I_TURN_RIGHT I_WALK
jump around right after turn left	I_TURN_LEFT I_TURN_RIGHT I_JUMP I_TURN_RIGHT I_JUMP I_TURN_RIGHT I_JUMP I_TURN_RIGHT I_JUMP
walk opposite right twice and look	I_TURN_RIGHT I_TURN_RIGHT I_WALK I_TURN_RIGHT I_TURN_RIGHT I_WALK I_LOOK
run opposite left thrice after walk right	I_TURN_RIGHT I_WALK I_TURN_LEFT I_TURN_LEFT I_RUN I_TURN_LEFT I_TURN_LEFT I_RUN I_TURN_LEFT I_TURN_LEFT I_RUN
walk right and walk opposite left	I_TURN_RIGHT I_WALK I_TURN_LEFT I_TURN_LEFT I_WALK
jump opposite left twice and jump around right twice	I_TURN_LEFT I_TURN_LEFT I_JUMP I_TURN_LEFT I_TURN_LEFT I_JUMP I_TURN_RIGHT I_JUMP I_TURN_RIGHT I_JUMP I_TURN_RIGHT I_JUMP I_TURN_RIGHT I_JUMP I_TURN_RIGHT I_JUMP I_TURN_RIGHT I_JUMP I_TURN_RIGHT I_JUMP I_TURN_RIGHT I_JUMP
walk opposite left twice and turn opposite left thrice	I_TURN_LEFT I_TURN_LEFT I_WALK I_TURN_LEFT I_TURN_LEFT I_WALK I_TURN_LEFT I_TURN_LEFT I_TURN_LEFT I_TURN_LEFT I_TURN_LEFT I_TURN_LEFT
turn around right twice and jump left	I_TURN_RIGHT I_TURN_RIGHT I_TURN_RIGHT I_TURN_RIGHT I_TURN_RIGHT I_TURN_RIGHT I_TURN_RIGHT I_TURN_RIGHT I_TURN_LEFT I_JUMP
turn right after look opposite right twice	I_TURN_RIGHT I_TURN_RIGHT I_LOOK I_TURN_RIGHT I_TURN_RIGHT I_LOOK I_TURN_RIGHT
walk left twice after walk around left twice	I_TURN_LEFT I_WALK I_TURN_LEFT I_WALK I_TURN_LEFT I_WALK I_TURN_LEFT I_WALK I_TURN_LEFT I_WALK I_TURN_LEFT I_WALK I_TURN_LEFT I_WALK I_TURN_LEFT I_WALK I_TURN_LEFT I_WALK I_TURN_LEFT I_WALK
walk twice and run right thrice	I_WALK I_WALK I_TURN_RIGHT I_RUN I_TURN_RIGHT I_RUN I_TURN_RIGHT I_RUN
turn around left twice after turn around right	I_TURN_RIGHT I_TURN_RIGHT I_TURN_RIGHT I_TURN_RIGHT I_TURN_LEFT I_TURN_LEFT I_TURN_LEFT I_TURN_LEFT I_TURN_LEFT I_TURN_LEFT I_TURN_LEFT I_TURN_LEFT
turn around left twice after run around right thrice	I_TURN_RIGHT I_RUN I_TURN_RIGHT I_RUN I_TURN_RIGHT I_RUN I_TURN_RIGHT I_RUN I_TURN_RIGHT I_RUN I_TURN_RIGHT I_RUN I_TURN_RIGHT I_RUN I_TURN_RIGHT I_RUN I_TURN_RIGHT I_RUN I_TURN_RIGHT I_RUN I_TURN_RIGHT I_RUN I_TURN_RIGHT I_RUN I_TURN_LEFT I_TURN_LEFT I_TURN_LEFT I_TURN_LEFT I_TURN_LEFT I_TURN_LEFT I_TURN_LEFT I_TURN_LEFT
walk opposite left thrice after look opposite left twice	I_TURN_LEFT I_TURN_LEFT I_LOOK I_TURN_LEFT I_TURN_LEFT I_LOOK I_TURN_LEFT I_TURN_LEFT I_WALK I_TURN_LEFT I_TURN_LEFT I_WALK I_TURN_LEFT I_TURN_LEFT I_WALK
run left thrice and walk twice	I_TURN_LEFT I_RUN I_TURN_LEFT I_RUN I_TURN_LEFT I_RUN I_WALK I_WALK
walk opposite left twice and look around right twice	I_TURN_LEFT I_TURN_LEFT I_WALK I_TURN_LEFT I_TURN_LEFT I_WALK I_TURN_RIGHT I_LOOK I_TURN_RIGHT I_LOOK I_TURN_RIGHT I_LOOK I_TURN_RIGHT I_LOOK I_TURN_RIGHT I_LOOK I_TURN_RIGHT I_LOOK I_TURN_RIGHT I_LOOK I_TURN_RIGHT I_LOOK
look opposite left twice after jump around right thrice	I_TURN_RIGHT I_JUMP I_TURN_RIGHT I_JUMP I_TURN_RIGHT I_JUMP I_TURN_RIGHT I_JUMP I_TURN_RIGHT I_JUMP I_TURN_RIGHT I_JUMP I_TURN_RIGHT I_JUMP I_TURN_RIGHT I_JUMP I_TURN_RIGHT I_JUMP I_TURN_RIGHT I_JUMP I_TURN_RIGHT I_JUMP I_TURN_RIGHT I_JUMP I_TURN_LEFT I_TURN_LEFT I_LOOK I_TURN_LEFT I_TURN_LEFT I_LOOK
run opposite right twice and jump opposite right thrice	I_TURN_RIGHT I_TURN_RIGHT I_RUN I_TURN_RIGHT I_TURN_RIGHT I_RUN I_TURN_RIGHT I_TURN_RIGHT I_JUMP I_TURN_RIGHT I_TURN_RIGHT I_JUMP I_TURN_RIGHT I_TURN_RIGHT I_JUMP
jump around right thrice and run opposite left thrice	I_TURN_RIGHT I_JUMP I_TURN_RIGHT I_JUMP I_TURN_RIGHT I_JUMP I_TURN_RIGHT I_JUMP I_TURN_RIGHT I_JUMP I_TURN_RIGHT I_JUMP I_TURN_RIGHT I_JUMP I_TURN_RIGHT I_JUMP I_TURN_RIGHT I_JUMP I_TURN_RIGHT I_JUMP I_TURN_RIGHT I_JUMP I_TURN_RIGHT I_JUMP I_TURN_LEFT I_TURN_LEFT I_RUN I_TURN_LEFT I_TURN_LEFT I_RUN I_TURN_LEFT I_TURN_LEFT I_RUN
look around right and run around right	I_TURN_RIGHT I_LOOK I_TURN_RIGHT I_LOOK I_TURN_RIGHT I_LOOK I_TURN_RIGHT I_LOOK I_TURN_RIGHT I_RUN I_TURN_RIGHT I_RUN I_TURN_RIGHT I_RUN I_TURN_RIGHT I_RUN
jump left after look thrice	I_LOOK I_LOOK I_LOOK I_TURN_LEFT I_JUMP
look thrice after jump left twice	I_TURN_LEFT I_JUMP I_TURN_LEFT I_JUMP I_LOOK I_LOOK I_LOOK
run opposite left thrice after run left twice	I_TURN_LEFT I_RUN I_TURN_LEFT I_RUN I_TURN_LEFT I_TURN_LEFT I_RUN I_TURN_LEFT I_TURN_LEFT I_RUN I_TURN_LEFT I_TURN_LEFT I_RUN
run around left twice after turn around left twice	I_TURN_LEFT I_TURN_LEFT I_TURN_LEFT I_TURN_LEFT I_TURN_LEFT I_TURN_LEFT I_TURN_LEFT I_TURN_LEFT I_TURN_LEFT I_RUN I_TURN_LEFT I_RUN I_TURN_LEFT I_RUN I_TURN_LEFT I_RUN I_TURN_LEFT I_RUN I_TURN_LEFT I_RUN I_TURN_LEFT I_RUN I_TURN_LEFT I_RUN
walk opposite right thrice after turn around left twice	I_TURN_LEFT I_TURN_LEFT I_TURN_LEFT I_TURN_LEFT I_TURN_LEFT I_TURN_LEFT I_TURN_LEFT I_TURN_LEFT I_TURN_RIGHT I_TURN_RIGHT I_WALK I_TURN_RIGHT I_TURN_RIGHT I_WALK I_TURN_RIGHT I_TURN_RIGHT I_WALK
walk opposite left twice and look left	I_TURN_LEFT I_TURN_LEFT I_WALK I_TURN_LEFT I_TURN_LEFT I_WALK I_TURN_LEFT I_LOOK
run and run right thrice	I_RUN I_TURN_RIGHT I_RUN I_TURN_RIGHT I_RUN I_TURN_RIGHT I_RUN
walk right thrice and walk around left twice	I_TURN_RIGHT I_WALK I_TURN_RIGHT I_WALK I_TURN_RIGHT I_WALK I_TURN_LEFT I_WALK I_TURN_LEFT I_WALK I_TURN_LEFT I_WALK I_TURN_LEFT I_WALK I_TURN_LEFT I_WALK I_TURN_LEFT I_WALK I_TURN_LEFT I_WALK I_TURN_LEFT I_WALK
jump left twice after turn opposite right thrice	I_TURN_RIGHT I_TURN_RIGHT I_TURN_RIGHT I_TURN_RIGHT I_TURN_RIGHT I_TURN_RIGHT I_TURN_LEFT I_JUMP I_TURN_LEFT I_JUMP
look around right twice after run opposite left	I_TURN_LEFT I_TURN_LEFT I_RUN I_TURN_RIGHT I_LOOK I_TURN_RIGHT I_LOOK I_TURN_RIGHT I_LOOK I_TURN_RIGHT I_LOOK I_TURN_RIGHT I_LOOK I_TURN_RIGHT I_LOOK I_TURN_RIGHT I_LOOK I_TURN_RIGHT I_LOOK
jump opposite right thrice after walk around right	I_TURN_RIGHT I_WALK I_TURN_RIGHT I_WALK I_TURN_RIGHT I_WALK I_TURN_RIGHT I_WALK I_TURN_RIGHT I_TURN_RIGHT I_JUMP I_TURN_RIGHT I_TURN_RIGHT I_JUMP I_TURN_RIGHT I_TURN_RIGHT I_JUMP
turn opposite left twice and look around right	I_TURN_LEFT I_TURN_LEFT I_TURN_LEFT I_TURN_LEFT I_TURN_RIGHT I_LOOK I_TURN_RIGHT I_LOOK I_TURN_RIGHT I_LOOK I_TURN_RIGHT I_LOOK
run around left thrice after look right	I_TURN_RIGHT I_LOOK I_TURN_LEFT I_RUN I_TURN_LEFT I_RUN I_TURN_LEFT I_RUN I_TURN_LEFT I_RUN I_TURN_LEFT I_RUN I_TURN_LEFT I_RUN I_TURN_LEFT I_RUN I_TURN_LEFT I_RUN I_TURN_LEFT I_RUN I_TURN_LEFT I_RUN I_TURN_LEFT I_RUN I_TURN_LEFT I_RUN
walk around right thrice after jump opposite left	I_TURN_LEFT I_TURN_LEFT I_JUMP I_TURN_RIGHT I_WALK I_TURN_RIGHT I_WALK I_TURN_RIGHT I_WALK I_TURN_RIGHT I_WALK I_TURN_RIGHT I_WALK I_TURN_RIGHT I_WALK I_TURN_RIGHT I_WALK I_TURN_RIGHT I_WALK I_TURN_RIGHT I_WALK I_TURN_RIGHT I_WALK I_TURN_RIGHT I_WALK I_TURN_RIGHT I_WALK
walk opposite left thrice and turn right	I_TURN_LEFT I_TURN_LEFT I_WALK I_TURN_LEFT I_TURN_LEFT I_WALK I_TURN_LEFT I_TURN_LEFT I_WALK I_TURN_RIGHT
turn around right thrice and run around right twice	I_TURN_RIGHT I_TURN_RIGHT I_TURN_RIGHT I_TURN_RIGHT I_TURN_RIGHT I_TURN_RIGHT I_TURN_RIGHT I_TURN_RIGHT I_TURN_RIGHT I_TURN_RIGHT I_TURN_RIGHT I_TURN_RIGHT I_TURN_RIGHT I_RUN I_TURN_RIGHT I_RUN I_TURN_RIGHT I_RUN I_TURN_RIGHT I_RUN I_TURN_RIGHT I_RUN I_TURN_RIGHT I_RUN I_TURN_RIGHT I_RUN I_TURN_RIGHT I_RUN
look after run twice	I_RUN I_RUN I_LOOK
run right and look left	I_TURN_RIGHT I_RUN I_TURN_LEFT I_LOOK
walk left after turn around left thrice	I_TURN_LEFT I_TURN_LEFT I_TURN_LEFT I_TURN_LEFT I_TURN_LEFT I_TURN_LEFT I_TURN_LEFT I_TURN_LEFT I_TURN_LEFT I_TURN_LEFT I_TURN_LEFT I_TURN_LEFT I_TURN_LEFT I_WALK
run twice after look opposite right thrice	I_TURN_RIGHT I_TURN_RIGHT I_LOOK I_TURN_RIGHT I_TURN_RIGHT I_LOOK I_TURN_RIGHT I_TURN_RIGHT I_LOOK I_RUN I_RUN
turn opposite left after look left thrice	I_TURN_LEFT I_LOOK I_TURN_LEFT I_LOOK I_TURN_LEFT I_LOOK I_TURN_LEFT I_TURN_LEFT
run opposite right after walk opposite right twice	I_TURN_RIGHT I_TURN_RIGHT I_WALK I_TURN_RIGHT I_TURN_RIGHT I_WALK I_TURN_RIGHT I_TURN_RIGHT I_RUN
jump right twice after look opposite right thrice	I_TURN_RIGHT I_TURN_RIGHT I_LOOK I_TURN_RIGHT I_TURN_RIGHT I_LOOK I_TURN_RIGHT I_TURN_RIGHT I_LOOK I_TURN_RIGHT I_JUMP I_TURN_RIGHT I_JUMP
run opposite left after turn opposite left thrice	I_TURN_LEFT I_TURN_LEFT I_TURN_LEFT I_TURN_LEFT I_TURN_LEFT I_TURN_LEFT I_TURN_LEFT I_TURN_LEFT I_RUN
turn around right thrice and turn right twice	I_TURN_RIGHT I_TURN_RIGHT I_TURN_RIGHT I_TURN_RIGHT I_TURN_RIGHT I_TURN_RIGHT I_TURN_RIGHT I_TURN_RIGHT I_TURN_RIGHT I_TURN_RIGHT I_TURN_RIGHT I_TURN_RIGHT I_TURN_RIGHT I_TURN_RIGHT
walk around left twice after jump left	I_TURN_LEFT I_JUMP I_TURN_LEFT I_WALK I_TURN_LEFT I_WALK I_TURN_LEFT I_WALK I_TURN_LEFT I_WALK I_TURN_LEFT I_WALK I_TURN_LEFT I_WALK I_TURN_LEFT I_WALK I_TURN_LEFT I_WALK
run left and turn around right thrice	I_TURN_LEFT I_RUN I_TURN_RIGHT I_TURN_RIGHT I_TURN_RIGHT I_TURN_RIGHT I_TURN_RIGHT I_TURN_RIGHT I_TURN_RIGHT I_TURN_RIGHT I_TURN_RIGHT I_TURN_RIGHT I_TURN_RIGHT I_TURN_RIGHT
walk opposite right thrice after walk right twice	I_TURN_RIGHT I_WALK I_TURN_RIGHT I_WALK I_TURN_RIGHT I_TURN_RIGHT I_WALK I_TURN_RIGHT I_TURN_RIGHT I_WALK I_TURN_RIGHT I_TURN_RIGHT I_WALK
run right twice after walk left thrice	I_TURN_LEFT I_WALK I_TURN_LEFT I_WALK I_TURN_LEFT I_WALK I_TURN_RIGHT I_RUN I_TURN_RIGHT I_RUN
run opposite left twice after look left twice	I_TURN_LEFT I_LOOK I_TURN_LEFT I_LOOK I_TURN_LEFT I_TURN_LEFT I_RUN I_TURN_LEFT I_TURN_LEFT I_RUN
look opposite right thrice after run around right thrice	I_TURN_RIGHT I_RUN I_TURN_RIGHT I_RUN I_TURN_RIGHT I_RUN I_TURN_RIGHT I_RUN I_TURN_RIGHT I_RUN I_TURN_RIGHT I_RUN I_TURN_RIGHT I_RUN I_TURN_RIGHT I_RUN I_TURN_RIGHT I_RUN I_TURN_RIGHT I_RUN I_TURN_RIGHT I_RUN I_TURN_RIGHT I_RUN I_TURN_RIGHT I_TURN_RIGHT I_LOOK I_TURN_RIGHT I_TURN_RIGHT I_LOOK I_TURN_RIGHT I_TURN_RIGHT I_LOOK
turn around left twice and run opposite left	I_TURN_LEFT I_TURN_LEFT I_TURN_LEFT I_TURN_LEFT I_TURN_LEFT I_TURN_LEFT I_TURN_LEFT I_TURN_LEFT I_TURN_LEFT I_TURN_LEFT I_RUN
jump twice and walk opposite right thrice	I_JUMP I_JUMP I_TURN_RIGHT I_TURN_RIGHT I_WALK I_TURN_RIGHT I_TURN_RIGHT I_WALK I_TURN_RIGHT I_TURN_RIGHT I_WALK
walk around right and look	I_TURN_RIGHT I_WALK I_TURN_RIGHT I_WALK I_TURN_RIGHT I_WALK I_TURN_RIGHT I_WALK I_LOOK
turn around right thrice and jump thrice	I_TURN_RIGHT I_TURN_RIGHT I_TURN_RIGHT I_TURN_RIGHT I_TURN_RIGHT I_TURN_RIGHT I_TURN_RIGHT I_TURN_RIGHT I_TURN_RIGHT I_TURN_RIGHT I_TURN_RIGHT I_TURN_RIGHT I_JUMP I_JUMP I_JUMP
look opposite left after look opposite right twice	I_TURN_RIGHT I_TURN_RIGHT I_LOOK I_TURN_RIGHT I_TURN_RIGHT I_LOOK I_TURN_LEFT I_TURN_LEFT I_LOOK
walk around left thrice after run around right twice	I_TURN_RIGHT I_RUN I_TURN_RIGHT I_RUN I_TURN_RIGHT I_RUN I_TURN_RIGHT I_RUN I_TURN_RIGHT I_RUN I_TURN_RIGHT I_RUN I_TURN_RIGHT I_RUN I_TURN_RIGHT I_RUN I_TURN_LEFT I_WALK I_TURN_LEFT I_WALK I_TURN_LEFT I_WALK I_TURN_LEFT I_WALK I_TURN_LEFT I_WALK I_TURN_LEFT I_WALK I_TURN_LEFT I_WALK I_TURN_LEFT I_WALK I_TURN_LEFT I_WALK I_TURN_LEFT I_WALK I_TURN_LEFT I_WALK I_TURN_LEFT I_WALK
walk and walk right thrice	I_WALK I_TURN_RIGHT I_WALK I_TURN_RIGHT I_WALK I_TURN_RIGHT I_WALK
turn around left after run opposite right twice	I_TURN_RIGHT I_TURN_RIGHT I_RUN I_TURN_RIGHT I_TURN_RIGHT I_RUN I_TURN_LEFT I_TURN_LEFT I_TURN_LEFT I_TURN_LEFT
look left thrice and walk around right thrice	I_TURN_LEFT I_LOOK I_TURN_LEFT I_LOOK I_TURN_LEFT I_LOOK I_TURN_RIGHT I_WALK I_TURN_RIGHT I_WALK I_TURN_RIGHT I_WALK I_TURN_RIGHT I_WALK I_TURN_RIGHT I_WALK I_TURN_RIGHT I_WALK I_TURN_RIGHT I_WALK I_TURN_RIGHT I_WALK I_TURN_RIGHT I_WALK I_TURN_RIGHT I_WALK I_TURN_RIGHT I_WALK I_TURN_RIGHT I_WALK
jump right twice and jump left thrice	I_TURN_RIGHT I_JUMP I_TURN_RIGHT I_JUMP I_TURN_LEFT I_JUMP I_TURN_LEFT I_JUMP I_TURN_LEFT I_JUMP
look around right twice after jump opposite left	I_TURN_LEFT I_TURN_LEFT I_JUMP I_TURN_RIGHT I_LOOK I_TURN_RIGHT I_LOOK I_TURN_RIGHT I_LOOK I_TURN_RIGHT I_LOOK I_TURN_RIGHT I_LOOK I_TURN_RIGHT I_LOOK I_TURN_RIGHT I_LOOK I_TURN_RIGHT I_LOOK
turn around left twice and look around right twice	I_TURN_LEFT I_TURN_LEFT I_TURN_LEFT I_TURN_LEFT I_TURN_LEFT I_TURN_LEFT I_TURN_LEFT I_TURN_LEFT I_TURN_RIGHT I_LOOK I_TURN_RIGHT I_LOOK I_TURN_RIGHT I_LOOK I_TURN_RIGHT I_LOOK I_TURN_RIGHT I_LOOK I_TURN_RIGHT I_LOOK I_TURN_RIGHT I_LOOK I_TURN_RIGHT I_LOOK
run left twice and turn opposite left	I_TURN_LEFT I_RUN I_TURN_LEFT I_RUN I_TURN_LEFT I_TURN_LEFT
turn around right twice after run left twice	I_TURN_LEFT I_RUN I_TURN_LEFT I_RUN I_TURN_RIGHT I_TURN_RIGHT I_TURN_RIGHT I_TURN_RIGHT I_TURN_RIGHT I_TURN_RIGHT I_TURN_RIGHT I_TURN_RIGHT
turn around left twice after walk around left	I_TURN_LEFT I_WALK I_TURN_LEFT I_WALK I_TURN_LEFT I_WALK I_TURN_LEFT I_WALK I_TURN_LEFT I_TURN_LEFT I_TURN_LEFT I_TURN_LEFT I_TURN_LEFT I_TURN_LEFT I_TURN_LEFT I_TURN_LEFT
jump opposite right twice after walk twice	I_WALK I_WALK I_TURN_RIGHT I_TURN_RIGHT I_JUMP I_TURN_RIGHT I_TURN_RIGHT I_JUMP
walk opposite left twice and jump	I_TURN_LEFT I_TURN_LEFT I_WALK I_TURN_LEFT I_TURN_LEFT I_WALK I_JUMP
run around left twice after look right twice	I_TURN_RIGHT I_LOOK I_TURN_RIGHT I_LOOK I_TURN_LEFT I_RUN I_TURN_LEFT I_RUN I_TURN_LEFT I_RUN I_TURN_LEFT I_RUN I_TURN_LEFT I_RUN I_TURN_LEFT I_RUN I_TURN_LEFT I_RUN I_TURN_LEFT I_RUN
walk around right thrice and walk	I_TURN_RIGHT I_WALK I_TURN_RIGHT I_WALK I_TURN_RIGHT I_WALK I_TURN_RIGHT I_WALK I_TURN_RIGHT I_WALK I_TURN_RIGHT I_WALK I_TURN_RIGHT I_WALK I_TURN_RIGHT I_WALK I_TURN_RIGHT I_WALK I_TURN_RIGHT I_WALK I_TURN_RIGHT I_WALK I_TURN_RIGHT I_WALK I_WALK
turn left twice after look right	I_TURN_RIGHT I_LOOK I_TURN_LEFT I_TURN_LEFT
jump opposite right and jump right thrice	I_TURN_RIGHT I_TURN_RIGHT I_JUMP I_TURN_RIGHT I_JUMP I_TURN_RIGHT I_JUMP I_TURN_RIGHT I_JUMP
look left thrice and jump around left thrice	I_TURN_LEFT I_LOOK I_TURN_LEFT I_LOOK I_TURN_LEFT I_LOOK I_TURN_LEFT I_JUMP I_TURN_LEFT I_JUMP I_TURN_LEFT I_JUMP I_TURN_LEFT I_JUMP I_TURN_LEFT I_JUMP I_TURN_LEFT I_JUMP I_TURN_LEFT I_JUMP I_TURN_LEFT I_JUMP I_TURN_LEFT I_JUMP I_TURN_LEFT I_JUMP I_TURN_LEFT I_JUMP I_TURN_LEFT I_JUMP
look around left after walk around left twice	I_TURN_LEFT I_WALK I_TURN_LEFT I_WALK I_TURN_LEFT I_WALK I_TURN_LEFT I_WALK I_TURN_LEFT I_WALK I_TURN_LEFT I_WALK I_TURN_LEFT I_WALK I_TURN_LEFT I_WALK I_TURN_LEFT I_LOOK I_TURN_LEFT I_LOOK I_TURN_LEFT I_LOOK I_TURN_LEFT I_LOOK
jump left twice and jump	I_TURN_LEFT I_JUMP I_TURN_LEFT I_JUMP I_JUMP
look opposite left twice and look right thrice	I_TURN_LEFT I_TURN_LEFT I_LOOK I_TURN_LEFT I_TURN_LEFT I_LOOK I_TURN_RIGHT I_LOOK I_TURN_RIGHT I_LOOK I_TURN_RIGHT I_LOOK
turn around left twice and turn around right thrice	I_TURN_LEFT I_TURN_LEFT I_TURN_LEFT I_TURN_LEFT I_TURN_LEFT I_TURN_LEFT I_TURN_LEFT I_TURN_LEFT I_TURN_RIGHT I_TURN_RIGHT I_TURN_RIGHT I_TURN_RIGHT I_TURN_RIGHT I_TURN_RIGHT I_TURN_RIGHT I_TURN_RIGHT I_TURN_RIGHT I_TURN_RIGHT I_TURN_RIGHT I_TURN_RIGHT
walk right twice after walk right thrice	I_TURN_RIGHT I_WALK I_TURN_RIGHT I_WALK I_TURN_RIGHT I_WALK I_TURN_RIGHT I_WALK I_TURN_RIGHT I_WALK
run right thrice and run around right thrice	I_TURN_RIGHT I_RUN I_TURN_RIGHT I_RUN I_TURN_RIGHT I_RUN I_TURN_RIGHT I_RUN I_TURN_RIGHT I_RUN I_TURN_RIGHT I_RUN I_TURN_RIGHT I_RUN I_TURN_RIGHT I_RUN I_TURN_RIGHT I_RUN I_TURN_RIGHT I_RUN I_TURN_RIGHT I_RUN I_TURN_RIGHT I_RUN I_TURN_RIGHT I_RUN I_TURN_RIGHT I_RUN I_TURN_RIGHT I_RUN
look right twice after run left twice	I_TURN_LEFT I_RUN I_TURN_LEFT I_RUN I_TURN_RIGHT I_LOOK I_TURN_RIGHT I_LOOK
run around left after run right	I_TURN_RIGHT I_RUN I_TURN_LEFT I_RUN I_TURN_LEFT I_RUN I_TURN_LEFT I_RUN I_TURN_LEFT I_RUN
run around left twice and walk around right	I_TURN_LEFT I_RUN I_TURN_LEFT I_RUN I_TURN_LEFT I_RUN I_TURN_LEFT I_RUN I_TURN_LEFT I_RUN I_TURN_LEFT I_RUN I_TURN_LEFT I_RUN I_TURN_LEFT I_RUN I_TURN_RIGHT I_WALK I_TURN_RIGHT I_WALK I_TURN_RIGHT I_WALK I_TURN_RIGHT I_WALK
look around right and look twice	I_TURN_RIGHT I_LOOK I_TURN_RIGHT I_LOOK I_TURN_RIGHT I_LOOK I_TURN_RIGHT I_LOOK I_LOOK I_LOOK
turn left thrice after turn left twice	I_TURN_LEFT I_TURN_LEFT I_TURN_LEFT I_TURN_LEFT I_TURN_LEFT
walk opposite right and walk around left thrice	I_TURN_RIGHT I_TURN_RIGHT I_WALK I_TURN_LEFT I_WALK I_TURN_LEFT I_WALK I_TURN_LEFT I_WALK I_TURN_LEFT I_WALK I_TURN_LEFT I_WALK I_TURN_LEFT I_WALK I_TURN_LEFT I_WALK I_TURN_LEFT I_WALK I_TURN_LEFT I_WALK I_TURN_LEFT I_WALK I_TURN_LEFT I_WALK I_TURN_LEFT I_WALK
walk and turn opposite left	I_WALK I_TURN_LEFT I_TURN_LEFT
look around left thrice after jump around right	I_TURN_RIGHT I_JUMP I_TURN_RIGHT I_JUMP I_TURN_RIGHT I_JUMP I_TURN_RIGHT I_JUMP I_TURN_LEFT I_LOOK I_TURN_LEFT I_LOOK I_TURN_LEFT I_LOOK I_TURN_LEFT I_LOOK I_TURN_LEFT I_LOOK I_TURN_LEFT I_LOOK I_TURN_LEFT I_LOOK I_TURN_LEFT I_LOOK I_TURN_LEFT I_LOOK I_TURN_LEFT I_LOOK I_TURN_LEFT I_LOOK I_TURN_LEFT I_LOOK
walk right thrice and walk opposite left	I_TURN_RIGHT I_WALK I_TURN_RIGHT I_WALK I_TURN_RIGHT I_WALK I_TURN_LEFT I_TURN_LEFT I_WALK
look around left after walk left	I_TURN_LEFT I_WALK I_TURN_LEFT I_LOOK I_TURN_LEFT I_LOOK I_TURN_LEFT I_LOOK I_TURN_LEFT I_LOOK
look around left thrice after turn around right twice	I_TURN_RIGHT I_TURN_RIGHT I_TURN_RIGHT I_TURN_RIGHT I_TURN_RIGHT I_TURN_RIGHT I_TURN_RIGHT I_TURN_RIGHT I_TURN_LEFT I_LOOK I_TURN_LEFT I_LOOK I_TURN_LEFT I_LOOK I_TURN_LEFT I_LOOK I_TURN_LEFT I_LOOK I_TURN_LEFT I_LOOK I_TURN_LEFT I_LOOK I_TURN_LEFT I_LOOK I_TURN_LEFT I_LOOK I_TURN_LEFT I_LOOK I_TURN_LEFT I_LOOK I_TURN_LEFT I_LOOK
jump right after run around right thrice	I_TURN_RIGHT I_RUN I_TURN_RIGHT I_RUN I_TURN_RIGHT I_RUN I_TURN_RIGHT I_RUN I_TURN_RIGHT I_RUN I_TURN_RIGHT I_RUN I_TURN_RIGHT I_RUN I_TURN_RIGHT I_RUN I_TURN_RIGHT I_RUN I_TURN_RIGHT I_RUN I_TURN_RIGHT I_RUN I_TURN_RIGHT I_RUN I_TURN_RIGHT I_JUMP
look around right thrice after look around left twice	I_TURN_LEFT I_LOOK I_TURN_LEFT I_LOOK I_TURN_LEFT I_LOOK I_TURN_LEFT I_LOOK I_TURN_LEFT I_LOOK I_TURN_LEFT I_LOOK I_TURN_LEFT I_LOOK I_TURN_LEFT I_LOOK I_TURN_RIGHT I_LOOK I_TURN_RIGHT I_LOOK I_TURN_RIGHT I_LOOK I_TURN_RIGHT I_LOOK I_TURN_RIGHT I_LOOK I_TURN_RIGHT I_LOOK I_TURN_RIGHT I_LOOK I_TURN_RIGHT I_LOOK I_TURN_RIGHT I_LOOK I_TURN_RIGHT I_LOOK I_TURN_RIGHT I_LOOK I_TURN_RIGHT I_LOOK
look left after run	I_RUN I_TURN_LEFT I_LOOK
walk right thrice after walk opposite left thrice	I_TURN_LEFT I_TURN_LEFT I_WALK I_TURN_LEFT I_TURN_LEFT I_WALK I_TURN_LEFT I_TURN_LEFT I_WALK I_TURN_RIGHT I_WALK I_TURN_RIGHT I_WALK I_TURN_RIGHT I_WALK
jump opposite right thrice and look right twice	I_TURN_RIGHT I_TURN_RIGHT I_JUMP I_TURN_RIGHT I_TURN_RIGHT I_JUMP I_TURN_RIGHT I_TURN_RIGHT I_JUMP I_TURN_RIGHT I_LOOK I_TURN_RIGHT I_LOOK
look twice after turn opposite right thrice	I_TURN_RIGHT I_TURN_RIGHT I_TURN_RIGHT I_TURN_RIGHT I_TURN_RIGHT I_TURN_RIGHT I_LOOK I_LOOK
run left after walk opposite right thrice	I_TURN_RIGHT I_TURN_RIGHT I_WALK I_TURN_RIGHT I_TURN_RIGHT I_WALK I_TURN_RIGHT I_TURN_RIGHT I_WALK I_TURN_LEFT I_RUN
run around left thrice and walk around right thrice	I_TURN_LEFT I_RUN I_TURN_LEFT I_RUN I_TURN_LEFT I_RUN I_TURN_LEFT I_RUN I_TURN_LEFT I_RUN I_TURN_LEFT I_RUN I_TURN_LEFT I_RUN I_TURN_LEFT I_RUN I_TURN_LEFT I_RUN I_TURN_LEFT I_RUN I_TURN_LEFT I_RUN I_TURN_LEFT I_RUN I_TURN_RIGHT I_WALK I_TURN_RIGHT I_WALK I_TURN_RIGHT I_WALK I_TURN_RIGHT I_WALK I_TURN_RIGHT I_WALK I_TURN_RIGHT I_WALK I_TURN_RIGHT I_WALK I_TURN_RIGHT I_WALK I_TURN_RIGHT I_WALK I_TURN_RIGHT I_WALK I_TURN_RIGHT I_WALK I_TURN_RIGHT I_WALK
run around left thrice and walk around right twice	I_TURN_LEFT I_RUN I_TURN_LEFT I_RUN I_TURN_LEFT I_RUN I_TURN_LEFT I_RUN I_TURN_LEFT I_RUN I_TURN_LEFT I_RUN I_TURN_LEFT I_RUN I_TURN_LEFT I_RUN I_TURN_LEFT I_RUN I_TURN_LEFT I_RUN I_TURN_LEFT I_RUN I_TURN_LEFT I_RUN I_TURN_RIGHT I_WALK I_TURN_RIGHT I_WALK I_TURN_RIGHT I_WALK I_TURN_RIGHT I_WALK I_TURN_RIGHT I_WALK I_TURN_RIGHT I_WALK I_TURN_RIGHT I_WALK I_TURN_RIGHT I_WALK
run twice after jump right thrice	I_TURN_RIGHT I_JUMP I_TURN_RIGHT I_JUMP I_TURN_RIGHT I_JUMP I_RUN I_RUN
run around right thrice and jump twice	I_TURN_RIGHT I_RUN I_TURN_RIGHT I_RUN I_TURN_RIGHT I_RUN I_TURN_RIGHT I_RUN I_TURN_RIGHT I_RUN I_TURN_RIGHT I_RUN I_TURN_RIGHT I_RUN I_TURN_RIGHT I_RUN I_TURN_RIGHT I_RUN I_TURN_RIGHT I_RUN I_TURN_RIGHT I_RUN I_TURN_RIGHT I_RUN I_JUMP I_JUMP
jump left thrice and walk left	I_TURN_LEFT I_JUMP I_TURN_LEFT I_JUMP I_TURN_LEFT I_JUMP I_TURN_LEFT I_WALK
jump and turn around right thrice	I_JUMP I_TURN_RIGHT I_TURN_RIGHT I_TURN_RIGHT I_TURN_RIGHT I_TURN_RIGHT I_TURN_RIGHT I_TURN_RIGHT I_TURN_RIGHT I_TURN_RIGHT I_TURN_RIGHT I_TURN_RIGHT I_TURN_RIGHT
walk right thrice and look left twice	I_TURN_RIGHT I_WALK I_TURN_RIGHT I_WALK I_TURN_RIGHT I_WALK I_TURN_LEFT I_LOOK I_TURN_LEFT I_LOOK
turn around left twice and walk opposite left twice	I_TURN_LEFT I_TURN_LEFT I_TURN_LEFT I_TURN_LEFT I_TURN_LEFT I_TURN_LEFT I_TURN_LEFT I_TURN_LEFT I_TURN_LEFT I_TURN_LEFT I_WALK I_TURN_LEFT I_TURN_LEFT I_WALK
jump around left twice after jump around left	I_TURN_LEFT I_JUMP I_TURN_LEFT I_JUMP I_TURN_LEFT I_JUMP I_TURN_LEFT I_JUMP I_TURN_LEFT I_JUMP I_TURN_LEFT I_JUMP I_TURN_LEFT I_JUMP I_TURN_LEFT I_JUMP I_TURN_LEFT I_JUMP I_TURN_LEFT I_JUMP I_TURN_LEFT I_JUMP I_TURN_LEFT I_JUMP
jump around left and look	I_TURN_LEFT I_JUMP I_TURN_LEFT I_JUMP I_TURN_LEFT I_JUMP I_TURN_LEFT I_JUMP I_LOOK
look opposite right and jump	I_TURN_RIGHT I_TURN_RIGHT I_LOOK I_JUMP
turn around right thrice and jump left twice	I_TURN_RIGHT I_TURN_RIGHT I_TURN_RIGHT I_TURN_RIGHT I_TURN_RIGHT I_TURN_RIGHT I_TURN_RIGHT I_TURN_RIGHT I_TURN_RIGHT I_TURN_RIGHT I_TURN_RIGHT I_TURN_RIGHT I_TURN_LEFT I_JUMP I_TURN_LEFT I_JUMP
turn around right and look opposite right twice	I_TURN_RIGHT I_TURN_RIGHT I_TURN_RIGHT I_TURN_RIGHT I_TURN_RIGHT I_TURN_RIGHT I_LOOK I_TURN_RIGHT I_TURN_RIGHT I_LOOK
jump right thrice after jump opposite left twice	I_TURN_LEFT I_TURN_LEFT I_JUMP I_TURN_LEFT I_TURN_LEFT I_JUMP I_TURN_RIGHT I_JUMP I_TURN_RIGHT I_JUMP I_TURN_RIGHT I_JUMP
look around left thrice and turn opposite right	I_TURN_LEFT I_LOOK I_TURN_LEFT I_LOOK I_TURN_LEFT I_LOOK I_TURN_LEFT I_LOOK I_TURN_LEFT I_LOOK I_TURN_LEFT I_LOOK I_TURN_LEFT I_LOOK I_TURN_LEFT I_LOOK I_TURN_LEFT I_LOOK I_TURN_LEFT I_LOOK I_TURN_LEFT I_LOOK I_TURN_LEFT I_LOOK I_TURN_RIGHT I_TURN_RIGHT
walk after walk	I_WALK I_WALK
run opposite right twice and jump left thrice	I_TURN_RIGHT I_TURN_RIGHT I_RUN I_TURN_RIGHT I_TURN_RIGHT I_RUN I_TURN_LEFT I_JUMP I_TURN_LEFT I_JUMP I_TURN_LEFT I_JUMP
turn opposite right twice after walk thrice	I_WALK I_WALK I_WALK I_TURN_RIGHT I_TURN_RIGHT I_TURN_RIGHT I_TURN_RIGHT
look opposite right thrice after run around right twice	I_TURN_RIGHT I_RUN I_TURN_RIGHT I_RUN I_TURN_RIGHT I_RUN I_TURN_RIGHT I_RUN I_TURN_RIGHT I_RUN I_TURN_RIGHT I_RUN I_TURN_RIGHT I_RUN I_TURN_RIGHT I_RUN I_TURN_RIGHT I_TURN_RIGHT I_LOOK I_TURN_RIGHT I_TURN_RIGHT I_LOOK I_TURN_RIGHT I_TURN_RIGHT I_LOOK
jump right after turn around right twice	I_TURN_RIGHT I_TURN_RIGHT I_TURN_RIGHT I_TURN_RIGHT I_TURN_RIGHT I_TURN_RIGHT I_TURN_RIGHT I_TURN_RIGHT I_TURN_RIGHT I_JUMP
jump around right and look opposite left thrice	I_TURN_RIGHT I_JUMP I_TURN_RIGHT I_JUMP I_TURN_RIGHT I_JUMP I_TURN_RIGHT I_JUMP I_TURN_LEFT I_TURN_LEFT I_LOOK I_TURN_LEFT I_TURN_LEFT I_LOOK I_TURN_LEFT I_TURN_LEFT I_LOOK
run opposite left and look around right twice	I_TURN_LEFT I_TURN_LEFT I_RUN I_TURN_RIGHT I_LOOK I_TURN_RIGHT I_LOOK I_TURN_RIGHT I_LOOK I_TURN_RIGHT I_LOOK I_TURN_RIGHT I_LOOK I_TURN_RIGHT I_LOOK I_TURN_RIGHT I_LOOK I_TURN_RIGHT I_LOOK
look twice and look around right thrice	I_LOOK I_LOOK I_TURN_RIGHT I_LOOK I_TURN_RIGHT I_LOOK I_TURN_RIGHT I_LOOK I_TURN_RIGHT I_LOOK I_TURN_RIGHT I_LOOK I_TURN_RIGHT I_LOOK I_TURN_RIGHT I_LOOK I_TURN_RIGHT I_LOOK I_TURN_RIGHT I_LOOK I_TURN_RIGHT I_LOOK I_TURN_RIGHT I_LOOK I_TURN_RIGHT I_LOOK
turn opposite right twice after jump around right thrice	I_TURN_RIGHT I_JUMP I_TURN_RIGHT I_JUMP I_TURN_RIGHT I_JUMP I_TURN_RIGHT I_JUMP I_TURN_RIGHT I_JUMP I_TURN_RIGHT I_JUMP I_TURN_RIGHT I_JUMP I_TURN_RIGHT I_JUMP I_TURN_RIGHT I_JUMP I_TURN_RIGHT I_JUMP I_TURN_RIGHT I_JUMP I_TURN_RIGHT I_JUMP I_TURN_RIGHT I_TURN_RIGHT I_TURN_RIGHT I_TURN_RIGHT
walk opposite left and jump opposite left twice	I_TURN_LEFT I_TURN_LEFT I_WALK I_TURN_LEFT I_TURN_LEFT I_JUMP I_TURN_LEFT I_TURN_LEFT I_JUMP
jump around right thrice after run around left	I_TURN_LEFT I_RUN I_TURN_LEFT I_RUN I_TURN_LEFT I_RUN I_TURN_LEFT I_RUN I_TURN_RIGHT I_JUMP I_TURN_RIGHT I_JUMP I_TURN_RIGHT I_JUMP I_TURN_RIGHT I_JUMP I_TURN_RIGHT I_JUMP I_TURN_RIGHT I_JUMP I_TURN_RIGHT I_JUMP I_TURN_RIGHT I_JUMP I_TURN_RIGHT I_JUMP I_TURN_RIGHT I_JUMP I_TURN_RIGHT I_JUMP I_TURN_RIGHT I_JUMP
jump around right thrice and jump around right	I_TURN_RIGHT I_JUMP I_TURN_RIGHT I_JUMP I_TURN_RIGHT I_JUMP I_TURN_RIGHT I_JUMP I_TURN_RIGHT I_JUMP I_TURN_RIGHT I_JUMP I_TURN_RIGHT I_JUMP I_TURN_RIGHT I_JUMP I_TURN_RIGHT I_JUMP I_TURN_RIGHT I_JUMP I_TURN_RIGHT I_JUMP I_TURN_RIGHT I_JUMP I_TURN_RIGHT I_JUMP I_TURN_RIGHT I_JUMP I_TURN_RIGHT I_JUMP I_TURN_RIGHT I_JUMP
turn left twice and walk around left	I_TURN_LEFT I_TURN_LEFT I_TURN_LEFT I_WALK I_TURN_LEFT I_WALK I_TURN_LEFT I_WALK I_TURN_LEFT I_WALK
jump opposite left thrice and jump opposite right twice	I_TURN_LEFT I_TURN_LEFT I_JUMP I_TURN_LEFT I_TURN_LEFT I_JUMP I_TURN_LEFT I_TURN_LEFT I_JUMP I_TURN_RIGHT I_TURN_RIGHT I_JUMP I_TURN_RIGHT I_TURN_RIGHT I_JUMP
look opposite left after jump around right twice	I_TURN_RIGHT I_JUMP I_TURN_RIGHT I_JUMP I_TURN_RIGHT I_JUMP I_TURN_RIGHT I_JUMP I_TURN_RIGHT I_JUMP I_TURN_RIGHT I_JUMP I_TURN_RIGHT I_JUMP I_TURN_RIGHT I_JUMP I_TURN_LEFT I_TURN_LEFT I_LOOK
look right thrice and turn left twice	I_TURN_RIGHT I_LOOK I_TURN_RIGHT I_LOOK I_TURN_RIGHT I_LOOK I_TURN_LEFT I_TURN_LEFT
turn opposite left and look opposite right thrice	I_TURN_LEFT I_TURN_LEFT I_TURN_RIGHT I_TURN_RIGHT I_LOOK I_TURN_RIGHT I_TURN_RIGHT I_LOOK I_TURN_RIGHT I_TURN_RIGHT I_LOOK
walk around right thrice after look opposite right twice	I_TURN_RIGHT I_TURN_RIGHT I_LOOK I_TURN_RIGHT I_TURN_RIGHT I_LOOK I_TURN_RIGHT I_WALK I_TURN_RIGHT I_WALK I_TURN_RIGHT I_WALK I_TURN_RIGHT I_WALK I_TURN_RIGHT I_WALK I_TURN_RIGHT I_WALK I_TURN_RIGHT I_WALK I_TURN_RIGHT I_WALK I_TURN_RIGHT I_WALK I_TURN_RIGHT I_WALK I_TURN_RIGHT I_WALK I_TURN_RIGHT I_WALK
look opposite right thrice after walk right thrice	I_TURN_RIGHT I_WALK I_TURN_RIGHT I_WALK I_TURN_RIGHT I_WALK I_TURN_RIGHT I_TURN_RIGHT I_LOOK I_TURN_RIGHT I_TURN_RIGHT I_LOOK I_TURN_RIGHT I_TURN_RIGHT I_LOOK
turn around left twice and look around left thrice	I_TURN_LEFT I_TURN_LEFT I_TURN_LEFT I_TURN_LEFT I_TURN_LEFT I_TURN_LEFT I_TURN_LEFT I_TURN_LEFT I_TURN_LEFT I_LOOK I_TURN_LEFT I_LOOK I_TURN_LEFT I_LOOK I_TURN_LEFT I_LOOK I_TURN_LEFT I_LOOK I_TURN_LEFT I_LOOK I_TURN_LEFT I_LOOK I_TURN_LEFT I_LOOK I_TURN_LEFT I_LOOK I_TURN_LEFT I_LOOK I_TURN_LEFT I_LOOK I_TURN_LEFT I_LOOK
look around left twice after walk opposite left thrice	I_TURN_LEFT I_TURN_LEFT I_WALK I_TURN_LEFT I_TURN_LEFT I_WALK I_TURN_LEFT I_TURN_LEFT I_WALK I_TURN_LEFT I_LOOK I_TURN_LEFT I_LOOK I_TURN_LEFT I_LOOK I_TURN_LEFT I_LOOK I_TURN_LEFT I_LOOK I_TURN_LEFT I_LOOK I_TURN_LEFT I_LOOK I_TURN_LEFT I_LOOK
jump opposite right and walk twice	I_TURN_RIGHT I_TURN_RIGHT I_JUMP I_WALK I_WALK
look left thrice after walk around right twice	I_TURN_RIGHT I_WALK I_TURN_RIGHT I_WALK I_TURN_RIGHT I_WALK I_TURN_RIGHT I_WALK I_TURN_RIGHT I_WALK I_TURN_RIGHT I_WALK I_TURN_RIGHT I_WALK I_TURN_RIGHT I_WALK I_TURN_LEFT I_LOOK I_TURN_LEFT I_LOOK I_TURN_LEFT I_LOOK
walk right twice and look around left twice	I_TURN_RIGHT I_WALK I_TURN_RIGHT I_WALK I_TURN_LEFT I_LOOK I_TURN_LEFT I_LOOK I_TURN_LEFT I_LOOK I_TURN_LEFT I_LOOK I_TURN_LEFT I_LOOK I_TURN_LEFT I_LOOK I_TURN_LEFT I_LOOK I_TURN_LEFT I_LOOK
jump around right thrice after turn opposite left twice	I_TURN_LEFT I_TURN_LEFT I_TURN_LEFT I_TURN_LEFT I_TURN_RIGHT I_JUMP I_TURN_RIGHT I_JUMP I_TURN_RIGHT I_JUMP I_TURN_RIGHT I_JUMP I_TURN_RIGHT I_JUMP I_TURN_RIGHT I_JUMP I_TURN_RIGHT I_JUMP I_TURN_RIGHT I_JUMP I_TURN_RIGHT I_JUMP I_TURN_RIGHT I_JUMP I_TURN_RIGHT I_JUMP I_TURN_RIGHT I_JUMP
jump twice after jump around left twice	I_TURN_LEFT I_JUMP I_TURN_LEFT I_JUMP I_TURN_LEFT I_JUMP I_TURN_LEFT I_JUMP I_TURN_LEFT I_JUMP I_TURN_LEFT I_JUMP I_TURN_LEFT I_JUMP I_TURN_LEFT I_JUMP I_JUMP I_JUMP
run left and run around right	I_TURN_LEFT I_RUN I_TURN_RIGHT I_RUN I_TURN_RIGHT I_RUN I_TURN_RIGHT I_RUN I_TURN_RIGHT I_RUN
look opposite left thrice and turn opposite left thrice	I_TURN_LEFT I_TURN_LEFT I_LOOK I_TURN_LEFT I_TURN_LEFT I_LOOK I_TURN_LEFT I_TURN_LEFT I_LOOK I_TURN_LEFT I_TURN_LEFT I_TURN_LEFT I_TURN_LEFT I_TURN_LEFT I_TURN_LEFT
run around right thrice and walk right	I_TURN_RIGHT I_RUN I_TURN_RIGHT I_RUN I_TURN_RIGHT I_RUN I_TURN_RIGHT I_RUN I_TURN_RIGHT I_RUN I_TURN_RIGHT I_RUN I_TURN_RIGHT I_RUN I_TURN_RIGHT I_RUN I_TURN_RIGHT I_RUN I_TURN_RIGHT I_RUN I_TURN_RIGHT I_RUN I_TURN_RIGHT I_RUN I_TURN_RIGHT I_WALK
look opposite left thrice after turn opposite right twice	I_TURN_RIGHT I_TURN_RIGHT I_TURN_RIGHT I_TURN_RIGHT I_TURN_LEFT I_TURN_LEFT I_LOOK I_TURN_LEFT I_TURN_LEFT I_LOOK I_TURN_LEFT I_TURN_LEFT I_LOOK
jump around right and look around right	I_TURN_RIGHT I_JUMP I_TURN_RIGHT I_JUMP I_TURN_RIGHT I_JUMP I_TURN_RIGHT I_JUMP I_TURN_RIGHT I_LOOK I_TURN_RIGHT I_LOOK I_TURN_RIGHT I_LOOK I_TURN_RIGHT I_LOOK
look around right thrice after walk thrice	I_WALK I_WALK I_WALK I_TURN_RIGHT I_LOOK I_TURN_RIGHT I_LOOK I_TURN_RIGHT I_LOOK I_TURN_RIGHT I_LOOK I_TURN_RIGHT I_LOOK I_TURN_RIGHT I_LOOK I_TURN_RIGHT I_LOOK I_TURN_RIGHT I_LOOK I_TURN_RIGHT I_LOOK I_TURN_RIGHT I_LOOK I_TURN_RIGHT I_LOOK I_TURN_RIGHT I_LOOK
jump opposite left thrice and jump left thrice	I_TURN_LEFT I_TURN_LEFT I_JUMP I_TURN_LEFT I_TURN_LEFT I_JUMP I_TURN_LEFT I_TURN_LEFT I_JUMP I_TURN_LEFT I_JUMP I_TURN_LEFT I_JUMP I_TURN_LEFT I_JUMP
walk twice and look left	I_WALK I_WALK I_TURN_LEFT I_LOOK
run left thrice and look opposite left thrice	I_TURN_LEFT I_RUN I_TURN_LEFT I_RUN I_TURN_LEFT I_RUN I_TURN_LEFT I_TURN_LEFT I_LOOK I_TURN_LEFT I_TURN_LEFT I_LOOK I_TURN_LEFT I_TURN_LEFT I_LOOK
walk around left thrice and turn opposite left twice	I_TURN_LEFT I_WALK I_TURN_LEFT I_WALK I_TURN_LEFT I_WALK I_TURN_LEFT I_WALK I_TURN_LEFT I_WALK I_TURN_LEFT I_WALK I_TURN_LEFT I_WALK I_TURN_LEFT I_WALK I_TURN_LEFT I_WALK I_TURN_LEFT I_WALK I_TURN_LEFT I_WALK I_TURN_LEFT I_WALK I_TURN_LEFT I_TURN_LEFT I_TURN_LEFT I_TURN_LEFT
run around left after look right	I_TURN_RIGHT I_LOOK I_TURN_LEFT I_RUN I_TURN_LEFT I_RUN I_TURN_LEFT I_RUN I_TURN_LEFT I_RUN
run thrice and jump opposite left thrice	I_RUN I_RUN I_RUN I_TURN_LEFT I_TURN_LEFT I_JUMP I_TURN_LEFT I_TURN_LEFT I_JUMP I_TURN_LEFT I_TURN_LEFT I_JUMP
look opposite right and walk around left thrice	I_TURN_RIGHT I_TURN_RIGHT I_LOOK I_TURN_LEFT I_WALK I_TURN_LEFT I_WALK I_TURN_LEFT I_WALK I_TURN_LEFT I_WALK I_TURN_LEFT I_WALK I_TURN_LEFT I_WALK I_TURN_LEFT I_WALK I_TURN_LEFT I_WALK I_TURN_LEFT I_WALK I_TURN_LEFT I_WALK I_TURN_LEFT I_WALK I_TURN_LEFT I_WALK
turn opposite right after walk twice	I_WALK I_WALK I_TURN_RIGHT I_TURN_RIGHT
walk right twice and look opposite right twice	I_TURN_RIGHT I_WALK I_TURN_RIGHT I_WALK I_TURN_RIGHT I_TURN_RIGHT I_LOOK I_TURN_RIGHT I_TURN_RIGHT I_LOOK
turn opposite left thrice after run opposite right thrice	I_TURN_RIGHT I_TURN_RIGHT I_RUN I_TURN_RIGHT I_TURN_RIGHT I_RUN I_TURN_RIGHT I_TURN_RIGHT I_RUN I_TURN_LEFT I_TURN_LEFT I_TURN_LEFT I_TURN_LEFT I_TURN_LEFT I_TURN_LEFT
turn around right twice and run opposite left thrice	I_TURN_RIGHT I_TURN_RIGHT I_TURN_RIGHT I_TURN_RIGHT I_TURN_RIGHT I_TURN_RIGHT I_TURN_RIGHT I_TURN_RIGHT I_TURN_LEFT I_TURN_LEFT I_RUN I_TURN_LEFT I_TURN_LEFT I_RUN I_TURN_LEFT I_TURN_LEFT I_RUN
look around right and jump	I_TURN_RIGHT I_LOOK I_TURN_RIGHT I_LOOK I_TURN_RIGHT I_LOOK I_TURN_RIGHT I_LOOK I_JUMP
run thrice after look opposite right twice	I_TURN_RIGHT I_TURN_RIGHT I_LOOK I_TURN_RIGHT I_TURN_RIGHT I_LOOK I_RUN I_RUN I_RUN
look left thrice after look right	I_TURN_RIGHT I_LOOK I_TURN_LEFT I_LOOK I_TURN_LEFT I_LOOK I_TURN_LEFT I_LOOK
run opposite left thrice and jump	I_TURN_LEFT I_TURN_LEFT I_RUN I_TURN_LEFT I_TURN_LEFT I_RUN I_TURN_LEFT I_TURN_LEFT I_RUN I_JUMP
look right thrice after walk right thrice	I_TURN_RIGHT I_WALK I_TURN_RIGHT I_WALK I_TURN_RIGHT I_WALK I_TURN_RIGHT I_LOOK I_TURN_RIGHT I_LOOK I_TURN_RIGHT I_LOOK
run around left after run right thrice	I_TURN_RIGHT I_RUN I_TURN_RIGHT I_RUN I_TURN_RIGHT I_RUN I_TURN_LEFT I_RUN I_TURN_LEFT I_RUN I_TURN_LEFT I_RUN I_TURN_LEFT I_RUN
walk opposite left thrice and walk twice	I_TURN_LEFT I_TURN_LEFT I_WALK I_TURN_LEFT I_TURN_LEFT I_WALK I_TURN_LEFT I_TURN_LEFT I_WALK I_WALK I_WALK
jump after walk around right twice	I_TURN_RIGHT I_WALK I_TURN_RIGHT I_WALK I_TURN_RIGHT I_WALK I_TURN_RIGHT I_WALK I_TURN_RIGHT I_WALK I_TURN_RIGHT I_WALK I_TURN_RIGHT I_WALK I_TURN_RIGHT I_WALK I_JUMP
walk around right and run opposite right	I_TURN_RIGHT I_WALK I_TURN_RIGHT I_WALK I_TURN_RIGHT I_WALK I_TURN_RIGHT I_WALK I_TURN_RIGHT I_TURN_RIGHT I_RUN
turn left thrice and look opposite right	I_TURN_LEFT I_TURN_LEFT I_TURN_LEFT I_TURN_RIGHT I_TURN_RIGHT I_LOOK
turn opposite left after look right thrice	I_TURN_RIGHT I_LOOK I_TURN_RIGHT I_LOOK I_TURN_RIGHT I_LOOK I_TURN_LEFT I_TURN_LEFT
run twice after walk right twice	I_TURN_RIGHT I_WALK I_TURN_RIGHT I_WALK I_RUN I_RUN
run around left twice after run right	I_TURN_RIGHT I_RUN I_TURN_LEFT I_RUN I_TURN_LEFT I_RUN I_TURN_LEFT I_RUN I_TURN_LEFT I_RUN I_TURN_LEFT I_RUN I_TURN_LEFT I_RUN I_TURN_LEFT I_RUN I_TURN_LEFT I_RUN
jump opposite right twice after turn opposite right	I_TURN_RIGHT I_TURN_RIGHT I_TURN_RIGHT I_TURN_RIGHT I_JUMP I_TURN_RIGHT I_TURN_RIGHT I_JUMP
jump left and turn opposite right twice	I_TURN_LEFT I_JUMP I_TURN_RIGHT I_TURN_RIGHT I_TURN_RIGHT I_TURN_RIGHT
look around right thrice and jump right	I_TURN_RIGHT I_LOOK I_TURN_RIGHT I_LOOK I_TURN_RIGHT I_LOOK I_TURN_RIGHT I_LOOK I_TURN_RIGHT I_LOOK I_TURN_RIGHT I_LOOK I_TURN_RIGHT I_LOOK I_TURN_RIGHT I_LOOK I_TURN_RIGHT I_LOOK I_TURN_RIGHT I_LOOK I_TURN_RIGHT I_LOOK I_TURN_RIGHT I_LOOK I_TURN_RIGHT I_JUMP
jump opposite right thrice and run opposite left thrice	I_TURN_RIGHT I_TURN_RIGHT I_JUMP I_TURN_RIGHT I_TURN_RIGHT I_JUMP I_TURN_RIGHT I_TURN_RIGHT I_JUMP I_TURN_LEFT I_TURN_LEFT I_RUN I_TURN_LEFT I_TURN_LEFT I_RUN I_TURN_LEFT I_TURN_LEFT I_RUN
look opposite left thrice and walk opposite left thrice	I_TURN_LEFT I_TURN_LEFT I_LOOK I_TURN_LEFT I_TURN_LEFT I_LOOK I_TURN_LEFT I_TURN_LEFT I_LOOK I_TURN_LEFT I_TURN_LEFT I_WALK I_TURN_LEFT I_TURN_LEFT I_WALK I_TURN_LEFT I_TURN_LEFT I_WALK
turn around right twice after look thrice	I_LOOK I_LOOK I_LOOK I_TURN_RIGHT I_TURN_RIGHT I_TURN_RIGHT I_TURN_RIGHT I_TURN_RIGHT I_TURN_RIGHT I_TURN_RIGHT I_TURN_RIGHT
look opposite right and jump twice	I_TURN_RIGHT I_TURN_RIGHT I_LOOK I_JUMP I_JUMP
walk around right twice and jump left thrice	I_TURN_RIGHT I_WALK I_TURN_RIGHT I_WALK I_TURN_RIGHT I_WALK I_TURN_RIGHT I_WALK I_TURN_RIGHT I_WALK I_TURN_RIGHT I_WALK I_TURN_RIGHT I_WALK I_TURN_RIGHT I_WALK I_TURN_LEFT I_JUMP I_TURN_LEFT I_JUMP I_TURN_LEFT I_JUMP
jump around left thrice and turn right	I_TURN_LEFT I_JUMP I_TURN_LEFT I_JUMP I_TURN_LEFT I_JUMP I_TURN_LEFT I_JUMP I_TURN_LEFT I_JUMP I_TURN_LEFT I_JUMP I_TURN_LEFT I_JUMP I_TURN_LEFT I_JUMP I_TURN_LEFT I_JUMP I_TURN_LEFT I_JUMP I_TURN_LEFT I_JUMP I_TURN_LEFT I_JUMP I_TURN_RIGHT
run opposite right twice and look around left thrice	I_TURN_RIGHT I_TURN_RIGHT I_RUN I_TURN_RIGHT I_TURN_RIGHT I_RUN I_TURN_LEFT I_LOOK I_TURN_LEFT I_LOOK I_TURN_LEFT I_LOOK I_TURN_LEFT I_LOOK I_TURN_LEFT I_LOOK I_TURN_LEFT I_LOOK I_TURN_LEFT I_LOOK I_TURN_LEFT I_LOOK I_TURN_LEFT I_LOOK I_TURN_LEFT I_LOOK I_TURN_LEFT I_LOOK I_TURN_LEFT I_LOOK
turn left thrice after look thrice	I_LOOK I_LOOK I_LOOK I_TURN_LEFT I_TURN_LEFT I_TURN_LEFT
walk around left thrice after run opposite left thrice	I_TURN_LEFT I_TURN_LEFT I_RUN I_TURN_LEFT I_TURN_LEFT I_RUN I_TURN_LEFT I_TURN_LEFT I_RUN I_TURN_LEFT I_WALK I_TURN_LEFT I_WALK I_TURN_LEFT I_WALK I_TURN_LEFT I_WALK I_TURN_LEFT I_WALK I_TURN_LEFT I_WALK I_TURN_LEFT I_WALK I_TURN_LEFT I_WALK I_TURN_LEFT I_WALK I_TURN_LEFT I_WALK I_TURN_LEFT I_WALK I_TURN_LEFT I_WALK
walk right and walk left twice	I_TURN_RIGHT I_WALK I_TURN_LEFT I_WALK I_TURN_LEFT I_WALK
walk twice after walk left	I_TURN_LEFT I_WALK I_WALK I_WALK
walk thrice and look around right twice	I_WALK I_WALK I_WALK I_TURN_RIGHT I_LOOK I_TURN_RIGHT I_LOOK I_TURN_RIGHT I_LOOK I_TURN_RIGHT I_LOOK I_TURN_RIGHT I_LOOK I_TURN_RIGHT I_LOOK I_TURN_RIGHT I_LOOK I_TURN_RIGHT I_LOOK
run around right and run opposite right	I_TURN_RIGHT I_RUN I_TURN_RIGHT I_RUN I_TURN_RIGHT I_RUN I_TURN_RIGHT I_RUN I_TURN_RIGHT I_TURN_RIGHT I_RUN
jump opposite left thrice after turn around right twice	I_TURN_RIGHT I_TURN_RIGHT I_TURN_RIGHT I_TURN_RIGHT I_TURN_RIGHT I_TURN_RIGHT I_TURN_RIGHT I_TURN_RIGHT I_TURN_LEFT I_TURN_LEFT I_JUMP I_TURN_LEFT I_TURN_LEFT I_JUMP I_TURN_LEFT I_TURN_LEFT I_JUMP
jump around left and run opposite left thrice	I_TURN_LEFT I_JUMP I_TURN_LEFT I_JUMP I_TURN_LEFT I_JUMP I_TURN_LEFT I_JUMP I_TURN_LEFT I_TURN_LEFT I_RUN I_TURN_LEFT I_TURN_LEFT I_RUN I_TURN_LEFT I_TURN_LEFT I_RUN
look around left twice after look opposite left twice	I_TURN_LEFT I_TURN_LEFT I_LOOK I_TURN_LEFT I_TURN_LEFT I_LOOK I_TURN_LEFT I_LOOK I_TURN_LEFT I_LOOK I_TURN_LEFT I_LOOK I_TURN_LEFT I_LOOK I_TURN_LEFT I_LOOK I_TURN_LEFT I_LOOK I_TURN_LEFT I_LOOK I_TURN_LEFT I_LOOK
jump around left and jump left	I_TURN_LEFT I_JUMP I_TURN_LEFT I_JUMP I_TURN_LEFT I_JUMP I_TURN_LEFT I_JUMP I_TURN_LEFT I_JUMP
walk opposite left and look left thrice	I_TURN_LEFT I_TURN_LEFT I_WALK I_TURN_LEFT I_LOOK I_TURN_LEFT I_LOOK I_TURN_LEFT I_LOOK
turn around left thrice and jump left twice	I_TURN_LEFT I_TURN_LEFT I_TURN_LEFT I_TURN_LEFT I_TURN_LEFT I_TURN_LEFT I_TURN_LEFT I_TURN_LEFT I_TURN_LEFT I_TURN_LEFT I_TURN_LEFT I_TURN_LEFT I_TURN_LEFT I_JUMP I_TURN_LEFT I_JUMP
look left twice and walk around left twice	I_TURN_LEFT I_LOOK I_TURN_LEFT I_LOOK I_TURN_LEFT I_WALK I_TURN_LEFT I_WALK I_TURN_LEFT I_WALK I_TURN_LEFT I_WALK I_TURN_LEFT I_WALK I_TURN_LEFT I_WALK I_TURN_LEFT I_WALK I_TURN_LEFT I_WALK
turn opposite left and turn right	I_TURN_LEFT I_TURN_LEFT I_TURN_RIGHT
look around right twice after turn left	I_TURN_LEFT I_TURN_RIGHT I_LOOK I_TURN_RIGHT I_LOOK I_TURN_RIGHT I_LOOK I_TURN_RIGHT I_LOOK I_TURN_RIGHT I_LOOK I_TURN_RIGHT I_LOOK I_TURN_RIGHT I_LOOK I_TURN_RIGHT I_LOOK
turn around right after jump around right thrice	I_TURN_RIGHT I_JUMP I_TURN_RIGHT I_JUMP I_TURN_RIGHT I_JUMP I_TURN_RIGHT I_JUMP I_TURN_RIGHT I_JUMP I_TURN_RIGHT I_JUMP I_TURN_RIGHT I_JUMP I_TURN_RIGHT I_JUMP I_TURN_RIGHT I_JUMP I_TURN_RIGHT I_JUMP I_TURN_RIGHT I_JUMP I_TURN_RIGHT I_JUMP I_TURN_RIGHT I_TURN_RIGHT I_TURN_RIGHT I_TURN_RIGHT
look twice after walk opposite right thrice	I_TURN_RIGHT I_TURN_RIGHT I_WALK I_TURN_RIGHT I_TURN_RIGHT I_WALK I_TURN_RIGHT I_TURN_RIGHT I_WALK I_LOOK I_LOOK
walk around left after run opposite right twice	I_TURN_RIGHT I_TURN_RIGHT I_RUN I_TURN_RIGHT I_TURN_RIGHT I_RUN I_TURN_LEFT I_WALK I_TURN_LEFT I_WALK I_TURN_LEFT I_WALK I_TURN_LEFT I_WALK
jump right twice and turn left thrice	I_TURN_RIGHT I_JUMP I_TURN_RIGHT I_JUMP I_TURN_LEFT I_TURN_LEFT I_TURN_LEFT
turn opposite left twice and walk twice	I_TURN_LEFT I_TURN_LEFT I_TURN_LEFT I_TURN_LEFT I_WALK I_WALK
turn right twice and walk right thrice	I_TURN_RIGHT I_TURN_RIGHT I_TURN_RIGHT I_WALK I_TURN_RIGHT I_WALK I_TURN_RIGHT I_WALK
run and walk around right twice	I_RUN I_TURN_RIGHT I_WALK I_TURN_RIGHT I_WALK I_TURN_RIGHT I_WALK I_TURN_RIGHT I_WALK I_TURN_RIGHT I_WALK I_TURN_RIGHT I_WALK I_TURN_RIGHT I_WALK I_TURN_RIGHT I_WALK
walk opposite right thrice and walk right thrice	I_TURN_RIGHT I_TURN_RIGHT I_WALK I_TURN_RIGHT I_TURN_RIGHT I_WALK I_TURN_RIGHT I_TURN_RIGHT I_WALK I_TURN_RIGHT I_WALK I_TURN_RIGHT I_WALK I_TURN_RIGHT I_WALK
walk twice and walk right twice	I_WALK I_WALK I_TURN_RIGHT I_WALK I_TURN_RIGHT I_WALK
run around right twice and look opposite left twice	I_TURN_RIGHT I_RUN I_TURN_RIGHT I_RUN I_TURN_RIGHT I_RUN I_TURN_RIGHT I_RUN I_TURN_RIGHT I_RUN I_TURN_RIGHT I_RUN I_TURN_RIGHT I_RUN I_TURN_RIGHT I_RUN I_TURN_LEFT I_TURN_LEFT I_LOOK I_TURN_LEFT I_TURN_LEFT I_LOOK
walk around left twice and look right twice	I_TURN_LEFT I_WALK I_TURN_LEFT I_WALK I_TURN_LEFT I_WALK I_TURN_LEFT I_WALK I_TURN_LEFT I_WALK I_TURN_LEFT I_WALK I_TURN_LEFT I_WALK I_TURN_LEFT I_WALK I_TURN_RIGHT I_LOOK I_TURN_RIGHT I_LOOK
run left twice after run thrice	I_RUN I_RUN I_RUN I_TURN_LEFT I_RUN I_TURN_LEFT I_RUN
look right after run left thrice	I_TURN_LEFT I_RUN I_TURN_LEFT I_RUN I_TURN_LEFT I_RUN I_TURN_RIGHT I_LOOK
walk around left twice after jump around right thrice	I_TURN_RIGHT I_JUMP I_TURN_RIGHT I_JUMP I_TURN_RIGHT I_JUMP I_TURN_RIGHT I_JUMP I_TURN_RIGHT I_JUMP I_TURN_RIGHT I_JUMP I_TURN_RIGHT I_JUMP I_TURN_RIGHT I_JUMP I_TURN_RIGHT I_JUMP I_TURN_RIGHT I_JUMP I_TURN_RIGHT I_JUMP I_TURN_RIGHT I_JUMP I_TURN_LEFT I_WALK I_TURN_LEFT I_WALK I_TURN_LEFT I_WALK I_TURN_LEFT I_WALK I_TURN_LEFT I_WALK I_TURN_LEFT I_WALK I_TURN_LEFT I_WALK I_TURN_LEFT I_WALK
look opposite right twice and look thrice	I_TURN_RIGHT I_TURN_RIGHT I_LOOK I_TURN_RIGHT I_TURN_RIGHT I_LOOK I_LOOK I_LOOK I_LOOK
walk right and jump thrice	I_TURN_RIGHT I_WALK I_JUMP I_JUMP I_JUMP
run opposite left thrice after walk twice	I_WALK I_WALK I_TURN_LEFT I_TURN_LEFT I_RUN I_TURN_LEFT I_TURN_LEFT I_RUN I_TURN_LEFT I_TURN_LEFT I_RUN
run right after turn left twice	I_TURN_LEFT I_TURN_LEFT I_TURN_RIGHT I_RUN
run opposite right twice after jump thrice	I_JUMP I_JUMP I_JUMP I_TURN_RIGHT I_TURN_RIGHT I_RUN I_TURN_RIGHT I_TURN_RIGHT I_RUN
run left and jump around left	I_TURN_LEFT I_RUN I_TURN_LEFT I_JUMP I_TURN_LEFT I_JUMP I_TURN_LEFT I_JUMP I_TURN_LEFT I_JUMP
turn left after jump opposite left thrice	I_TURN_LEFT I_TURN_LEFT I_JUMP I_TURN_LEFT I_TURN_LEFT I_JUMP I_TURN_LEFT I_TURN_LEFT I_JUMP I_TURN_LEFT
jump and turn around left	I_JUMP I_TURN_LEFT I_TURN_LEFT I_TURN_LEFT I_TURN_LEFT
look around left and run twice	I_TURN_LEFT I_LOOK I_TURN_LEFT I_LOOK I_TURN_LEFT I_LOOK I_TURN_LEFT I_LOOK I_RUN I_RUN
look after look around left thrice	I_TURN_LEFT I_LOOK I_TURN_LEFT I_LOOK I_TURN_LEFT I_LOOK I_TURN_LEFT I_LOOK I_TURN_LEFT I_LOOK I_TURN_LEFT I_LOOK I_TURN_LEFT I_LOOK I_TURN_LEFT I_LOOK I_TURN_LEFT I_LOOK I_TURN_LEFT I_LOOK I_TURN_LEFT I_LOOK I_TURN_LEFT I_LOOK I_LOOK
jump and jump left	I_JUMP I_TURN_LEFT I_JUMP
turn around right twice and look	I_TURN_RIGHT I_TURN_RIGHT I_TURN_RIGHT I_TURN_RIGHT I_TURN_RIGHT I_TURN_RIGHT I_TURN_RIGHT I_TURN_RIGHT I_LOOK
walk around right and look opposite left thrice	I_TURN_RIGHT I_WALK I_TURN_RIGHT I_WALK I_TURN_RIGHT I_WALK I_TURN_RIGHT I_WALK I_TURN_LEFT I_TURN_LEFT I_LOOK I_TURN_LEFT I_TURN_LEFT I_LOOK I_TURN_LEFT I_TURN_LEFT I_LOOK
jump around left and turn opposite right thrice	I_TURN_LEFT I_JUMP I_TURN_LEFT I_JUMP I_TURN_LEFT I_JUMP I_TURN_LEFT I_JUMP I_TURN_RIGHT I_TURN_RIGHT I_TURN_RIGHT I_TURN_RIGHT I_TURN_RIGHT I_TURN_RIGHT
run around left twice after run right twice	I_TURN_RIGHT I_RUN I_TURN_RIGHT I_RUN I_TURN_LEFT I_RUN I_TURN_LEFT I_RUN I_TURN_LEFT I_RUN I_TURN_LEFT I_RUN I_TURN_LEFT I_RUN I_TURN_LEFT I_RUN I_TURN_LEFT I_RUN I_TURN_LEFT I_RUN
look around right and turn around right thrice	I_TURN_RIGHT I_LOOK I_TURN_RIGHT I_LOOK I_TURN_RIGHT I_LOOK I_TURN_RIGHT I_LOOK I_TURN_RIGHT I_TURN_RIGHT I_TURN_RIGHT I_TURN_RIGHT I_TURN_RIGHT I_TURN_RIGHT I_TURN_RIGHT I_TURN_RIGHT I_TURN_RIGHT I_TURN_RIGHT I_TURN_RIGHT I_TURN_RIGHT
walk right and jump opposite right thrice	I_TURN_RIGHT I_WALK I_TURN_RIGHT I_TURN_RIGHT I_JUMP I_TURN_RIGHT I_TURN_RIGHT I_JUMP I_TURN_RIGHT I_TURN_RIGHT I_JUMP
look twice after run opposite left thrice	I_TURN_LEFT I_TURN_LEFT I_RUN I_TURN_LEFT I_TURN_LEFT I_RUN I_TURN_LEFT I_TURN_LEFT I_RUN I_LOOK I_LOOK
look around right after run	I_RUN I_TURN_RIGHT I_LOOK I_TURN_RIGHT I_LOOK I_TURN_RIGHT I_LOOK I_TURN_RIGHT I_LOOK
look thrice after walk around left twice	I_TURN_LEFT I_WALK I_TURN_LEFT I_WALK I_TURN_LEFT I_WALK I_TURN_LEFT I_WALK I_TURN_LEFT I_WALK I_TURN_LEFT I_WALK I_TURN_LEFT I_WALK I_TURN_LEFT I_WALK I_LOOK I_LOOK I_LOOK
jump around left after run left thrice	I_TURN_LEFT I_RUN I_TURN_LEFT I_RUN I_TURN_LEFT I_RUN I_TURN_LEFT I_JUMP I_TURN_LEFT I_JUMP I_TURN_LEFT I_JUMP I_TURN_LEFT I_JUMP
walk opposite right after look thrice	I_LOOK I_LOOK I_LOOK I_TURN_RIGHT I_TURN_RIGHT I_WALK
jump around left after jump opposite right thrice	I_TURN_RIGHT I_TURN_RIGHT I_JUMP I_TURN_RIGHT I_TURN_RIGHT I_JUMP I_TURN_RIGHT I_TURN_RIGHT I_JUMP I_TURN_LEFT I_JUMP I_TURN_LEFT I_JUMP I_TURN_LEFT I_JUMP I_TURN_LEFT I_JUMP
run right thrice after jump left twice	I_TURN_LEFT I_JUMP I_TURN_LEFT I_JUMP I_TURN_RIGHT I_RUN I_TURN_RIGHT I_RUN I_TURN_RIGHT I_RUN
turn around right thrice and jump around left twice	I_TURN_RIGHT I_TURN_RIGHT I_TURN_RIGHT I_TURN_RIGHT I_TURN_RIGHT I_TURN_RIGHT I_TURN_RIGHT I_TURN_RIGHT I_TURN_RIGHT I_TURN_RIGHT I_TURN_RIGHT I_TURN_RIGHT I_TURN_LEFT I_JUMP I_TURN_LEFT I_JUMP I_TURN_LEFT I_JUMP I_TURN_LEFT I_JUMP I_TURN_LEFT I_JUMP I_TURN_LEFT I_JUMP I_TURN_LEFT I_JUMP I_TURN_LEFT I_JUMP
jump opposite left and look	I_TURN_LEFT I_TURN_LEFT I_JUMP I_LOOK
jump right and walk around right thrice	I_TURN_RIGHT I_JUMP I_TURN_RIGHT I_WALK I_TURN_RIGHT I_WALK I_TURN_RIGHT I_WALK I_TURN_RIGHT I_WALK I_TURN_RIGHT I_WALK I_TURN_RIGHT I_WALK I_TURN_RIGHT I_WALK I_TURN_RIGHT I_WALK I_TURN_RIGHT I_WALK I_TURN_RIGHT I_WALK I_TURN_RIGHT I_WALK I_TURN_RIGHT I_WALK
jump around right thrice after look left	I_TURN_LEFT I_LOOK I_TURN_RIGHT I_JUMP I_TURN_RIGHT I_JUMP I_TURN_RIGHT I_JUMP I_TURN_RIGHT I_JUMP I_TURN_RIGHT I_JUMP I_TURN_RIGHT I_JUMP I_TURN_RIGHT I_JUMP I_TURN_RIGHT I_JUMP I_TURN_RIGHT I_JUMP I_TURN_RIGHT I_JUMP I_TURN_RIGHT I_JUMP I_TURN_RIGHT I_JUMP
look left and jump opposite left thrice	I_TURN_LEFT I_LOOK I_TURN_LEFT I_TURN_LEFT I_JUMP I_TURN_LEFT I_TURN_LEFT I_JUMP I_TURN_LEFT I_TURN_LEFT I_JUMP
look around right twice and jump around right twice	I_TURN_RIGHT I_LOOK I_TURN_RIGHT I_LOOK I_TURN_RIGHT I_LOOK I_TURN_RIGHT I_LOOK I_TURN_RIGHT I_LOOK I_TURN_RIGHT I_LOOK I_TURN_RIGHT I_LOOK I_TURN_RIGHT I_LOOK I_TURN_RIGHT I_JUMP I_TURN_RIGHT I_JUMP I_TURN_RIGHT I_JUMP I_TURN_RIGHT I_JUMP I_TURN_RIGHT I_JUMP I_TURN_RIGHT I_JUMP I_TURN_RIGHT I_JUMP I_TURN_RIGHT I_JUMP
walk around left thrice and look left thrice	I_TURN_LEFT I_WALK I_TURN_LEFT I_WALK I_TURN_LEFT I_WALK I_TURN_LEFT I_WALK I_TURN_LEFT I_WALK I_TURN_LEFT I_WALK I_TURN_LEFT I_WALK I_TURN_LEFT I_WALK I_TURN_LEFT I_WALK I_TURN_LEFT I_WALK I_TURN_LEFT I_WALK I_TURN_LEFT I_WALK I_TURN_LEFT I_LOOK I_TURN_LEFT I_LOOK I_TURN_LEFT I_LOOK
turn left twice and walk thrice	I_TURN_LEFT I_TURN_LEFT I_WALK I_WALK I_WALK
run opposite left after look around right	I_TURN_RIGHT I_LOOK I_TURN_RIGHT I_LOOK I_TURN_RIGHT I_LOOK I_TURN_RIGHT I_LOOK I_TURN_LEFT I_TURN_LEFT I_RUN
turn left after look left	I_TURN_LEFT I_LOOK I_TURN_LEFT
run opposite right after look around left twice	I_TURN_LEFT I_LOOK I_TURN_LEFT I_LOOK I_TURN_LEFT I_LOOK I_TURN_LEFT I_LOOK I_TURN_LEFT I_LOOK I_TURN_LEFT I_LOOK I_TURN_LEFT I_LOOK I_TURN_LEFT I_LOOK I_TURN_RIGHT I_TURN_RIGHT I_RUN
run opposite right thrice after turn around right twice	I_TURN_RIGHT I_TURN_RIGHT I_TURN_RIGHT I_TURN_RIGHT I_TURN_RIGHT I_TURN_RIGHT I_TURN_RIGHT I_TURN_RIGHT I_TURN_RIGHT I_TURN_RIGHT I_RUN I_TURN_RIGHT I_TURN_RIGHT I_RUN I_TURN_RIGHT I_TURN_RIGHT I_RUN
run left thrice after walk opposite right twice	I_TURN_RIGHT I_TURN_RIGHT I_WALK I_TURN_RIGHT I_TURN_RIGHT I_WALK I_TURN_LEFT I_RUN I_TURN_LEFT I_RUN I_TURN_LEFT I_RUN
turn around left thrice after look around left thrice	I_TURN_LEFT I_LOOK I_TURN_LEFT I_LOOK I_TURN_LEFT I_LOOK I_TURN_LEFT I_LOOK I_TURN_LEFT I_LOOK I_TURN_LEFT I_LOOK I_TURN_LEFT I_LOOK I_TURN_LEFT I_LOOK I_TURN_LEFT I_LOOK I_TURN_LEFT I_LOOK I_TURN_LEFT I_LOOK I_TURN_LEFT I_LOOK I_TURN_LEFT I_TURN_LEFT I_TURN_LEFT I_TURN_LEFT I_TURN_LEFT I_TURN_LEFT I_TURN_LEFT I_TURN_LEFT I_TURN_LEFT I_TURN_LEFT I_TURN_LEFT I_TURN_LEFT
jump opposite left and walk around left twice	I_TURN_LEFT I_TURN_LEFT I_JUMP I_TURN_LEFT I_WALK I_TURN_LEFT I_WALK I_TURN_LEFT I_WALK I_TURN_LEFT I_WALK I_TURN_LEFT I_WALK I_TURN_LEFT I_WALK I_TURN_LEFT I_WALK I_TURN_LEFT I_WALK
walk opposite left twice and run around left twice	I_TURN_LEFT I_TURN_LEFT I_WALK I_TURN_LEFT I_TURN_LEFT I_WALK I_TURN_LEFT I_RUN I_TURN_LEFT I_RUN I_TURN_LEFT I_RUN I_TURN_LEFT I_RUN I_TURN_LEFT I_RUN I_TURN_LEFT I_RUN I_TURN_LEFT I_RUN I_TURN_LEFT I_RUN
run opposite left thrice and look opposite right	I_TURN_LEFT I_TURN_LEFT I_RUN I_TURN_LEFT I_TURN_LEFT I_RUN I_TURN_LEFT I_TURN_LEFT I_RUN I_TURN_RIGHT I_TURN_RIGHT I_LOOK
run opposite left and walk around right	I_TURN_LEFT I_TURN_LEFT I_RUN I_TURN_RIGHT I_WALK I_TURN_RIGHT I_WALK I_TURN_RIGHT I_WALK I_TURN_RIGHT I_WALK
walk twice and turn right twice	I_WALK I_WALK I_TURN_RIGHT I_TURN_RIGHT
jump left and jump right thrice	I_TURN_LEFT I_JUMP I_TURN_RIGHT I_JUMP I_TURN_RIGHT I_JUMP I_TURN_RIGHT I_JUMP
look twice and run right	I_LOOK I_LOOK I_TURN_RIGHT I_RUN
walk opposite left twice after look around right thrice	I_TURN_RIGHT I_LOOK I_TURN_RIGHT I_LOOK I_TURN_RIGHT I_LOOK I_TURN_RIGHT I_LOOK I_TURN_RIGHT I_LOOK I_TURN_RIGHT I_LOOK I_TURN_RIGHT I_LOOK I_TURN_RIGHT I_LOOK I_TURN_RIGHT I_LOOK I_TURN_RIGHT I_LOOK I_TURN_RIGHT I_LOOK I_TURN_RIGHT I_LOOK I_TURN_LEFT I_TURN_LEFT I_WALK I_TURN_LEFT I_TURN_LEFT I_WALK
turn opposite right twice after run left	I_TURN_LEFT I_RUN I_TURN_RIGHT I_TURN_RIGHT I_TURN_RIGHT I_TURN_RIGHT
turn around right thrice and walk opposite left	I_TURN_RIGHT I_TURN_RIGHT I_TURN_RIGHT I_TURN_RIGHT I_TURN_RIGHT I_TURN_RIGHT I_TURN_RIGHT I_TURN_RIGHT I_TURN_RIGHT I_TURN_RIGHT I_TURN_RIGHT I_TURN_RIGHT I_TURN_LEFT I_TURN_LEFT I_WALK
walk around right thrice after look opposite left thrice	I_TURN_LEFT I_TURN_LEFT I_LOOK I_TURN_LEFT I_TURN_LEFT I_LOOK I_TURN_LEFT I_TURN_LEFT I_LOOK I_TURN_RIGHT I_WALK I_TURN_RIGHT I_WALK I_TURN_RIGHT I_WALK I_TURN_RIGHT I_WALK I_TURN_RIGHT I_WALK I_TURN_RIGHT I_WALK I_TURN_RIGHT I_WALK I_TURN_RIGHT I_WALK I_TURN_RIGHT I_WALK I_TURN_RIGHT I_WALK I_TURN_RIGHT I_WALK I_TURN_RIGHT I_WALK
turn around right twice after look right	I_TURN_RIGHT I_LOOK I_TURN_RIGHT I_TURN_RIGHT I_TURN_RIGHT I_TURN_RIGHT I_TURN_RIGHT I_TURN_RIGHT I_TURN_RIGHT I_TURN_RIGHT
walk opposite right twice and turn around right	I_TURN_RIGHT I_TURN_RIGHT I_WALK I_TURN_RIGHT I_TURN_RIGHT I_WALK I_TURN_RIGHT I_TURN_RIGHT I_TURN_RIGHT I_TURN_RIGHT
jump right thrice after jump	I_JUMP I_TURN_RIGHT I_JUMP I_TURN_RIGHT I_JUMP I_TURN_RIGHT I_JUMP
turn left twice and walk right twice	I_TURN_LEFT I_TURN_LEFT I_TURN_RIGHT I_WALK I_TURN_RIGHT I_WALK
turn opposite right after look left thrice	I_TURN_LEFT I_LOOK I_TURN_LEFT I_LOOK I_TURN_LEFT I_LOOK I_TURN_RIGHT I_TURN_RIGHT
walk opposite right twice after run opposite left twice	I_TURN_LEFT I_TURN_LEFT I_RUN I_TURN_LEFT I_TURN_LEFT I_RUN I_TURN_RIGHT I_TURN_RIGHT I_WALK I_TURN_RIGHT I_TURN_RIGHT I_WALK
run opposite left and look opposite left twice	I_TURN_LEFT I_TURN_LEFT I_RUN I_TURN_LEFT I_TURN_LEFT I_LOOK I_TURN_LEFT I_TURN_LEFT I_LOOK
walk opposite left and walk opposite right thrice	I_TURN_LEFT I_TURN_LEFT I_WALK I_TURN_RIGHT I_TURN_RIGHT I_WALK I_TURN_RIGHT I_TURN_RIGHT I_WALK I_TURN_RIGHT I_TURN_RIGHT I_WALK
run left twice and jump around right	I_TURN_LEFT I_RUN I_TURN_LEFT I_RUN I_TURN_RIGHT I_JUMP I_TURN_RIGHT I_JUMP I_TURN_RIGHT I_JUMP I_TURN_RIGHT I_JUMP
look right and jump opposite right thrice	I_TURN_RIGHT I_LOOK I_TURN_RIGHT I_TURN_RIGHT I_JUMP I_TURN_RIGHT I_TURN_RIGHT I_JUMP I_TURN_RIGHT I_TURN_RIGHT I_JUMP
run right twice and turn around left	I_TURN_RIGHT I_RUN I_TURN_RIGHT I_RUN I_TURN_LEFT I_TURN_LEFT I_TURN_LEFT I_TURN_LEFT
turn left twice and walk opposite right	I_TURN_LEFT I_TURN_LEFT I_TURN_RIGHT I_TURN_RIGHT I_WALK
walk after look twice	I_LOOK I_LOOK I_WALK
run right after jump around right thrice	I_TURN_RIGHT I_JUMP I_TURN_RIGHT I_JUMP I_TURN_RIGHT I_JUMP I_TURN_RIGHT I_JUMP I_TURN_RIGHT I_JUMP I_TURN_RIGHT I_JUMP I_TURN_RIGHT I_JUMP I_TURN_RIGHT I_JUMP I_TURN_RIGHT I_JUMP I_TURN_RIGHT I_JUMP I_TURN_RIGHT I_JUMP I_TURN_RIGHT I_JUMP I_TURN_RIGHT I_RUN
walk right and turn opposite left	I_TURN_RIGHT I_WALK I_TURN_LEFT I_TURN_LEFT
jump opposite right and turn around left twice	I_TURN_RIGHT I_TURN_RIGHT I_JUMP I_TURN_LEFT I_TURN_LEFT I_TURN_LEFT I_TURN_LEFT I_TURN_LEFT I_TURN_LEFT I_TURN_LEFT I_TURN_LEFT
walk around right thrice after jump twice	I_JUMP I_JUMP I_TURN_RIGHT I_WALK I_TURN_RIGHT I_WALK I_TURN_RIGHT I_WALK I_TURN_RIGHT I_WALK I_TURN_RIGHT I_WALK I_TURN_RIGHT I_WALK I_TURN_RIGHT I_WALK I_TURN_RIGHT I_WALK I_TURN_RIGHT I_WALK I_TURN_RIGHT I_WALK I_TURN_RIGHT I_WALK I_TURN_RIGHT I_WALK
run opposite right thrice after walk around left thrice	I_TURN_LEFT I_WALK I_TURN_LEFT I_WALK I_TURN_LEFT I_WALK I_TURN_LEFT I_WALK I_TURN_LEFT I_WALK I_TURN_LEFT I_WALK I_TURN_LEFT I_WALK I_TURN_LEFT I_WALK I_TURN_LEFT I_WALK I_TURN_LEFT I_WALK I_TURN_LEFT I_WALK I_TURN_LEFT I_WALK I_TURN_RIGHT I_TURN_RIGHT I_RUN I_TURN_RIGHT I_TURN_RIGHT I_RUN I_TURN_RIGHT I_TURN_RIGHT I_RUN
jump opposite right and walk left twice	I_TURN_RIGHT I_TURN_RIGHT I_JUMP I_TURN_LEFT I_WALK I_TURN_LEFT I_WALK
jump opposite left twice after run opposite left twice	I_TURN_LEFT I_TURN_LEFT I_RUN I_TURN_LEFT I_TURN_LEFT I_RUN I_TURN_LEFT I_TURN_LEFT I_JUMP I_TURN_LEFT I_TURN_LEFT I_JUMP
jump and run around left	I_JUMP I_TURN_LEFT I_RUN I_TURN_LEFT I_RUN I_TURN_LEFT I_RUN I_TURN_LEFT I_RUN
jump twice after run right twice	I_TURN_RIGHT I_RUN I_TURN_RIGHT I_RUN I_JUMP I_JUMP
walk and jump right twice	I_WALK I_TURN_RIGHT I_JUMP I_TURN_RIGHT I_JUMP
turn opposite left after look opposite right thrice	I_TURN_RIGHT I_TURN_RIGHT I_LOOK I_TURN_RIGHT I_TURN_RIGHT I_LOOK I_TURN_RIGHT I_TURN_RIGHT I_LOOK I_TURN_LEFT I_TURN_LEFT
run around left and look opposite right	I_TURN_LEFT I_RUN I_TURN_LEFT I_RUN I_TURN_LEFT I_RUN I_TURN_LEFT I_RUN I_TURN_RIGHT I_TURN_RIGHT I_LOOK
look left twice after look left thrice	I_TURN_LEFT I_LOOK I_TURN_LEFT I_LOOK I_TURN_LEFT I_LOOK I_TURN_LEFT I_LOOK I_TURN_LEFT I_LOOK
walk thrice and look right twice	I_WALK I_WALK I_WALK I_TURN_RIGHT I_LOOK I_TURN_RIGHT I_LOOK
run around right twice after run around left thrice	I_TURN_LEFT I_RUN I_TURN_LEFT I_RUN I_TURN_LEFT I_RUN I_TURN_LEFT I_RUN I_TURN_LEFT I_RUN I_TURN_LEFT I_RUN I_TURN_LEFT I_RUN I_TURN_LEFT I_RUN I_TURN_LEFT I_RUN I_TURN_LEFT I_RUN I_TURN_LEFT I_RUN I_TURN_LEFT I_RUN I_TURN_RIGHT I_RUN I_TURN_RIGHT I_RUN I_TURN_RIGHT I_RUN I_TURN_RIGHT I_RUN I_TURN_RIGHT I_RUN I_TURN_RIGHT I_RUN I_TURN_RIGHT I_RUN I_TURN_RIGHT I_RUN
look around right thrice after walk opposite right twice	I_TURN_RIGHT I_TURN_RIGHT I_WALK I_TURN_RIGHT I_TURN_RIGHT I_WALK I_TURN_RIGHT I_LOOK I_TURN_RIGHT I_LOOK I_TURN_RIGHT I_LOOK I_TURN_RIGHT I_LOOK I_TURN_RIGHT I_LOOK I_TURN_RIGHT I_LOOK I_TURN_RIGHT I_LOOK I_TURN_RIGHT I_LOOK I_TURN_RIGHT I_LOOK I_TURN_RIGHT I_LOOK I_TURN_RIGHT I_LOOK I_TURN_RIGHT I_LOOK
look around left and walk left thrice	I_TURN_LEFT I_LOOK I_TURN_LEFT I_LOOK I_TURN_LEFT I_LOOK I_TURN_LEFT I_LOOK I_TURN_LEFT I_WALK I_TURN_LEFT I_WALK I_TURN_LEFT I_WALK
look opposite left thrice after jump left	I_TURN_LEFT I_JUMP I_TURN_LEFT I_TURN_LEFT I_LOOK I_TURN_LEFT I_TURN_LEFT I_LOOK I_TURN_LEFT I_TURN_LEFT I_LOOK
walk around right twice after jump opposite right thrice	I_TURN_RIGHT I_TURN_RIGHT I_JUMP I_TURN_RIGHT I_TURN_RIGHT I_JUMP I_TURN_RIGHT I_TURN_RIGHT I_JUMP I_TURN_RIGHT I_WALK I_TURN_RIGHT I_WALK I_TURN_RIGHT I_WALK I_TURN_RIGHT I_WALK I_TURN_RIGHT I_WALK I_TURN_RIGHT I_WALK I_TURN_RIGHT I_WALK I_TURN_RIGHT I_WALK
look left thrice and jump opposite right	I_TURN_LEFT I_LOOK I_TURN_LEFT I_LOOK I_TURN_LEFT I_LOOK I_TURN_RIGHT I_TURN_RIGHT I_JUMP
jump left and turn right thrice	I_TURN_LEFT I_JUMP I_TURN_RIGHT I_TURN_RIGHT I_TURN_RIGHT
jump opposite right and look opposite right	I_TURN_RIGHT I_TURN_RIGHT I_JUMP I_TURN_RIGHT I_TURN_RIGHT I_LOOK
look around right twice and turn right	I_TURN_RIGHT I_LOOK I_TURN_RIGHT I_LOOK I_TURN_RIGHT I_LOOK I_TURN_RIGHT I_LOOK I_TURN_RIGHT I_LOOK I_TURN_RIGHT I_LOOK I_TURN_RIGHT I_LOOK I_TURN_RIGHT I_LOOK I_TURN_RIGHT
walk opposite left and turn opposite right twice	I_TURN_LEFT I_TURN_LEFT I_WALK I_TURN_RIGHT I_TURN_RIGHT I_TURN_RIGHT I_TURN_RIGHT
turn right and look thrice	I_TURN_RIGHT I_LOOK I_LOOK I_LOOK
turn around left thrice and look	I_TURN_LEFT I_TURN_LEFT I_TURN_LEFT I_TURN_LEFT I_TURN_LEFT I_TURN_LEFT I_TURN_LEFT I_TURN_LEFT I_TURN_LEFT I_TURN_LEFT I_TURN_LEFT I_TURN_LEFT I_LOOK
jump twice and walk around right	I_JUMP I_JUMP I_TURN_RIGHT I_WALK I_TURN_RIGHT I_WALK I_TURN_RIGHT I_WALK I_TURN_RIGHT I_WALK
run opposite left twice after look around right twice	I_TURN_RIGHT I_LOOK I_TURN_RIGHT I_LOOK I_TURN_RIGHT I_LOOK I_TURN_RIGHT I_LOOK I_TURN_RIGHT I_LOOK I_TURN_RIGHT I_LOOK I_TURN_RIGHT I_LOOK I_TURN_RIGHT I_LOOK I_TURN_LEFT I_TURN_LEFT I_RUN I_TURN_LEFT I_TURN_LEFT I_RUN
look opposite left and run opposite left thrice	I_TURN_LEFT I_TURN_LEFT I_LOOK I_TURN_LEFT I_TURN_LEFT I_RUN I_TURN_LEFT I_TURN_LEFT I_RUN I_TURN_LEFT I_TURN_LEFT I_RUN
look around left thrice after look right twice	I_TURN_RIGHT I_LOOK I_TURN_RIGHT I_LOOK I_TURN_LEFT I_LOOK I_TURN_LEFT I_LOOK I_TURN_LEFT I_LOOK I_TURN_LEFT I_LOOK I_TURN_LEFT I_LOOK I_TURN_LEFT I_LOOK I_TURN_LEFT I_LOOK I_TURN_LEFT I_LOOK I_TURN_LEFT I_LOOK I_TURN_LEFT I_LOOK I_TURN_LEFT I_LOOK I_TURN_LEFT I_LOOK
walk opposite left twice after turn around left	I_TURN_LEFT I_TURN_LEFT I_TURN_LEFT I_TURN_LEFT I_TURN_LEFT I_TURN_LEFT I_WALK I_TURN_LEFT I_TURN_LEFT I_WALK
turn opposite right and jump right	I_TURN_RIGHT I_TURN_RIGHT I_TURN_RIGHT I_JUMP
run opposite left twice after walk around right thrice	I_TURN_RIGHT I_WALK I_TURN_RIGHT I_WALK I_TURN_RIGHT I_WALK I_TURN_RIGHT I_WALK I_TURN_RIGHT I_WALK I_TURN_RIGHT I_WALK I_TURN_RIGHT I_WALK I_TURN_RIGHT I_WALK I_TURN_RIGHT I_WALK I_TURN_RIGHT I_WALK I_TURN_RIGHT I_WALK I_TURN_RIGHT I_WALK I_TURN_LEFT I_TURN_LEFT I_RUN I_TURN_LEFT I_TURN_LEFT I_RUN
run right after run around left thrice	I_TURN_LEFT I_RUN I_TURN_LEFT I_RUN I_TURN_LEFT I_RUN I_TURN_LEFT I_RUN I_TURN_LEFT I_RUN I_TURN_LEFT I_RUN I_TURN_LEFT I_RUN I_TURN_LEFT I_RUN I_TURN_LEFT I_RUN I_TURN_LEFT I_RUN I_TURN_LEFT I_RUN I_TURN_LEFT I_RUN I_TURN_RIGHT I_RUN
look left thrice after walk opposite right twice	I_TURN_RIGHT I_TURN_RIGHT I_WALK I_TURN_RIGHT I_TURN_RIGHT I_WALK I_TURN_LEFT I_LOOK I_TURN_LEFT I_LOOK I_TURN_LEFT I_LOOK
walk left and look opposite right	I_TURN_LEFT I_WALK I_TURN_RIGHT I_TURN_RIGHT I_LOOK
jump right thrice and jump opposite right	I_TURN_RIGHT I_JUMP I_TURN_RIGHT I_JUMP I_TURN_RIGHT I_JUMP I_TURN_RIGHT I_TURN_RIGHT I_JUMP
turn right and walk left thrice	I_TURN_RIGHT I_TURN_LEFT I_WALK I_TURN_LEFT I_WALK I_TURN_LEFT I_WALK
turn around left twice after walk left	I_TURN_LEFT I_WALK I_TURN_LEFT I_TURN_LEFT I_TURN_LEFT I_TURN_LEFT I_TURN_LEFT I_TURN_LEFT I_TURN_LEFT I_TURN_LEFT
look opposite right thrice after walk opposite right thrice	I_TURN_RIGHT I_TURN_RIGHT I_WALK I_TURN_RIGHT I_TURN_RIGHT I_WALK I_TURN_RIGHT I_TURN_RIGHT I_WALK I_TURN_RIGHT I_TURN_RIGHT I_LOOK I_TURN_RIGHT I_TURN_RIGHT I_LOOK I_TURN_RIGHT I_TURN_RIGHT I_LOOK
turn around left twice and run thrice	I_TURN_LEFT I_TURN_LEFT I_TURN_LEFT I_TURN_LEFT I_TURN_LEFT I_TURN_LEFT I_TURN_LEFT I_TURN_LEFT I_RUN I_RUN I_RUN
run around right twice after look	I_LOOK I_TURN_RIGHT I_RUN I_TURN_RIGHT I_RUN I_TURN_RIGHT I_RUN I_TURN_RIGHT I_RUN I_TURN_RIGHT I_RUN I_TURN_RIGHT I_RUN I_TURN_RIGHT I_RUN I_TURN_RIGHT I_RUN
jump left twice after turn opposite left twice	I_TURN_LEFT I_TURN_LEFT I_TURN_LEFT I_TURN_LEFT I_TURN_LEFT I_JUMP I_TURN_LEFT I_JUMP
jump around right after jump around right thrice	I_TURN_RIGHT I_JUMP I_TURN_RIGHT I_JUMP I_TURN_RIGHT I_JUMP I_TURN_RIGHT I_JUMP I_TURN_RIGHT I_JUMP I_TURN_RIGHT I_JUMP I_TURN_RIGHT I_JUMP I_TURN_RIGHT I_JUMP I_TURN_RIGHT I_JUMP I_TURN_RIGHT I_JUMP I_TURN_RIGHT I_JUMP I_TURN_RIGHT I_JUMP I_TURN_RIGHT I_JUMP I_TURN_RIGHT I_JUMP I_TURN_RIGHT I_JUMP I_TURN_RIGHT I_JUMP
walk around right twice after look opposite left twice	I_TURN_LEFT I_TURN_LEFT I_LOOK I_TURN_LEFT I_TURN_LEFT I_LOOK I_TURN_RIGHT I_WALK I_TURN_RIGHT I_WALK I_TURN_RIGHT I_WALK I_TURN_RIGHT I_WALK I_TURN_RIGHT I_WALK I_TURN_RIGHT I_WALK I_TURN_RIGHT I_WALK I_TURN_RIGHT I_WALK
jump around left twice and walk around right twice	I_TURN_LEFT I_JUMP I_TURN_LEFT I_JUMP I_TURN_LEFT I_JUMP I_TURN_LEFT I_JUMP I_TURN_LEFT I_JUMP I_TURN_LEFT I_JUMP I_TURN_LEFT I_JUMP I_TURN_LEFT I_JUMP I_TURN_RIGHT I_WALK I_TURN_RIGHT I_WALK I_TURN_RIGHT I_WALK I_TURN_RIGHT I_WALK I_TURN_RIGHT I_WALK I_TURN_RIGHT I_WALK I_TURN_RIGHT I_WALK I_TURN_RIGHT I_WALK
walk opposite right thrice and walk	I_TURN_RIGHT I_TURN_RIGHT I_WALK I_TURN_RIGHT I_TURN_RIGHT I_WALK I_TURN_RIGHT I_TURN_RIGHT I_WALK I_WALK
turn right twice and turn around right thrice	I_TURN_RIGHT I_TURN_RIGHT I_TURN_RIGHT I_TURN_RIGHT I_TURN_RIGHT I_TURN_RIGHT I_TURN_RIGHT I_TURN_RIGHT I_TURN_RIGHT I_TURN_RIGHT I_TURN_RIGHT I_TURN_RIGHT I_TURN_RIGHT I_TURN_RIGHT
run around left thrice after look around right	I_TURN_RIGHT I_LOOK I_TURN_RIGHT I_LOOK I_TURN_RIGHT I_LOOK I_TURN_RIGHT I_LOOK I_TURN_LEFT I_RUN I_TURN_LEFT I_RUN I_TURN_LEFT I_RUN I_TURN_LEFT I_RUN I_TURN_LEFT I_RUN I_TURN_LEFT I_RUN I_TURN_LEFT I_RUN I_TURN_LEFT I_RUN I_TURN_LEFT I_RUN I_TURN_LEFT I_RUN I_TURN_LEFT I_RUN I_TURN_LEFT I_RUN
look around right twice after walk opposite right	I_TURN_RIGHT I_TURN_RIGHT I_WALK I_TURN_RIGHT I_LOOK I_TURN_RIGHT I_LOOK I_TURN_RIGHT I_LOOK I_TURN_RIGHT I_LOOK I_TURN_RIGHT I_LOOK I_TURN_RIGHT I_LOOK I_TURN_RIGHT I_LOOK I_TURN_RIGHT I_LOOK
walk opposite right twice after look	I_LOOK I_TURN_RIGHT I_TURN_RIGHT I_WALK I_TURN_RIGHT I_TURN_RIGHT I_WALK
run opposite left thrice after run	I_RUN I_TURN_LEFT I_TURN_LEFT I_RUN I_TURN_LEFT I_TURN_LEFT I_RUN I_TURN_LEFT I_TURN_LEFT I_RUN
turn left twice after look around left	I_TURN_LEFT I_LOOK I_TURN_LEFT I_LOOK I_TURN_LEFT I_LOOK I_TURN_LEFT I_LOOK I_TURN_LEFT I_TURN_LEFT
run opposite left thrice after walk right twice	I_TURN_RIGHT I_WALK I_TURN_RIGHT I_WALK I_TURN_LEFT I_TURN_LEFT I_RUN I_TURN_LEFT I_TURN_LEFT I_RUN I_TURN_LEFT I_TURN_LEFT I_RUN
walk right thrice after look around left twice	I_TURN_LEFT I_LOOK I_TURN_LEFT I_LOOK I_TURN_LEFT I_LOOK I_TURN_LEFT I_LOOK I_TURN_LEFT I_LOOK I_TURN_LEFT I_LOOK I_TURN_LEFT I_LOOK I_TURN_LEFT I_LOOK I_TURN_RIGHT I_WALK I_TURN_RIGHT I_WALK I_TURN_RIGHT I_WALK
jump opposite left twice after walk right	I_TURN_RIGHT I_WALK I_TURN_LEFT I_TURN_LEFT I_JUMP I_TURN_LEFT I_TURN_LEFT I_JUMP
run around right twice and turn right	I_TURN_RIGHT I_RUN I_TURN_RIGHT I_RUN I_TURN_RIGHT I_RUN I_TURN_RIGHT I_RUN I_TURN_RIGHT I_RUN I_TURN_RIGHT I_RUN I_TURN_RIGHT I_RUN I_TURN_RIGHT I_RUN I_TURN_RIGHT
walk around right thrice and run left thrice	I_TURN_RIGHT I_WALK I_TURN_RIGHT I_WALK I_TURN_RIGHT I_WALK I_TURN_RIGHT I_WALK I_TURN_RIGHT I_WALK I_TURN_RIGHT I_WALK I_TURN_RIGHT I_WALK I_TURN_RIGHT I_WALK I_TURN_RIGHT I_WALK I_TURN_RIGHT I_WALK I_TURN_RIGHT I_WALK I_TURN_RIGHT I_WALK I_TURN_LEFT I_RUN I_TURN_LEFT I_RUN I_TURN_LEFT I_RUN
jump and look right	I_JUMP I_TURN_RIGHT I_LOOK
turn around right twice and run opposite left twice	I_TURN_RIGHT I_TURN_RIGHT I_TURN_RIGHT I_TURN_RIGHT I_TURN_RIGHT I_TURN_RIGHT I_TURN_RIGHT I_TURN_RIGHT I_TURN_LEFT I_TURN_LEFT I_RUN I_TURN_LEFT I_TURN_LEFT I_RUN
look around right and jump around right twice	I_TURN_RIGHT I_LOOK I_TURN_RIGHT I_LOOK I_TURN_RIGHT I_LOOK I_TURN_RIGHT I_LOOK I_TURN_RIGHT I_JUMP I_TURN_RIGHT I_JUMP I_TURN_RIGHT I_JUMP I_TURN_RIGHT I_JUMP I_TURN_RIGHT I_JUMP I_TURN_RIGHT I_JUMP I_TURN_RIGHT I_JUMP I_TURN_RIGHT I_JUMP
look right thrice after walk opposite left thrice	I_TURN_LEFT I_TURN_LEFT I_WALK I_TURN_LEFT I_TURN_LEFT I_WALK I_TURN_LEFT I_TURN_LEFT I_WALK I_TURN_RIGHT I_LOOK I_TURN_RIGHT I_LOOK I_TURN_RIGHT I_LOOK
walk opposite right after jump around right thrice	I_TURN_RIGHT I_JUMP I_TURN_RIGHT I_JUMP I_TURN_RIGHT I_JUMP I_TURN_RIGHT I_JUMP I_TURN_RIGHT I_JUMP I_TURN_RIGHT I_JUMP I_TURN_RIGHT I_JUMP I_TURN_RIGHT I_JUMP I_TURN_RIGHT I_JUMP I_TURN_RIGHT I_JUMP I_TURN_RIGHT I_JUMP I_TURN_RIGHT I_JUMP I_TURN_RIGHT I_TURN_RIGHT I_WALK
jump thrice after run twice	I_RUN I_RUN I_JUMP I_JUMP I_JUMP
look opposite left twice and look around right twice	I_TURN_LEFT I_TURN_LEFT I_LOOK I_TURN_LEFT I_TURN_LEFT I_LOOK I_TURN_RIGHT I_LOOK I_TURN_RIGHT I_LOOK I_TURN_RIGHT I_LOOK I_TURN_RIGHT I_LOOK I_TURN_RIGHT I_LOOK I_TURN_RIGHT I_LOOK I_TURN_RIGHT I_LOOK I_TURN_RIGHT I_LOOK
jump right twice after walk around right	I_TURN_RIGHT I_WALK I_TURN_RIGHT I_WALK I_TURN_RIGHT I_WALK I_TURN_RIGHT I_WALK I_TURN_RIGHT I_JUMP I_TURN_RIGHT I_JUMP
look and look around right twice	I_LOOK I_TURN_RIGHT I_LOOK I_TURN_RIGHT I_LOOK I_TURN_RIGHT I_LOOK I_TURN_RIGHT I_LOOK I_TURN_RIGHT I_LOOK I_TURN_RIGHT I_LOOK I_TURN_RIGHT I_LOOK I_TURN_RIGHT I_LOOK
jump opposite left twice after run around left twice	I_TURN_LEFT I_RUN I_TURN_LEFT I_RUN I_TURN_LEFT I_RUN I_TURN_LEFT I_RUN I_TURN_LEFT I_RUN I_TURN_LEFT I_RUN I_TURN_LEFT I_RUN I_TURN_LEFT I_RUN I_TURN_LEFT I_TURN_LEFT I_JUMP I_TURN_LEFT I_TURN_LEFT I_JUMP
run opposite left after look right thrice	I_TURN_RIGHT I_LOOK I_TURN_RIGHT I_LOOK I_TURN_RIGHT I_LOOK I_TURN_LEFT I_TURN_LEFT I_RUN
look thrice after look right	I_TURN_RIGHT I_LOOK I_LOOK I_LOOK I_LOOK
jump opposite right thrice and jump around right	I_TURN_RIGHT I_TURN_RIGHT I_JUMP I_TURN_RIGHT I_TURN_RIGHT I_JUMP I_TURN_RIGHT I_TURN_RIGHT I_JUMP I_TURN_RIGHT I_JUMP I_TURN_RIGHT I_JUMP I_TURN_RIGHT I_JUMP I_TURN_RIGHT I_JUMP
walk opposite right twice after look opposite right thrice	I_TURN_RIGHT I_TURN_RIGHT I_LOOK I_TURN_RIGHT I_TURN_RIGHT I_LOOK I_TURN_RIGHT I_TURN_RIGHT I_LOOK I_TURN_RIGHT I_TURN_RIGHT I_WALK I_TURN_RIGHT I_TURN_RIGHT I_WALK
look right twice and run twice	I_TURN_RIGHT I_LOOK I_TURN_RIGHT I_LOOK I_RUN I_RUN
walk left and walk around right	I_TURN_LEFT I_WALK I_TURN_RIGHT I_WALK I_TURN_RIGHT I_WALK I_TURN_RIGHT I_WALK I_TURN_RIGHT I_WALK
jump around left twice after walk around left twice	I_TURN_LEFT I_WALK I_TURN_LEFT I_WALK I_TURN_LEFT I_WALK I_TURN_LEFT I_WALK I_TURN_LEFT I_WALK I_TURN_LEFT I_WALK I_TURN_LEFT I_WALK I_TURN_LEFT I_WALK I_TURN_LEFT I_JUMP I_TURN_LEFT I_JUMP I_TURN_LEFT I_JUMP I_TURN_LEFT I_JUMP I_TURN_LEFT I_JUMP I_TURN_LEFT I_JUMP I_TURN_LEFT I_JUMP I_TURN_LEFT I_JUMP
walk left twice and run right thrice	I_TURN_LEFT I_WALK I_TURN_LEFT I_WALK I_TURN_RIGHT I_RUN I_TURN_RIGHT I_RUN I_TURN_RIGHT I_RUN
turn left twice and turn opposite right thrice	I_TURN_LEFT I_TURN_LEFT I_TURN_RIGHT I_TURN_RIGHT I_TURN_RIGHT I_TURN_RIGHT I_TURN_RIGHT I_TURN_RIGHT
run around right after jump around right	I_TURN_RIGHT I_JUMP I_TURN_RIGHT I_JUMP I_TURN_RIGHT I_JUMP I_TURN_RIGHT I_JUMP I_TURN_RIGHT I_RUN I_TURN_RIGHT I_RUN I_TURN_RIGHT I_RUN I_TURN_RIGHT I_RUN
look opposite right and turn left	I_TURN_RIGHT I_TURN_RIGHT I_LOOK I_TURN_LEFT
jump left thrice after walk around left twice	I_TURN_LEFT I_WALK I_TURN_LEFT I_WALK I_TURN_LEFT I_WALK I_TURN_LEFT I_WALK I_TURN_LEFT I_WALK I_TURN_LEFT I_WALK I_TURN_LEFT I_WALK I_TURN_LEFT I_WALK I_TURN_LEFT I_JUMP I_TURN_LEFT I_JUMP I_TURN_LEFT I_JUMP
jump opposite left twice and turn opposite left	I_TURN_LEFT I_TURN_LEFT I_JUMP I_TURN_LEFT I_TURN_LEFT I_JUMP I_TURN_LEFT I_TURN_LEFT
walk twice after walk right twice	I_TURN_RIGHT I_WALK I_TURN_RIGHT I_WALK I_WALK I_WALK
walk left twice after jump around left twice	I_TURN_LEFT I_JUMP I_TURN_LEFT I_JUMP I_TURN_LEFT I_JUMP I_TURN_LEFT I_JUMP I_TURN_LEFT I_JUMP I_TURN_LEFT I_JUMP I_TURN_LEFT I_JUMP I_TURN_LEFT I_JUMP I_TURN_LEFT I_WALK I_TURN_LEFT I_WALK
turn around left after look around right	I_TURN_RIGHT I_LOOK I_TURN_RIGHT I_LOOK I_TURN_RIGHT I_LOOK I_TURN_RIGHT I_LOOK I_TURN_LEFT I_TURN_LEFT I_TURN_LEFT I_TURN_LEFT
run around left thrice and walk left	I_TURN_LEFT I_RUN I_TURN_LEFT I_RUN I_TURN_LEFT I_RUN I_TURN_LEFT I_RUN I_TURN_LEFT I_RUN I_TURN_LEFT I_RUN I_TURN_LEFT I_RUN I_TURN_LEFT I_RUN I_TURN_LEFT I_RUN I_TURN_LEFT I_RUN I_TURN_LEFT I_RUN I_TURN_LEFT I_RUN I_TURN_LEFT I_WALK
run right after run opposite right thrice	I_TURN_RIGHT I_TURN_RIGHT I_RUN I_TURN_RIGHT I_TURN_RIGHT I_RUN I_TURN_RIGHT I_TURN_RIGHT I_RUN I_TURN_RIGHT I_RUN
run left twice and jump left twice	I_TURN_LEFT I_RUN I_TURN_LEFT I_RUN I_TURN_LEFT I_JUMP I_TURN_LEFT I_JUMP
jump around right and run left twice	I_TURN_RIGHT I_JUMP I_TURN_RIGHT I_JUMP I_TURN_RIGHT I_JUMP I_TURN_RIGHT I_JUMP I_TURN_LEFT I_RUN I_TURN_LEFT I_RUN
run opposite right thrice and jump opposite right thrice	I_TURN_RIGHT I_TURN_RIGHT I_RUN I_TURN_RIGHT I_TURN_RIGHT I_RUN I_TURN_RIGHT I_TURN_RIGHT I_RUN I_TURN_RIGHT I_TURN_RIGHT I_JUMP I_TURN_RIGHT I_TURN_RIGHT I_JUMP I_TURN_RIGHT I_TURN_RIGHT I_JUMP
run left thrice after turn right thrice	I_TURN_RIGHT I_TURN_RIGHT I_TURN_RIGHT I_TURN_LEFT I_RUN I_TURN_LEFT I_RUN I_TURN_LEFT I_RUN
look right twice after walk opposite left thrice	I_TURN_LEFT I_TURN_LEFT I_WALK I_TURN_LEFT I_TURN_LEFT I_WALK I_TURN_LEFT I_TURN_LEFT I_WALK I_TURN_RIGHT I_LOOK I_TURN_RIGHT I_LOOK
look around right thrice after turn left twice	I_TURN_LEFT I_TURN_LEFT I_TURN_RIGHT I_LOOK I_TURN_RIGHT I_LOOK I_TURN_RIGHT I_LOOK I_TURN_RIGHT I_LOOK I_TURN_RIGHT I_LOOK I_TURN_RIGHT I_LOOK I_TURN_RIGHT I_LOOK I_TURN_RIGHT I_LOOK I_TURN_RIGHT I_LOOK I_TURN_RIGHT I_LOOK I_TURN_RIGHT I_LOOK I_TURN_RIGHT I_LOOK
look opposite right and turn around left thrice	I_TURN_RIGHT I_TURN_RIGHT I_LOOK I_TURN_LEFT I_TURN_LEFT I_TURN_LEFT I_TURN_LEFT I_TURN_LEFT I_TURN_LEFT I_TURN_LEFT I_TURN_LEFT I_TURN_LEFT I_TURN_LEFT I_TURN_LEFT I_TURN_LEFT
look opposite right twice and turn right	I_TURN_RIGHT I_TURN_RIGHT I_LOOK I_TURN_RIGHT I_TURN_RIGHT I_LOOK I_TURN_RIGHT
jump left thrice and look around right	I_TURN_LEFT I_JUMP I_TURN_LEFT I_JUMP I_TURN_LEFT I_JUMP I_TURN_RIGHT I_LOOK I_TURN_RIGHT I_LOOK I_TURN_RIGHT I_LOOK I_TURN_RIGHT I_LOOK
turn around left thrice after jump left thrice	I_TURN_LEFT I_JUMP I_TURN_LEFT I_JUMP I_TURN_LEFT I_JUMP I_TURN_LEFT I_TURN_LEFT I_TURN_LEFT I_TURN_LEFT I_TURN_LEFT I_TURN_LEFT I_TURN_LEFT I_TURN_LEFT I_TURN_LEFT I_TURN_LEFT I_TURN_LEFT I_TURN_LEFT
jump opposite left thrice and walk around right twice	I_TURN_LEFT I_TURN_LEFT I_JUMP I_TURN_LEFT I_TURN_LEFT I_JUMP I_TURN_LEFT I_TURN_LEFT I_JUMP I_TURN_RIGHT I_WALK I_TURN_RIGHT I_WALK I_TURN_RIGHT I_WALK I_TURN_RIGHT I_WALK I_TURN_RIGHT I_WALK I_TURN_RIGHT I_WALK I_TURN_RIGHT I_WALK I_TURN_RIGHT I_WALK
jump opposite left thrice after walk right thrice	I_TURN_RIGHT I_WALK I_TURN_RIGHT I_WALK I_TURN_RIGHT I_WALK I_TURN_LEFT I_TURN_LEFT I_JUMP I_TURN_LEFT I_TURN_LEFT I_JUMP I_TURN_LEFT I_TURN_LEFT I_JUMP
turn opposite right after turn right thrice	I_TURN_RIGHT I_TURN_RIGHT I_TURN_RIGHT I_TURN_RIGHT I_TURN_RIGHT
look twice after jump around left thrice	I_TURN_LEFT I_JUMP I_TURN_LEFT I_JUMP I_TURN_LEFT I_JUMP I_TURN_LEFT I_JUMP I_TURN_LEFT I_JUMP I_TURN_LEFT I_JUMP I_TURN_LEFT I_JUMP I_TURN_LEFT I_JUMP I_TURN_LEFT I_JUMP I_TURN_LEFT I_JUMP I_TURN_LEFT I_JUMP I_TURN_LEFT I_JUMP I_LOOK I_LOOK
turn around right twice and run left	I_TURN_RIGHT I_TURN_RIGHT I_TURN_RIGHT I_TURN_RIGHT I_TURN_RIGHT I_TURN_RIGHT I_TURN_RIGHT I_TURN_RIGHT I_TURN_LEFT I_RUN
jump opposite right after look left twice	I_TURN_LEFT I_LOOK I_TURN_LEFT I_LOOK I_TURN_RIGHT I_TURN_RIGHT I_JUMP
run around left twice and walk right thrice	I_TURN_LEFT I_RUN I_TURN_LEFT I_RUN I_TURN_LEFT I_RUN I_TURN_LEFT I_RUN I_TURN_LEFT I_RUN I_TURN_LEFT I_RUN I_TURN_LEFT I_RUN I_TURN_LEFT I_RUN I_TURN_RIGHT I_WALK I_TURN_RIGHT I_WALK I_TURN_RIGHT I_WALK
jump around left twice after walk opposite right twice	I_TURN_RIGHT I_TURN_RIGHT I_WALK I_TURN_RIGHT I_TURN_RIGHT I_WALK I_TURN_LEFT I_JUMP I_TURN_LEFT I_JUMP I_TURN_LEFT I_JUMP I_TURN_LEFT I_JUMP I_TURN_LEFT I_JUMP I_TURN_LEFT I_JUMP I_TURN_LEFT I_JUMP I_TURN_LEFT I_JUMP
walk and run around left thrice	I_WALK I_TURN_LEFT I_RUN I_TURN_LEFT I_RUN I_TURN_LEFT I_RUN I_TURN_LEFT I_RUN I_TURN_LEFT I_RUN I_TURN_LEFT I_RUN I_TURN_LEFT I_RUN I_TURN_LEFT I_RUN I_TURN_LEFT I_RUN I_TURN_LEFT I_RUN I_TURN_LEFT I_RUN I_TURN_LEFT I_RUN
walk right after jump around left thrice	I_TURN_LEFT I_JUMP I_TURN_LEFT I_JUMP I_TURN_LEFT I_JUMP I_TURN_LEFT I_JUMP I_TURN_LEFT I_JUMP I_TURN_LEFT I_JUMP I_TURN_LEFT I_JUMP I_TURN_LEFT I_JUMP I_TURN_LEFT I_JUMP I_TURN_LEFT I_JUMP I_TURN_LEFT I_JUMP I_TURN_LEFT I_JUMP I_TURN_RIGHT I_WALK
run left after look around left twice	I_TURN_LEFT I_LOOK I_TURN_LEFT I_LOOK I_TURN_LEFT I_LOOK I_TURN_LEFT I_LOOK I_TURN_LEFT I_LOOK I_TURN_LEFT I_LOOK I_TURN_LEFT I_LOOK I_TURN_LEFT I_LOOK I_TURN_LEFT I_RUN
walk opposite left after look left twice	I_TURN_LEFT I_LOOK I_TURN_LEFT I_LOOK I_TURN_LEFT I_TURN_LEFT I_WALK
walk opposite left thrice after walk opposite left twice	I_TURN_LEFT I_TURN_LEFT I_WALK I_TURN_LEFT I_TURN_LEFT I_WALK I_TURN_LEFT I_TURN_LEFT I_WALK I_TURN_LEFT I_TURN_LEFT I_WALK I_TURN_LEFT I_TURN_LEFT I_WALK
turn around right thrice and run around right thrice	I_TURN_RIGHT I_TURN_RIGHT I_TURN_RIGHT I_TURN_RIGHT I_TURN_RIGHT I_TURN_RIGHT I_TURN_RIGHT I_TURN_RIGHT I_TURN_RIGHT I_TURN_RIGHT I_TURN_RIGHT I_TURN_RIGHT I_TURN_RIGHT I_RUN I_TURN_RIGHT I_RUN I_TURN_RIGHT I_RUN I_TURN_RIGHT I_RUN I_TURN_RIGHT I_RUN I_TURN_RIGHT I_RUN I_TURN_RIGHT I_RUN I_TURN_RIGHT I_RUN I_TURN_RIGHT I_RUN I_TURN_RIGHT I_RUN I_TURN_RIGHT I_RUN I_TURN_RIGHT I_RUN
look around left twice after turn opposite left thrice	I_TURN_LEFT I_TURN_LEFT I_TURN_LEFT I_TURN_LEFT I_TURN_LEFT I_TURN_LEFT I_TURN_LEFT I_LOOK I_TURN_LEFT I_LOOK I_TURN_LEFT I_LOOK I_TURN_LEFT I_LOOK I_TURN_LEFT I_LOOK I_TURN_LEFT I_LOOK I_TURN_LEFT I_LOOK I_TURN_LEFT I_LOOK
run right and run around right thrice	I_TURN_RIGHT I_RUN I_TURN_RIGHT I_RUN I_TURN_RIGHT I_RUN I_TURN_RIGHT I_RUN I_TURN_RIGHT I_RUN I_TURN_RIGHT I_RUN I_TURN_RIGHT I_RUN I_TURN_RIGHT I_RUN I_TURN_RIGHT I_RUN I_TURN_RIGHT I_RUN I_TURN_RIGHT I_RUN I_TURN_RIGHT I_RUN I_TURN_RIGHT I_RUN
jump opposite right thrice after walk	I_WALK I_TURN_RIGHT I_TURN_RIGHT I_JUMP I_TURN_RIGHT I_TURN_RIGHT I_JUMP I_TURN_RIGHT I_TURN_RIGHT I_JUMP
turn around left thrice and walk opposite right twice	I_TURN_LEFT I_TURN_LEFT I_TURN_LEFT I_TURN_LEFT I_TURN_LEFT I_TURN_LEFT I_TURN_LEFT I_TURN_LEFT I_TURN_LEFT I_TURN_LEFT I_TURN_LEFT I_TURN_LEFT I_TURN_RIGHT I_TURN_RIGHT I_WALK I_TURN_RIGHT I_TURN_RIGHT I_WALK
walk opposite left thrice and jump opposite right	I_TURN_LEFT I_TURN_LEFT I_WALK I_TURN_LEFT I_TURN_LEFT I_WALK I_TURN_LEFT I_TURN_LEFT I_WALK I_TURN_RIGHT I_TURN_RIGHT I_JUMP
run left thrice after look twice	I_LOOK I_LOOK I_TURN_LEFT I_RUN I_TURN_LEFT I_RUN I_TURN_LEFT I_RUN
walk right and walk	I_TURN_RIGHT I_WALK I_WALK
run right twice after run opposite right twice	I_TURN_RIGHT I_TURN_RIGHT I_RUN I_TURN_RIGHT I_TURN_RIGHT I_RUN I_TURN_RIGHT I_RUN I_TURN_RIGHT I_RUN
turn opposite left thrice after jump opposite right thrice	I_TURN_RIGHT I_TURN_RIGHT I_JUMP I_TURN_RIGHT I_TURN_RIGHT I_JUMP I_TURN_RIGHT I_TURN_RIGHT I_JUMP I_TURN_LEFT I_TURN_LEFT I_TURN_LEFT I_TURN_LEFT I_TURN_LEFT I_TURN_LEFT
run left after jump around right	I_TURN_RIGHT I_JUMP I_TURN_RIGHT I_JUMP I_TURN_RIGHT I_JUMP I_TURN_RIGHT I_JUMP I_TURN_LEFT I_RUN
run around left and jump opposite left	I_TURN_LEFT I_RUN I_TURN_LEFT I_RUN I_TURN_LEFT I_RUN I_TURN_LEFT I_RUN I_TURN_LEFT I_TURN_LEFT I_JUMP
turn left	I_TURN_LEFT
walk around left and walk opposite left twice	I_TURN_LEFT I_WALK I_TURN_LEFT I_WALK I_TURN_LEFT I_WALK I_TURN_LEFT I_WALK I_TURN_LEFT I_TURN_LEFT I_WALK I_TURN_LEFT I_TURN_LEFT I_WALK
run left and turn left twice	I_TURN_LEFT I_RUN I_TURN_LEFT I_TURN_LEFT
run left twice after jump left	I_TURN_LEFT I_JUMP I_TURN_LEFT I_RUN I_TURN_LEFT I_RUN
jump left after walk left twice	I_TURN_LEFT I_WALK I_TURN_LEFT I_WALK I_TURN_LEFT I_JUMP
turn left twice after jump around left twice	I_TURN_LEFT I_JUMP I_TURN_LEFT I_JUMP I_TURN_LEFT I_JUMP I_TURN_LEFT I_JUMP I_TURN_LEFT I_JUMP I_TURN_LEFT I_JUMP I_TURN_LEFT I_JUMP I_TURN_LEFT I_JUMP I_TURN_LEFT I_TURN_LEFT
look and jump right thrice	I_LOOK I_TURN_RIGHT I_JUMP I_TURN_RIGHT I_JUMP I_TURN_RIGHT I_JUMP
walk opposite left thrice after run left twice	I_TURN_LEFT I_RUN I_TURN_LEFT I_RUN I_TURN_LEFT I_TURN_LEFT I_WALK I_TURN_LEFT I_TURN_LEFT I_WALK I_TURN_LEFT I_TURN_LEFT I_WALK
look around left twice after walk opposite right thrice	I_TURN_RIGHT I_TURN_RIGHT I_WALK I_TURN_RIGHT I_TURN_RIGHT I_WALK I_TURN_RIGHT I_TURN_RIGHT I_WALK I_TURN_LEFT I_LOOK I_TURN_LEFT I_LOOK I_TURN_LEFT I_LOOK I_TURN_LEFT I_LOOK I_TURN_LEFT I_LOOK I_TURN_LEFT I_LOOK I_TURN_LEFT I_LOOK I_TURN_LEFT I_LOOK
look around left thrice and walk around left	I_TURN_LEFT I_LOOK I_TURN_LEFT I_LOOK I_TURN_LEFT I_LOOK I_TURN_LEFT I_LOOK I_TURN_LEFT I_LOOK I_TURN_LEFT I_LOOK I_TURN_LEFT I_LOOK I_TURN_LEFT I_LOOK I_TURN_LEFT I_LOOK I_TURN_LEFT I_LOOK I_TURN_LEFT I_LOOK I_TURN_LEFT I_LOOK I_TURN_LEFT I_WALK I_TURN_LEFT I_WALK I_TURN_LEFT I_WALK I_TURN_LEFT I_WALK
look twice after walk twice	I_WALK I_WALK I_LOOK I_LOOK
walk around left twice and look	I_TURN_LEFT I_WALK I_TURN_LEFT I_WALK I_TURN_LEFT I_WALK I_TURN_LEFT I_WALK I_TURN_LEFT I_WALK I_TURN_LEFT I_WALK I_TURN_LEFT I_WALK I_TURN_LEFT I_WALK I_LOOK
look left twice after walk thrice	I_WALK I_WALK I_WALK I_TURN_LEFT I_LOOK I_TURN_LEFT I_LOOK
look around left twice after jump right	I_TURN_RIGHT I_JUMP I_TURN_LEFT I_LOOK I_TURN_LEFT I_LOOK I_TURN_LEFT I_LOOK I_TURN_LEFT I_LOOK I_TURN_LEFT I_LOOK I_TURN_LEFT I_LOOK I_TURN_LEFT I_LOOK I_TURN_LEFT I_LOOK
jump around right twice after run left twice	I_TURN_LEFT I_RUN I_TURN_LEFT I_RUN I_TURN_RIGHT I_JUMP I_TURN_RIGHT I_JUMP I_TURN_RIGHT I_JUMP I_TURN_RIGHT I_JUMP I_TURN_RIGHT I_JUMP I_TURN_RIGHT I_JUMP I_TURN_RIGHT I_JUMP I_TURN_RIGHT I_JUMP
walk opposite right twice and jump opposite left twice	I_TURN_RIGHT I_TURN_RIGHT I_WALK I_TURN_RIGHT I_TURN_RIGHT I_WALK I_TURN_LEFT I_TURN_LEFT I_JUMP I_TURN_LEFT I_TURN_LEFT I_JUMP
look right twice and run left twice	I_TURN_RIGHT I_LOOK I_TURN_RIGHT I_LOOK I_TURN_LEFT I_RUN I_TURN_LEFT I_RUN
turn opposite left thrice and jump opposite right	I_TURN_LEFT I_TURN_LEFT I_TURN_LEFT I_TURN_LEFT I_TURN_LEFT I_TURN_LEFT I_TURN_RIGHT I_TURN_RIGHT I_JUMP
look opposite right twice after walk around right	I_TURN_RIGHT I_WALK I_TURN_RIGHT I_WALK I_TURN_RIGHT I_WALK I_TURN_RIGHT I_WALK I_TURN_RIGHT I_TURN_RIGHT I_LOOK I_TURN_RIGHT I_TURN_RIGHT I_LOOK
walk twice and run opposite left	I_WALK I_WALK I_TURN_LEFT I_TURN_LEFT I_RUN
jump and turn opposite left twice	I_JUMP I_TURN_LEFT I_TURN_LEFT I_TURN_LEFT I_TURN_LEFT
walk opposite right thrice after run opposite left	I_TURN_LEFT I_TURN_LEFT I_RUN I_TURN_RIGHT I_TURN_RIGHT I_WALK I_TURN_RIGHT I_TURN_RIGHT I_WALK I_TURN_RIGHT I_TURN_RIGHT I_WALK
walk around left after jump opposite left	I_TURN_LEFT I_TURN_LEFT I_JUMP I_TURN_LEFT I_WALK I_TURN_LEFT I_WALK I_TURN_LEFT I_WALK I_TURN_LEFT I_WALK
turn opposite left thrice after run twice	I_RUN I_RUN I_TURN_LEFT I_TURN_LEFT I_TURN_LEFT I_TURN_LEFT I_TURN_LEFT I_TURN_LEFT
turn opposite left thrice after walk thrice	I_WALK I_WALK I_WALK I_TURN_LEFT I_TURN_LEFT I_TURN_LEFT I_TURN_LEFT I_TURN_LEFT I_TURN_LEFT
look left twice after run around right	I_TURN_RIGHT I_RUN I_TURN_RIGHT I_RUN I_TURN_RIGHT I_RUN I_TURN_RIGHT I_RUN I_TURN_LEFT I_LOOK I_TURN_LEFT I_LOOK
run around left after walk right twice	I_TURN_RIGHT I_WALK I_TURN_RIGHT I_WALK I_TURN_LEFT I_RUN I_TURN_LEFT I_RUN I_TURN_LEFT I_RUN I_TURN_LEFT I_RUN
turn around right and turn around right	I_TURN_RIGHT I_TURN_RIGHT I_TURN_RIGHT I_TURN_RIGHT I_TURN_RIGHT I_TURN_RIGHT I_TURN_RIGHT I_TURN_RIGHT
look left thrice after run right thrice	I_TURN_RIGHT I_RUN I_TURN_RIGHT I_RUN I_TURN_RIGHT I_RUN I_TURN_LEFT I_LOOK I_TURN_LEFT I_LOOK I_TURN_LEFT I_LOOK
turn right twice after run	I_RUN I_TURN_RIGHT I_TURN_RIGHT
run around left twice and walk twice	I_TURN_LEFT I_RUN I_TURN_LEFT I_RUN I_TURN_LEFT I_RUN I_TURN_LEFT I_RUN I_TURN_LEFT I_RUN I_TURN_LEFT I_RUN I_TURN_LEFT I_RUN I_TURN_LEFT I_RUN I_WALK I_WALK
look around left and walk right twice	I_TURN_LEFT I_LOOK I_TURN_LEFT I_LOOK I_TURN_LEFT I_LOOK I_TURN_LEFT I_LOOK I_TURN_RIGHT I_WALK I_TURN_RIGHT I_WALK
turn around left twice after look around left twice	I_TURN_LEFT I_LOOK I_TURN_LEFT I_LOOK I_TURN_LEFT I_LOOK I_TURN_LEFT I_LOOK I_TURN_LEFT I_LOOK I_TURN_LEFT I_LOOK I_TURN_LEFT I_LOOK I_TURN_LEFT I_LOOK I_TURN_LEFT I_TURN_LEFT I_TURN_LEFT I_TURN_LEFT I_TURN_LEFT I_TURN_LEFT I_TURN_LEFT I_TURN_LEFT
look opposite left thrice and jump around left twice	I_TURN_LEFT I_TURN_LEFT I_LOOK I_TURN_LEFT I_TURN_LEFT I_LOOK I_TURN_LEFT I_TURN_LEFT I_LOOK I_TURN_LEFT I_JUMP I_TURN_LEFT I_JUMP I_TURN_LEFT I_JUMP I_TURN_LEFT I_JUMP I_TURN_LEFT I_JUMP I_TURN_LEFT I_JUMP I_TURN_LEFT I_JUMP I_TURN_LEFT I_JUMP
look around left and look opposite right thrice	I_TURN_LEFT I_LOOK I_TURN_LEFT I_LOOK I_TURN_LEFT I_LOOK I_TURN_LEFT I_LOOK I_TURN_RIGHT I_TURN_RIGHT I_LOOK I_TURN_RIGHT I_TURN_RIGHT I_LOOK I_TURN_RIGHT I_TURN_RIGHT I_LOOK
turn opposite right after jump twice	I_JUMP I_JUMP I_TURN_RIGHT I_TURN_RIGHT
walk around right twice after turn opposite right	I_TURN_RIGHT I_TURN_RIGHT I_TURN_RIGHT I_WALK I_TURN_RIGHT I_WALK I_TURN_RIGHT I_WALK I_TURN_RIGHT I_WALK I_TURN_RIGHT I_WALK I_TURN_RIGHT I_WALK I_TURN_RIGHT I_WALK I_TURN_RIGHT I_WALK
run opposite left twice after turn opposite left thrice	I_TURN_LEFT I_TURN_LEFT I_TURN_LEFT I_TURN_LEFT I_TURN_LEFT I_TURN_LEFT I_TURN_LEFT I_TURN_LEFT I_RUN I_TURN_LEFT I_TURN_LEFT I_RUN
run opposite left thrice after walk around left	I_TURN_LEFT I_WALK I_TURN_LEFT I_WALK I_TURN_LEFT I_WALK I_TURN_LEFT I_WALK I_TURN_LEFT I_TURN_LEFT I_RUN I_TURN_LEFT I_TURN_LEFT I_RUN I_TURN_LEFT I_TURN_LEFT I_RUN
run around right and run left	I_TURN_RIGHT I_RUN I_TURN_RIGHT I_RUN I_TURN_RIGHT I_RUN I_TURN_RIGHT I_RUN I_TURN_LEFT I_RUN
jump right thrice after run opposite right	I_TURN_RIGHT I_TURN_RIGHT I_RUN I_TURN_RIGHT I_JUMP I_TURN_RIGHT I_JUMP I_TURN_RIGHT I_JUMP
walk right twice after jump opposite left twice	I_TURN_LEFT I_TURN_LEFT I_JUMP I_TURN_LEFT I_TURN_LEFT I_JUMP I_TURN_RIGHT I_WALK I_TURN_RIGHT I_WALK
turn around left thrice and walk around left twice	I_TURN_LEFT I_TURN_LEFT I_TURN_LEFT I_TURN_LEFT I_TURN_LEFT I_TURN_LEFT I_TURN_LEFT I_TURN_LEFT I_TURN_LEFT I_TURN_LEFT I_TURN_LEFT I_TURN_LEFT I_TURN_LEFT I_WALK I_TURN_LEFT I_WALK I_TURN_LEFT I_WALK I_TURN_LEFT I_WALK I_TURN_LEFT I_WALK I_TURN_LEFT I_WALK I_TURN_LEFT I_WALK I_TURN_LEFT I_WALK
look left and run around right	I_TURN_LEFT I_LOOK I_TURN_RIGHT I_RUN I_TURN_RIGHT I_RUN I_TURN_RIGHT I_RUN I_TURN_RIGHT I_RUN
walk around left after run around left thrice	I_TURN_LEFT I_RUN I_TURN_LEFT I_RUN I_TURN_LEFT I_RUN I_TURN_LEFT I_RUN I_TURN_LEFT I_RUN I_TURN_LEFT I_RUN I_TURN_LEFT I_RUN I_TURN_LEFT I_RUN I_TURN_LEFT I_RUN I_TURN_LEFT I_RUN I_TURN_LEFT I_RUN I_TURN_LEFT I_RUN I_TURN_LEFT I_WALK I_TURN_LEFT I_WALK I_TURN_LEFT I_WALK I_TURN_LEFT I_WALK
jump opposite right twice and run around left twice	I_TURN_RIGHT I_TURN_RIGHT I_JUMP I_TURN_RIGHT I_TURN_RIGHT I_JUMP I_TURN_LEFT I_RUN I_TURN_LEFT I_RUN I_TURN_LEFT I_RUN I_TURN_LEFT I_RUN I_TURN_LEFT I_RUN I_TURN_LEFT I_RUN I_TURN_LEFT I_RUN I_TURN_LEFT I_RUN
jump opposite right and walk left	I_TURN_RIGHT I_TURN_RIGHT I_JUMP I_TURN_LEFT I_WALK
run opposite left twice and turn around right twice	I_TURN_LEFT I_TURN_LEFT I_RUN I_TURN_LEFT I_TURN_LEFT I_RUN I_TURN_RIGHT I_TURN_RIGHT I_TURN_RIGHT I_TURN_RIGHT I_TURN_RIGHT I_TURN_RIGHT I_TURN_RIGHT I_TURN_RIGHT
turn around left and jump left twice	I_TURN_LEFT I_TURN_LEFT I_TURN_LEFT I_TURN_LEFT I_TURN_LEFT I_JUMP I_TURN_LEFT I_JUMP
look left thrice after jump right thrice	I_TURN_RIGHT I_JUMP I_TURN_RIGHT I_JUMP I_TURN_RIGHT I_JUMP I_TURN_LEFT I_LOOK I_TURN_LEFT I_LOOK I_TURN_LEFT I_LOOK
jump twice after run opposite left twice	I_TURN_LEFT I_TURN_LEFT I_RUN I_TURN_LEFT I_TURN_LEFT I_RUN I_JUMP I_JUMP
walk around right twice after run opposite right thrice	I_TURN_RIGHT I_TURN_RIGHT I_RUN I_TURN_RIGHT I_TURN_RIGHT I_RUN I_TURN_RIGHT I_TURN_RIGHT I_RUN I_TURN_RIGHT I_WALK I_TURN_RIGHT I_WALK I_TURN_RIGHT I_WALK I_TURN_RIGHT I_WALK I_TURN_RIGHT I_WALK I_TURN_RIGHT I_WALK I_TURN_RIGHT I_WALK I_TURN_RIGHT I_WALK
walk around left after jump left twice	I_TURN_LEFT I_JUMP I_TURN_LEFT I_JUMP I_TURN_LEFT I_WALK I_TURN_LEFT I_WALK I_TURN_LEFT I_WALK I_TURN_LEFT I_WALK
run after walk opposite right twice	I_TURN_RIGHT I_TURN_RIGHT I_WALK I_TURN_RIGHT I_TURN_RIGHT I_WALK I_RUN
turn around left after jump opposite left	I_TURN_LEFT I_TURN_LEFT I_JUMP I_TURN_LEFT I_TURN_LEFT I_TURN_LEFT I_TURN_LEFT
turn left twice and look around right thrice	I_TURN_LEFT I_TURN_LEFT I_TURN_RIGHT I_LOOK I_TURN_RIGHT I_LOOK I_TURN_RIGHT I_LOOK I_TURN_RIGHT I_LOOK I_TURN_RIGHT I_LOOK I_TURN_RIGHT I_LOOK I_TURN_RIGHT I_LOOK I_TURN_RIGHT I_LOOK I_TURN_RIGHT I_LOOK I_TURN_RIGHT I_LOOK I_TURN_RIGHT I_LOOK I_TURN_RIGHT I_LOOK
look around left and look left	I_TURN_LEFT I_LOOK I_TURN_LEFT I_LOOK I_TURN_LEFT I_LOOK I_TURN_LEFT I_LOOK I_TURN_LEFT I_LOOK
walk around right and walk twice	I_TURN_RIGHT I_WALK I_TURN_RIGHT I_WALK I_TURN_RIGHT I_WALK I_TURN_RIGHT I_WALK I_WALK I_WALK
walk opposite left twice after walk opposite left twice	I_TURN_LEFT I_TURN_LEFT I_WALK I_TURN_LEFT I_TURN_LEFT I_WALK I_TURN_LEFT I_TURN_LEFT I_WALK I_TURN_LEFT I_TURN_LEFT I_WALK
walk thrice after walk around right thrice	I_TURN_RIGHT I_WALK I_TURN_RIGHT I_WALK I_TURN_RIGHT I_WALK I_TURN_RIGHT I_WALK I_TURN_RIGHT I_WALK I_TURN_RIGHT I_WALK I_TURN_RIGHT I_WALK I_TURN_RIGHT I_WALK I_TURN_RIGHT I_WALK I_TURN_RIGHT I_WALK I_TURN_RIGHT I_WALK I_TURN_RIGHT I_WALK I_WALK I_WALK I_WALK
run opposite right thrice and jump opposite right twice	I_TURN_RIGHT I_TURN_RIGHT I_RUN I_TURN_RIGHT I_TURN_RIGHT I_RUN I_TURN_RIGHT I_TURN_RIGHT I_RUN I_TURN_RIGHT I_TURN_RIGHT I_JUMP I_TURN_RIGHT I_TURN_RIGHT I_JUMP
walk left after walk right	I_TURN_RIGHT I_WALK I_TURN_LEFT I_WALK
walk opposite right twice after walk opposite left twice	I_TURN_LEFT I_TURN_LEFT I_WALK I_TURN_LEFT I_TURN_LEFT I_WALK I_TURN_RIGHT I_TURN_RIGHT I_WALK I_TURN_RIGHT I_TURN_RIGHT I_WALK
run around right	I_TURN_RIGHT I_RUN I_TURN_RIGHT I_RUN I_TURN_RIGHT I_RUN I_TURN_RIGHT I_RUN
run around left thrice and run opposite right thrice	I_TURN_LEFT I_RUN I_TURN_LEFT I_RUN I_TURN_LEFT I_RUN I_TURN_LEFT I_RUN I_TURN_LEFT I_RUN I_TURN_LEFT I_RUN I_TURN_LEFT I_RUN I_TURN_LEFT I_RUN I_TURN_LEFT I_RUN I_TURN_LEFT I_RUN I_TURN_LEFT I_RUN I_TURN_LEFT I_RUN I_TURN_RIGHT I_TURN_RIGHT I_RUN I_TURN_RIGHT I_TURN_RIGHT I_RUN I_TURN_RIGHT I_TURN_RIGHT I_RUN
turn around right and run twice	I_TURN_RIGHT I_TURN_RIGHT I_TURN_RIGHT I_TURN_RIGHT I_RUN I_RUN
turn right and turn left thrice	I_TURN_RIGHT I_TURN_LEFT I_TURN_LEFT I_TURN_LEFT
run around left twice after run right thrice	I_TURN_RIGHT I_RUN I_TURN_RIGHT I_RUN I_TURN_RIGHT I_RUN I_TURN_LEFT I_RUN I_TURN_LEFT I_RUN I_TURN_LEFT I_RUN I_TURN_LEFT I_RUN I_TURN_LEFT I_RUN I_TURN_LEFT I_RUN I_TURN_LEFT I_RUN I_TURN_LEFT I_RUN
walk opposite right and run	I_TURN_RIGHT I_TURN_RIGHT I_WALK I_RUN
walk thrice after run right thrice	I_TURN_RIGHT I_RUN I_TURN_RIGHT I_RUN I_TURN_RIGHT I_RUN I_WALK I_WALK I_WALK
look right after walk opposite left thrice	I_TURN_LEFT I_TURN_LEFT I_WALK I_TURN_LEFT I_TURN_LEFT I_WALK I_TURN_LEFT I_TURN_LEFT I_WALK I_TURN_RIGHT I_LOOK
walk around left after turn opposite left thrice	I_TURN_LEFT I_TURN_LEFT I_TURN_LEFT I_TURN_LEFT I_TURN_LEFT I_TURN_LEFT I_TURN_LEFT I_WALK I_TURN_LEFT I_WALK I_TURN_LEFT I_WALK I_TURN_LEFT I_WALK
run right after turn opposite right	I_TURN_RIGHT I_TURN_RIGHT I_TURN_RIGHT I_RUN
walk opposite right thrice and walk around left twice	I_TURN_RIGHT I_TURN_RIGHT I_WALK I_TURN_RIGHT I_TURN_RIGHT I_WALK I_TURN_RIGHT I_TURN_RIGHT I_WALK I_TURN_LEFT I_WALK I_TURN_LEFT I_WALK I_TURN_LEFT I_WALK I_TURN_LEFT I_WALK I_TURN_LEFT I_WALK I_TURN_LEFT I_WALK I_TURN_LEFT I_WALK I_TURN_LEFT I_WALK
run left twice after walk left	I_TURN_LEFT I_WALK I_TURN_LEFT I_RUN I_TURN_LEFT I_RUN
walk twice after jump right twice	I_TURN_RIGHT I_JUMP I_TURN_RIGHT I_JUMP I_WALK I_WALK
look opposite right and run left thrice	I_TURN_RIGHT I_TURN_RIGHT I_LOOK I_TURN_LEFT I_RUN I_TURN_LEFT I_RUN I_TURN_LEFT I_RUN
turn opposite right thrice and walk opposite right	I_TURN_RIGHT I_TURN_RIGHT I_TURN_RIGHT I_TURN_RIGHT I_TURN_RIGHT I_TURN_RIGHT I_TURN_RIGHT I_TURN_RIGHT I_WALK
jump around right twice and walk left thrice	I_TURN_RIGHT I_JUMP I_TURN_RIGHT I_JUMP I_TURN_RIGHT I_JUMP I_TURN_RIGHT I_JUMP I_TURN_RIGHT I_JUMP I_TURN_RIGHT I_JUMP I_TURN_RIGHT I_JUMP I_TURN_RIGHT I_JUMP I_TURN_LEFT I_WALK I_TURN_LEFT I_WALK I_TURN_LEFT I_WALK
walk around left thrice and run right	I_TURN_LEFT I_WALK I_TURN_LEFT I_WALK I_TURN_LEFT I_WALK I_TURN_LEFT I_WALK I_TURN_LEFT I_WALK I_TURN_LEFT I_WALK I_TURN_LEFT I_WALK I_TURN_LEFT I_WALK I_TURN_LEFT I_WALK I_TURN_LEFT I_WALK I_TURN_LEFT I_WALK I_TURN_LEFT I_WALK I_TURN_RIGHT I_RUN
jump opposite right and walk right	I_TURN_RIGHT I_TURN_RIGHT I_JUMP I_TURN_RIGHT I_WALK
run around left thrice after turn around right twice	I_TURN_RIGHT I_TURN_RIGHT I_TURN_RIGHT I_TURN_RIGHT I_TURN_RIGHT I_TURN_RIGHT I_TURN_RIGHT I_TURN_RIGHT I_TURN_LEFT I_RUN I_TURN_LEFT I_RUN I_TURN_LEFT I_RUN I_TURN_LEFT I_RUN I_TURN_LEFT I_RUN I_TURN_LEFT I_RUN I_TURN_LEFT I_RUN I_TURN_LEFT I_RUN I_TURN_LEFT I_RUN I_TURN_LEFT I_RUN I_TURN_LEFT I_RUN I_TURN_LEFT I_RUN
run left twice after look left thrice	I_TURN_LEFT I_LOOK I_TURN_LEFT I_LOOK I_TURN_LEFT I_LOOK I_TURN_LEFT I_RUN I_TURN_LEFT I_RUN
jump left twice after run around left twice	I_TURN_LEFT I_RUN I_TURN_LEFT I_RUN I_TURN_LEFT I_RUN I_TURN_LEFT I_RUN I_TURN_LEFT I_RUN I_TURN_LEFT I_RUN I_TURN_LEFT I_RUN I_TURN_LEFT I_RUN I_TURN_LEFT I_JUMP I_TURN_LEFT I_JUMP
run around left twice and run around left thrice	I_TURN_LEFT I_RUN I_TURN_LEFT I_RUN I_TURN_LEFT I_RUN I_TURN_LEFT I_RUN I_TURN_LEFT I_RUN I_TURN_LEFT I_RUN I_TURN_LEFT I_RUN I_TURN_LEFT I_RUN I_TURN_LEFT I_RUN I_TURN_LEFT I_RUN I_TURN_LEFT I_RUN I_TURN_LEFT I_RUN I_TURN_LEFT I_RUN I_TURN_LEFT I_RUN I_TURN_LEFT I_RUN I_TURN_LEFT I_RUN I_TURN_LEFT I_RUN I_TURN_LEFT I_RUN I_TURN_LEFT I_RUN I_TURN_LEFT I_RUN
run right twice after look left	I_TURN_LEFT I_LOOK I_TURN_RIGHT I_RUN I_TURN_RIGHT I_RUN
walk around left twice after run left twice	I_TURN_LEFT I_RUN I_TURN_LEFT I_RUN I_TURN_LEFT I_WALK I_TURN_LEFT I_WALK I_TURN_LEFT I_WALK I_TURN_LEFT I_WALK I_TURN_LEFT I_WALK I_TURN_LEFT I_WALK I_TURN_LEFT I_WALK I_TURN_LEFT I_WALK
run twice and run right	I_RUN I_RUN I_TURN_RIGHT I_RUN
turn around right twice and turn opposite left thrice	I_TURN_RIGHT I_TURN_RIGHT I_TURN_RIGHT I_TURN_RIGHT I_TURN_RIGHT I_TURN_RIGHT I_TURN_RIGHT I_TURN_RIGHT I_TURN_LEFT I_TURN_LEFT I_TURN_LEFT I_TURN_LEFT I_TURN_LEFT I_TURN_LEFT
walk around right thrice and walk right thrice	I_TURN_RIGHT I_WALK I_TURN_RIGHT I_WALK I_TURN_RIGHT I_WALK I_TURN_RIGHT I_WALK I_TURN_RIGHT I_WALK I_TURN_RIGHT I_WALK I_TURN_RIGHT I_WALK I_TURN_RIGHT I_WALK I_TURN_RIGHT I_WALK I_TURN_RIGHT I_WALK I_TURN_RIGHT I_WALK I_TURN_RIGHT I_WALK I_TURN_RIGHT I_WALK I_TURN_RIGHT I_WALK I_TURN_RIGHT I_WALK
look right twice and run around right twice	I_TURN_RIGHT I_LOOK I_TURN_RIGHT I_LOOK I_TURN_RIGHT I_RUN I_TURN_RIGHT I_RUN I_TURN_RIGHT I_RUN I_TURN_RIGHT I_RUN I_TURN_RIGHT I_RUN I_TURN_RIGHT I_RUN I_TURN_RIGHT I_RUN I_TURN_RIGHT I_RUN
turn around left twice after walk	I_WALK I_TURN_LEFT I_TURN_LEFT I_TURN_LEFT I_TURN_LEFT I_TURN_LEFT I_TURN_LEFT I_TURN_LEFT I_TURN_LEFT
look right after jump right thrice	I_TURN_RIGHT I_JUMP I_TURN_RIGHT I_JUMP I_TURN_RIGHT I_JUMP I_TURN_RIGHT I_LOOK
look right twice and jump right	I_TURN_RIGHT I_LOOK I_TURN_RIGHT I_LOOK I_TURN_RIGHT I_JUMP
run around left thrice and run opposite right	I_TURN_LEFT I_RUN I_TURN_LEFT I_RUN I_TURN_LEFT I_RUN I_TURN_LEFT I_RUN I_TURN_LEFT I_RUN I_TURN_LEFT I_RUN I_TURN_LEFT I_RUN I_TURN_LEFT I_RUN I_TURN_LEFT I_RUN I_TURN_LEFT I_RUN I_TURN_LEFT I_RUN I_TURN_LEFT I_RUN I_TURN_RIGHT I_TURN_RIGHT I_RUN
jump left and walk around right	I_TURN_LEFT I_JUMP I_TURN_RIGHT I_WALK I_TURN_RIGHT I_WALK I_TURN_RIGHT I_WALK I_TURN_RIGHT I_WALK
turn opposite left and walk left twice	I_TURN_LEFT I_TURN_LEFT I_TURN_LEFT I_WALK I_TURN_LEFT I_WALK
walk opposite left thrice and jump twice	I_TURN_LEFT I_TURN_LEFT I_WALK I_TURN_LEFT I_TURN_LEFT I_WALK I_TURN_LEFT I_TURN_LEFT I_WALK I_JUMP I_JUMP
jump left thrice after run around right thrice	I_TURN_RIGHT I_RUN I_TURN_RIGHT I_RUN I_TURN_RIGHT I_RUN I_TURN_RIGHT I_RUN I_TURN_RIGHT I_RUN I_TURN_RIGHT I_RUN I_TURN_RIGHT I_RUN I_TURN_RIGHT I_RUN I_TURN_RIGHT I_RUN I_TURN_RIGHT I_RUN I_TURN_RIGHT I_RUN I_TURN_RIGHT I_RUN I_TURN_LEFT I_JUMP I_TURN_LEFT I_JUMP I_TURN_LEFT I_JUMP
run right thrice and walk opposite left	I_TURN_RIGHT I_RUN I_TURN_RIGHT I_RUN I_TURN_RIGHT I_RUN I_TURN_LEFT I_TURN_LEFT I_WALK
walk opposite left after run around right twice	I_TURN_RIGHT I_RUN I_TURN_RIGHT I_RUN I_TURN_RIGHT I_RUN I_TURN_RIGHT I_RUN I_TURN_RIGHT I_RUN I_TURN_RIGHT I_RUN I_TURN_RIGHT I_RUN I_TURN_RIGHT I_RUN I_TURN_LEFT I_TURN_LEFT I_WALK
jump left thrice and walk	I_TURN_LEFT I_JUMP I_TURN_LEFT I_JUMP I_TURN_LEFT I_JUMP I_WALK
walk around left twice and turn left	I_TURN_LEFT I_WALK I_TURN_LEFT I_WALK I_TURN_LEFT I_WALK I_TURN_LEFT I_WALK I_TURN_LEFT I_WALK I_TURN_LEFT I_WALK I_TURN_LEFT I_WALK I_TURN_LEFT I_WALK I_TURN_LEFT
look left after run around right twice	I_TURN_RIGHT I_RUN I_TURN_RIGHT I_RUN I_TURN_RIGHT I_RUN I_TURN_RIGHT I_RUN I_TURN_RIGHT I_RUN I_TURN_RIGHT I_RUN I_TURN_RIGHT I_RUN I_TURN_RIGHT I_RUN I_TURN_LEFT I_LOOK
walk around left twice after walk around left twice	I_TURN_LEFT I_WALK I_TURN_LEFT I_WALK I_TURN_LEFT I_WALK I_TURN_LEFT I_WALK I_TURN_LEFT I_WALK I_TURN_LEFT I_WALK I_TURN_LEFT I_WALK I_TURN_LEFT I_WALK I_TURN_LEFT I_WALK I_TURN_LEFT I_WALK I_TURN_LEFT I_WALK I_TURN_LEFT I_WALK I_TURN_LEFT I_WALK I_TURN_LEFT I_WALK I_TURN_LEFT I_WALK I_TURN_LEFT I_WALK
jump opposite right twice and walk opposite left thrice	I_TURN_RIGHT I_TURN_RIGHT I_JUMP I_TURN_RIGHT I_TURN_RIGHT I_JUMP I_TURN_LEFT I_TURN_LEFT I_WALK I_TURN_LEFT I_TURN_LEFT I_WALK I_TURN_LEFT I_TURN_LEFT I_WALK
walk around left twice after look around right twice	I_TURN_RIGHT I_LOOK I_TURN_RIGHT I_LOOK I_TURN_RIGHT I_LOOK I_TURN_RIGHT I_LOOK I_TURN_RIGHT I_LOOK I_TURN_RIGHT I_LOOK I_TURN_RIGHT I_LOOK I_TURN_RIGHT I_LOOK I_TURN_LEFT I_WALK I_TURN_LEFT I_WALK I_TURN_LEFT I_WALK I_TURN_LEFT I_WALK I_TURN_LEFT I_WALK I_TURN_LEFT I_WALK I_TURN_LEFT I_WALK I_TURN_LEFT I_WALK
turn left thrice and turn left twice	I_TURN_LEFT I_TURN_LEFT I_TURN_LEFT I_TURN_LEFT I_TURN_LEFT
walk around left thrice and walk left twice	I_TURN_LEFT I_WALK I_TURN_LEFT I_WALK I_TURN_LEFT I_WALK I_TURN_LEFT I_WALK I_TURN_LEFT I_WALK I_TURN_LEFT I_WALK I_TURN_LEFT I_WALK I_TURN_LEFT I_WALK I_TURN_LEFT I_WALK I_TURN_LEFT I_WALK I_TURN_LEFT I_WALK I_TURN_LEFT I_WALK I_TURN_LEFT I_WALK I_TURN_LEFT I_WALK
turn around left twice and run opposite left twice	I_TURN_LEFT I_TURN_LEFT I_TURN_LEFT I_TURN_LEFT I_TURN_LEFT I_TURN_LEFT I_TURN_LEFT I_TURN_LEFT I_TURN_LEFT I_TURN_LEFT I_RUN I_TURN_LEFT I_TURN_LEFT I_RUN
turn opposite right twice after look opposite right thrice	I_TURN_RIGHT I_TURN_RIGHT I_LOOK I_TURN_RIGHT I_TURN_RIGHT I_LOOK I_TURN_RIGHT I_TURN_RIGHT I_LOOK I_TURN_RIGHT I_TURN_RIGHT I_TURN_RIGHT I_TURN_RIGHT
walk twice and walk around left	I_WALK I_WALK I_TURN_LEFT I_WALK I_TURN_LEFT I_WALK I_TURN_LEFT I_WALK I_TURN_LEFT I_WALK
turn left after look opposite right	I_TURN_RIGHT I_TURN_RIGHT I_LOOK I_TURN_LEFT
walk twice and run right	I_WALK I_WALK I_TURN_RIGHT I_RUN
walk opposite right thrice after jump twice	I_JUMP I_JUMP I_TURN_RIGHT I_TURN_RIGHT I_WALK I_TURN_RIGHT I_TURN_RIGHT I_WALK I_TURN_RIGHT I_TURN_RIGHT I_WALK
run around left twice after walk opposite right	I_TURN_RIGHT I_TURN_RIGHT I_WALK I_TURN_LEFT I_RUN I_TURN_LEFT I_RUN I_TURN_LEFT I_RUN I_TURN_LEFT I_RUN I_TURN_LEFT I_RUN I_TURN_LEFT I_RUN I_TURN_LEFT I_RUN I_TURN_LEFT I_RUN
run left and walk right thrice	I_TURN_LEFT I_RUN I_TURN_RIGHT I_WALK I_TURN_RIGHT I_WALK I_TURN_RIGHT I_WALK
jump right after run around left	I_TURN_LEFT I_RUN I_TURN_LEFT I_RUN I_TURN_LEFT I_RUN I_TURN_LEFT I_RUN I_TURN_RIGHT I_JUMP
walk twice and look left thrice	I_WALK I_WALK I_TURN_LEFT I_LOOK I_TURN_LEFT I_LOOK I_TURN_LEFT I_LOOK
look around left after look opposite right thrice	I_TURN_RIGHT I_TURN_RIGHT I_LOOK I_TURN_RIGHT I_TURN_RIGHT I_LOOK I_TURN_RIGHT I_TURN_RIGHT I_LOOK I_TURN_LEFT I_LOOK I_TURN_LEFT I_LOOK I_TURN_LEFT I_LOOK I_TURN_LEFT I_LOOK
walk right thrice and run right	I_TURN_RIGHT I_WALK I_TURN_RIGHT I_WALK I_TURN_RIGHT I_WALK I_TURN_RIGHT I_RUN
jump opposite left and turn around right	I_TURN_LEFT I_TURN_LEFT I_JUMP I_TURN_RIGHT I_TURN_RIGHT I_TURN_RIGHT I_TURN_RIGHT
jump thrice after jump thrice	I_JUMP I_JUMP I_JUMP I_JUMP I_JUMP I_JUMP
look left thrice and walk twice	I_TURN_LEFT I_LOOK I_TURN_LEFT I_LOOK I_TURN_LEFT I_LOOK I_WALK I_WALK
jump left	I_TURN_LEFT I_JUMP
turn opposite left after run around left twice	I_TURN_LEFT I_RUN I_TURN_LEFT I_RUN I_TURN_LEFT I_RUN I_TURN_LEFT I_RUN I_TURN_LEFT I_RUN I_TURN_LEFT I_RUN I_TURN_LEFT I_RUN I_TURN_LEFT I_RUN I_TURN_LEFT I_TURN_LEFT
turn opposite right twice and run left twice	I_TURN_RIGHT I_TURN_RIGHT I_TURN_RIGHT I_TURN_RIGHT I_TURN_LEFT I_RUN I_TURN_LEFT I_RUN
look around right after look opposite left	I_TURN_LEFT I_TURN_LEFT I_LOOK I_TURN_RIGHT I_LOOK I_TURN_RIGHT I_LOOK I_TURN_RIGHT I_LOOK I_TURN_RIGHT I_LOOK
turn opposite right twice after run opposite left twice	I_TURN_LEFT I_TURN_LEFT I_RUN I_TURN_LEFT I_TURN_LEFT I_RUN I_TURN_RIGHT I_TURN_RIGHT I_TURN_RIGHT I_TURN_RIGHT
walk around right after turn around left thrice	I_TURN_LEFT I_TURN_LEFT I_TURN_LEFT I_TURN_LEFT I_TURN_LEFT I_TURN_LEFT I_TURN_LEFT I_TURN_LEFT I_TURN_LEFT I_TURN_LEFT I_TURN_LEFT I_TURN_LEFT I_TURN_RIGHT I_WALK I_TURN_RIGHT I_WALK I_TURN_RIGHT I_WALK I_TURN_RIGHT I_WALK
look around right thrice after jump left twice	I_TURN_LEFT I_JUMP I_TURN_LEFT I_JUMP I_TURN_RIGHT I_LOOK I_TURN_RIGHT I_LOOK I_TURN_RIGHT I_LOOK I_TURN_RIGHT I_LOOK I_TURN_RIGHT I_LOOK I_TURN_RIGHT I_LOOK I_TURN_RIGHT I_LOOK I_TURN_RIGHT I_LOOK I_TURN_RIGHT I_LOOK I_TURN_RIGHT I_LOOK I_TURN_RIGHT I_LOOK I_TURN_RIGHT I_LOOK
walk opposite right after turn opposite right	I_TURN_RIGHT I_TURN_RIGHT I_TURN_RIGHT I_TURN_RIGHT I_WALK
jump opposite right and turn left twice	I_TURN_RIGHT I_TURN_RIGHT I_JUMP I_TURN_LEFT I_TURN_LEFT
jump around right after look left	I_TURN_LEFT I_LOOK I_TURN_RIGHT I_JUMP I_TURN_RIGHT I_JUMP I_TURN_RIGHT I_JUMP I_TURN_RIGHT I_JUMP
jump around right thrice and jump right twice	I_TURN_RIGHT I_JUMP I_TURN_RIGHT I_JUMP I_TURN_RIGHT I_JUMP I_TURN_RIGHT I_JUMP I_TURN_RIGHT I_JUMP I_TURN_RIGHT I_JUMP I_TURN_RIGHT I_JUMP I_TURN_RIGHT I_JUMP I_TURN_RIGHT I_JUMP I_TURN_RIGHT I_JUMP I_TURN_RIGHT I_JUMP I_TURN_RIGHT I_JUMP I_TURN_RIGHT I_JUMP I_TURN_RIGHT I_JUMP
jump around left thrice after turn around right thrice	I_TURN_RIGHT I_TURN_RIGHT I_TURN_RIGHT I_TURN_RIGHT I_TURN_RIGHT I_TURN_RIGHT I_TURN_RIGHT I_TURN_RIGHT I_TURN_RIGHT I_TURN_RIGHT I_TURN_RIGHT I_TURN_RIGHT I_TURN_LEFT I_JUMP I_TURN_LEFT I_JUMP I_TURN_LEFT I_JUMP I_TURN_LEFT I_JUMP I_TURN_LEFT I_JUMP I_TURN_LEFT I_JUMP I_TURN_LEFT I_JUMP I_TURN_LEFT I_JUMP I_TURN_LEFT I_JUMP I_TURN_LEFT I_JUMP I_TURN_LEFT I_JUMP I_TURN_LEFT I_JUMP
walk around right thrice and look around right thrice	I_TURN_RIGHT I_WALK I_TURN_RIGHT I_WALK I_TURN_RIGHT I_WALK I_TURN_RIGHT I_WALK I_TURN_RIGHT I_WALK I_TURN_RIGHT I_WALK I_TURN_RIGHT I_WALK I_TURN_RIGHT I_WALK I_TURN_RIGHT I_WALK I_TURN_RIGHT I_WALK I_TURN_RIGHT I_WALK I_TURN_RIGHT I_WALK I_TURN_RIGHT I_LOOK I_TURN_RIGHT I_LOOK I_TURN_RIGHT I_LOOK I_TURN_RIGHT I_LOOK I_TURN_RIGHT I_LOOK I_TURN_RIGHT I_LOOK I_TURN_RIGHT I_LOOK I_TURN_RIGHT I_LOOK I_TURN_RIGHT I_LOOK I_TURN_RIGHT I_LOOK I_TURN_RIGHT I_LOOK I_TURN_RIGHT I_LOOK
walk twice after jump opposite left twice	I_TURN_LEFT I_TURN_LEFT I_JUMP I_TURN_LEFT I_TURN_LEFT I_JUMP I_WALK I_WALK
run opposite left after walk opposite left	I_TURN_LEFT I_TURN_LEFT I_WALK I_TURN_LEFT I_TURN_LEFT I_RUN
run around left thrice and look right twice	I_TURN_LEFT I_RUN I_TURN_LEFT I_RUN I_TURN_LEFT I_RUN I_TURN_LEFT I_RUN I_TURN_LEFT I_RUN I_TURN_LEFT I_RUN I_TURN_LEFT I_RUN I_TURN_LEFT I_RUN I_TURN_LEFT I_RUN I_TURN_LEFT I_RUN I_TURN_LEFT I_RUN I_TURN_LEFT I_RUN I_TURN_RIGHT I_LOOK I_TURN_RIGHT I_LOOK
walk opposite left twice after turn around right	I_TURN_RIGHT I_TURN_RIGHT I_TURN_RIGHT I_TURN_RIGHT I_TURN_LEFT I_TURN_LEFT I_WALK I_TURN_LEFT I_TURN_LEFT I_WALK
run around left twice and walk opposite right	I_TURN_LEFT I_RUN I_TURN_LEFT I_RUN I_TURN_LEFT I_RUN I_TURN_LEFT I_RUN I_TURN_LEFT I_RUN I_TURN_LEFT I_RUN I_TURN_LEFT I_RUN I_TURN_LEFT I_RUN I_TURN_RIGHT I_TURN_RIGHT I_WALK
turn around left twice after jump opposite left	I_TURN_LEFT I_TURN_LEFT I_JUMP I_TURN_LEFT I_TURN_LEFT I_TURN_LEFT I_TURN_LEFT I_TURN_LEFT I_TURN_LEFT I_TURN_LEFT I_TURN_LEFT
turn opposite right and run around left thrice	I_TURN_RIGHT I_TURN_RIGHT I_TURN_LEFT I_RUN I_TURN_LEFT I_RUN I_TURN_LEFT I_RUN I_TURN_LEFT I_RUN I_TURN_LEFT I_RUN I_TURN_LEFT I_RUN I_TURN_LEFT I_RUN I_TURN_LEFT I_RUN I_TURN_LEFT I_RUN I_TURN_LEFT I_RUN I_TURN_LEFT I_RUN I_TURN_LEFT I_RUN
look twice after walk left twice	I_TURN_LEFT I_WALK I_TURN_LEFT I_WALK I_LOOK I_LOOK
look opposite right after look around right	I_TURN_RIGHT I_LOOK I_TURN_RIGHT I_LOOK I_TURN_RIGHT I_LOOK I_TURN_RIGHT I_LOOK I_TURN_RIGHT I_TURN_RIGHT I_LOOK
look thrice after look opposite right	I_TURN_RIGHT I_TURN_RIGHT I_LOOK I_LOOK I_LOOK I_LOOK
turn right and turn opposite left twice	I_TURN_RIGHT I_TURN_LEFT I_TURN_LEFT I_TURN_LEFT I_TURN_LEFT
look opposite right and jump left	I_TURN_RIGHT I_TURN_RIGHT I_LOOK I_TURN_LEFT I_JUMP
look right twice and look opposite right	I_TURN_RIGHT I_LOOK I_TURN_RIGHT I_LOOK I_TURN_RIGHT I_TURN_RIGHT I_LOOK
walk opposite left thrice after jump around right thrice	I_TURN_RIGHT I_JUMP I_TURN_RIGHT I_JUMP I_TURN_RIGHT I_JUMP I_TURN_RIGHT I_JUMP I_TURN_RIGHT I_JUMP I_TURN_RIGHT I_JUMP I_TURN_RIGHT I_JUMP I_TURN_RIGHT I_JUMP I_TURN_RIGHT I_JUMP I_TURN_RIGHT I_JUMP I_TURN_RIGHT I_JUMP I_TURN_RIGHT I_JUMP I_TURN_LEFT I_TURN_LEFT I_WALK I_TURN_LEFT I_TURN_LEFT I_WALK I_TURN_LEFT I_TURN_LEFT I_WALK
jump opposite left thrice and jump around right	I_TURN_LEFT I_TURN_LEFT I_JUMP I_TURN_LEFT I_TURN_LEFT I_JUMP I_TURN_LEFT I_TURN_LEFT I_JUMP I_TURN_RIGHT I_JUMP I_TURN_RIGHT I_JUMP I_TURN_RIGHT I_JUMP I_TURN_RIGHT I_JUMP
run twice after look thrice	I_LOOK I_LOOK I_LOOK I_RUN I_RUN
look opposite left thrice and walk opposite left	I_TURN_LEFT I_TURN_LEFT I_LOOK I_TURN_LEFT I_TURN_LEFT I_LOOK I_TURN_LEFT I_TURN_LEFT I_LOOK I_TURN_LEFT I_TURN_LEFT I_WALK
jump around right thrice and walk thrice	I_TURN_RIGHT I_JUMP I_TURN_RIGHT I_JUMP I_TURN_RIGHT I_JUMP I_TURN_RIGHT I_JUMP I_TURN_RIGHT I_JUMP I_TURN_RIGHT I_JUMP I_TURN_RIGHT I_JUMP I_TURN_RIGHT I_JUMP I_TURN_RIGHT I_JUMP I_TURN_RIGHT I_JUMP I_TURN_RIGHT I_JUMP I_TURN_RIGHT I_JUMP I_WALK I_WALK I_WALK
walk around left twice after jump left thrice	I_TURN_LEFT I_JUMP I_TURN_LEFT I_JUMP I_TURN_LEFT I_JUMP I_TURN_LEFT I_WALK I_TURN_LEFT I_WALK I_TURN_LEFT I_WALK I_TURN_LEFT I_WALK I_TURN_LEFT I_WALK I_TURN_LEFT I_WALK I_TURN_LEFT I_WALK I_TURN_LEFT I_WALK
look left thrice and jump opposite right thrice	I_TURN_LEFT I_LOOK I_TURN_LEFT I_LOOK I_TURN_LEFT I_LOOK I_TURN_RIGHT I_TURN_RIGHT I_JUMP I_TURN_RIGHT I_TURN_RIGHT I_JUMP I_TURN_RIGHT I_TURN_RIGHT I_JUMP
run around right thrice and look left	I_TURN_RIGHT I_RUN I_TURN_RIGHT I_RUN I_TURN_RIGHT I_RUN I_TURN_RIGHT I_RUN I_TURN_RIGHT I_RUN I_TURN_RIGHT I_RUN I_TURN_RIGHT I_RUN I_TURN_RIGHT I_RUN I_TURN_RIGHT I_RUN I_TURN_RIGHT I_RUN I_TURN_RIGHT I_RUN I_TURN_RIGHT I_RUN I_TURN_LEFT I_LOOK
jump opposite left thrice after run right thrice	I_TURN_RIGHT I_RUN I_TURN_RIGHT I_RUN I_TURN_RIGHT I_RUN I_TURN_LEFT I_TURN_LEFT I_JUMP I_TURN_LEFT I_TURN_LEFT I_JUMP I_TURN_LEFT I_TURN_LEFT I_JUMP
look opposite left thrice and walk opposite left twice	I_TURN_LEFT I_TURN_LEFT I_LOOK I_TURN_LEFT I_TURN_LEFT I_LOOK I_TURN_LEFT I_TURN_LEFT I_LOOK I_TURN_LEFT I_TURN_LEFT I_WALK I_TURN_LEFT I_TURN_LEFT I_WALK
run around left twice and look right twice	I_TURN_LEFT I_RUN I_TURN_LEFT I_RUN I_TURN_LEFT I_RUN I_TURN_LEFT I_RUN I_TURN_LEFT I_RUN I_TURN_LEFT I_RUN I_TURN_LEFT I_RUN I_TURN_LEFT I_RUN I_TURN_RIGHT I_LOOK I_TURN_RIGHT I_LOOK
look thrice and walk around right twice	I_LOOK I_LOOK I_LOOK I_TURN_RIGHT I_WALK I_TURN_RIGHT I_WALK I_TURN_RIGHT I_WALK I_TURN_RIGHT I_WALK I_TURN_RIGHT I_WALK I_TURN_RIGHT I_WALK I_TURN_RIGHT I_WALK I_TURN_RIGHT I_WALK
jump opposite left twice and run opposite left twice	I_TURN_LEFT I_TURN_LEFT I_JUMP I_TURN_LEFT I_TURN_LEFT I_JUMP I_TURN_LEFT I_TURN_LEFT I_RUN I_TURN_LEFT I_TURN_LEFT I_RUN
run left thrice and walk right	I_TURN_LEFT I_RUN I_TURN_LEFT I_RUN I_TURN_LEFT I_RUN I_TURN_RIGHT I_WALK
jump opposite right thrice after jump around left thrice	I_TURN_LEFT I_JUMP I_TURN_LEFT I_JUMP I_TURN_LEFT I_JUMP I_TURN_LEFT I_JUMP I_TURN_LEFT I_JUMP I_TURN_LEFT I_JUMP I_TURN_LEFT I_JUMP I_TURN_LEFT I_JUMP I_TURN_LEFT I_JUMP I_TURN_LEFT I_JUMP I_TURN_LEFT I_JUMP I_TURN_LEFT I_JUMP I_TURN_RIGHT I_TURN_RIGHT I_JUMP I_TURN_RIGHT I_TURN_RIGHT I_JUMP I_TURN_RIGHT I_TURN_RIGHT I_JUMP
run around left twice and look left	I_TURN_LEFT I_RUN I_TURN_LEFT I_RUN I_TURN_LEFT I_RUN I_TURN_LEFT I_RUN I_TURN_LEFT I_RUN I_TURN_LEFT I_RUN I_TURN_LEFT I_RUN I_TURN_LEFT I_RUN I_TURN_LEFT I_LOOK
run opposite left thrice after walk around right thrice	I_TURN_RIGHT I_WALK I_TURN_RIGHT I_WALK I_TURN_RIGHT I_WALK I_TURN_RIGHT I_WALK I_TURN_RIGHT I_WALK I_TURN_RIGHT I_WALK I_TURN_RIGHT I_WALK I_TURN_RIGHT I_WALK I_TURN_RIGHT I_WALK I_TURN_RIGHT I_WALK I_TURN_RIGHT I_WALK I_TURN_RIGHT I_WALK I_TURN_LEFT I_TURN_LEFT I_RUN I_TURN_LEFT I_TURN_LEFT I_RUN I_TURN_LEFT I_TURN_LEFT I_RUN
jump around left and turn opposite left	I_TURN_LEFT I_JUMP I_TURN_LEFT I_JUMP I_TURN_LEFT I_JUMP I_TURN_LEFT I_JUMP I_TURN_LEFT I_TURN_LEFT
jump around left thrice after jump around right	I_TURN_RIGHT I_JUMP I_TURN_RIGHT I_JUMP I_TURN_RIGHT I_JUMP I_TURN_RIGHT I_JUMP I_TURN_LEFT I_JUMP I_TURN_LEFT I_JUMP I_TURN_LEFT I_JUMP I_TURN_LEFT I_JUMP I_TURN_LEFT I_JUMP I_TURN_LEFT I_JUMP I_TURN_LEFT I_JUMP I_TURN_LEFT I_JUMP I_TURN_LEFT I_JUMP I_TURN_LEFT I_JUMP I_TURN_LEFT I_JUMP I_TURN_LEFT I_JUMP
run around right and turn around left twice	I_TURN_RIGHT I_RUN I_TURN_RIGHT I_RUN I_TURN_RIGHT I_RUN I_TURN_RIGHT I_RUN I_TURN_LEFT I_TURN_LEFT I_TURN_LEFT I_TURN_LEFT I_TURN_LEFT I_TURN_LEFT I_TURN_LEFT I_TURN_LEFT
run around right twice and look opposite right twice	I_TURN_RIGHT I_RUN I_TURN_RIGHT I_RUN I_TURN_RIGHT I_RUN I_TURN_RIGHT I_RUN I_TURN_RIGHT I_RUN I_TURN_RIGHT I_RUN I_TURN_RIGHT I_RUN I_TURN_RIGHT I_RUN I_TURN_RIGHT I_TURN_RIGHT I_LOOK I_TURN_RIGHT I_TURN_RIGHT I_LOOK
walk left thrice after run around right	I_TURN_RIGHT I_RUN I_TURN_RIGHT I_RUN I_TURN_RIGHT I_RUN I_TURN_RIGHT I_RUN I_TURN_LEFT I_WALK I_TURN_LEFT I_WALK I_TURN_LEFT I_WALK
walk opposite right thrice and jump around left twice	I_TURN_RIGHT I_TURN_RIGHT I_WALK I_TURN_RIGHT I_TURN_RIGHT I_WALK I_TURN_RIGHT I_TURN_RIGHT I_WALK I_TURN_LEFT I_JUMP I_TURN_LEFT I_JUMP I_TURN_LEFT I_JUMP I_TURN_LEFT I_JUMP I_TURN_LEFT I_JUMP I_TURN_LEFT I_JUMP I_TURN_LEFT I_JUMP I_TURN_LEFT I_JUMP
look opposite left thrice after walk left twice	I_TURN_LEFT I_WALK I_TURN_LEFT I_WALK I_TURN_LEFT I_TURN_LEFT I_LOOK I_TURN_LEFT I_TURN_LEFT I_LOOK I_TURN_LEFT I_TURN_LEFT I_LOOK
jump opposite left after jump around right thrice	I_TURN_RIGHT I_JUMP I_TURN_RIGHT I_JUMP I_TURN_RIGHT I_JUMP I_TURN_RIGHT I_JUMP I_TURN_RIGHT I_JUMP I_TURN_RIGHT I_JUMP I_TURN_RIGHT I_JUMP I_TURN_RIGHT I_JUMP I_TURN_RIGHT I_JUMP I_TURN_RIGHT I_JUMP I_TURN_RIGHT I_JUMP I_TURN_RIGHT I_JUMP I_TURN_LEFT I_TURN_LEFT I_JUMP
turn opposite left thrice and turn opposite left	I_TURN_LEFT I_TURN_LEFT I_TURN_LEFT I_TURN_LEFT I_TURN_LEFT I_TURN_LEFT I_TURN_LEFT I_TURN_LEFT
walk around left and jump opposite right twice	I_TURN_LEFT I_WALK I_TURN_LEFT I_WALK I_TURN_LEFT I_WALK I_TURN_LEFT I_WALK I_TURN_RIGHT I_TURN_RIGHT I_JUMP I_TURN_RIGHT I_TURN_RIGHT I_JUMP
turn around right after run left	I_TURN_LEFT I_RUN I_TURN_RIGHT I_TURN_RIGHT I_TURN_RIGHT I_TURN_RIGHT
look opposite right and turn right	I_TURN_RIGHT I_TURN_RIGHT I_LOOK I_TURN_RIGHT
walk around right thrice after turn around left	I_TURN_LEFT I_TURN_LEFT I_TURN_LEFT I_TURN_LEFT I_TURN_RIGHT I_WALK I_TURN_RIGHT I_WALK I_TURN_RIGHT I_WALK I_TURN_RIGHT I_WALK I_TURN_RIGHT I_WALK I_TURN_RIGHT I_WALK I_TURN_RIGHT I_WALK I_TURN_RIGHT I_WALK I_TURN_RIGHT I_WALK I_TURN_RIGHT I_WALK I_TURN_RIGHT I_WALK I_TURN_RIGHT I_WALK
turn left thrice and turn opposite right	I_TURN_LEFT I_TURN_LEFT I_TURN_LEFT I_TURN_RIGHT I_TURN_RIGHT
walk opposite right thrice after turn right thrice	I_TURN_RIGHT I_TURN_RIGHT I_TURN_RIGHT I_TURN_RIGHT I_TURN_RIGHT I_WALK I_TURN_RIGHT I_TURN_RIGHT I_WALK I_TURN_RIGHT I_TURN_RIGHT I_WALK
look right and turn opposite right	I_TURN_RIGHT I_LOOK I_TURN_RIGHT I_TURN_RIGHT
turn right twice after look around right twice	I_TURN_RIGHT I_LOOK I_TURN_RIGHT I_LOOK I_TURN_RIGHT I_LOOK I_TURN_RIGHT I_LOOK I_TURN_RIGHT I_LOOK I_TURN_RIGHT I_LOOK I_TURN_RIGHT I_LOOK I_TURN_RIGHT I_LOOK I_TURN_RIGHT I_TURN_RIGHT
jump right after turn left thrice	I_TURN_LEFT I_TURN_LEFT I_TURN_LEFT I_TURN_RIGHT I_JUMP
walk left thrice and walk around left	I_TURN_LEFT I_WALK I_TURN_LEFT I_WALK I_TURN_LEFT I_WALK I_TURN_LEFT I_WALK I_TURN_LEFT I_WALK I_TURN_LEFT I_WALK I_TURN_LEFT I_WALK
run around right and jump twice	I_TURN_RIGHT I_RUN I_TURN_RIGHT I_RUN I_TURN_RIGHT I_RUN I_TURN_RIGHT I_RUN I_JUMP I_JUMP
look right thrice after turn around right thrice	I_TURN_RIGHT I_TURN_RIGHT I_TURN_RIGHT I_TURN_RIGHT I_TURN_RIGHT I_TURN_RIGHT I_TURN_RIGHT I_TURN_RIGHT I_TURN_RIGHT I_TURN_RIGHT I_TURN_RIGHT I_TURN_RIGHT I_TURN_RIGHT I_LOOK I_TURN_RIGHT I_LOOK I_TURN_RIGHT I_LOOK
run opposite left thrice and jump opposite left twice	I_TURN_LEFT I_TURN_LEFT I_RUN I_TURN_LEFT I_TURN_LEFT I_RUN I_TURN_LEFT I_TURN_LEFT I_RUN I_TURN_LEFT I_TURN_LEFT I_JUMP I_TURN_LEFT I_TURN_LEFT I_JUMP
jump opposite left after run around left	I_TURN_LEFT I_RUN I_TURN_LEFT I_RUN I_TURN_LEFT I_RUN I_TURN_LEFT I_RUN I_TURN_LEFT I_TURN_LEFT I_JUMP
run opposite left thrice after jump left	I_TURN_LEFT I_JUMP I_TURN_LEFT I_TURN_LEFT I_RUN I_TURN_LEFT I_TURN_LEFT I_RUN I_TURN_LEFT I_TURN_LEFT I_RUN
run around right after look around right twice	I_TURN_RIGHT I_LOOK I_TURN_RIGHT I_LOOK I_TURN_RIGHT I_LOOK I_TURN_RIGHT I_LOOK I_TURN_RIGHT I_LOOK I_TURN_RIGHT I_LOOK I_TURN_RIGHT I_LOOK I_TURN_RIGHT I_LOOK I_TURN_RIGHT I_RUN I_TURN_RIGHT I_RUN I_TURN_RIGHT I_RUN I_TURN_RIGHT I_RUN
walk around left after jump	I_JUMP I_TURN_LEFT I_WALK I_TURN_LEFT I_WALK I_TURN_LEFT I_WALK I_TURN_LEFT I_WALK
walk twice and run twice	I_WALK I_WALK I_RUN I_RUN
look around left twice after walk right	I_TURN_RIGHT I_WALK I_TURN_LEFT I_LOOK I_TURN_LEFT I_LOOK I_TURN_LEFT I_LOOK I_TURN_LEFT I_LOOK I_TURN_LEFT I_LOOK I_TURN_LEFT I_LOOK I_TURN_LEFT I_LOOK I_TURN_LEFT I_LOOK
look opposite left and turn opposite left	I_TURN_LEFT I_TURN_LEFT I_LOOK I_TURN_LEFT I_TURN_LEFT
run around right thrice and look opposite right thrice	I_TURN_RIGHT I_RUN I_TURN_RIGHT I_RUN I_TURN_RIGHT I_RUN I_TURN_RIGHT I_RUN I_TURN_RIGHT I_RUN I_TURN_RIGHT I_RUN I_TURN_RIGHT I_RUN I_TURN_RIGHT I_RUN I_TURN_RIGHT I_RUN I_TURN_RIGHT I_RUN I_TURN_RIGHT I_RUN I_TURN_RIGHT I_RUN I_TURN_RIGHT I_TURN_RIGHT I_LOOK I_TURN_RIGHT I_TURN_RIGHT I_LOOK I_TURN_RIGHT I_TURN_RIGHT I_LOOK
jump opposite left after jump around right twice	I_TURN_RIGHT I_JUMP I_TURN_RIGHT I_JUMP I_TURN_RIGHT I_JUMP I_TURN_RIGHT I_JUMP I_TURN_RIGHT I_JUMP I_TURN_RIGHT I_JUMP I_TURN_RIGHT I_JUMP I_TURN_RIGHT I_JUMP I_TURN_LEFT I_TURN_LEFT I_JUMP
look around right twice and run left	I_TURN_RIGHT I_LOOK I_TURN_RIGHT I_LOOK I_TURN_RIGHT I_LOOK I_TURN_RIGHT I_LOOK I_TURN_RIGHT I_LOOK I_TURN_RIGHT I_LOOK I_TURN_RIGHT I_LOOK I_TURN_RIGHT I_LOOK I_TURN_LEFT I_RUN
jump thrice after look left	I_TURN_LEFT I_LOOK I_JUMP I_JUMP I_JUMP
look opposite right thrice after turn around right twice	I_TURN_RIGHT I_TURN_RIGHT I_TURN_RIGHT I_TURN_RIGHT I_TURN_RIGHT I_TURN_RIGHT I_TURN_RIGHT I_TURN_RIGHT I_TURN_RIGHT I_TURN_RIGHT I_LOOK I_TURN_RIGHT I_TURN_RIGHT I_LOOK I_TURN_RIGHT I_TURN_RIGHT I_LOOK
turn around right and jump thrice	I_TURN_RIGHT I_TURN_RIGHT I_TURN_RIGHT I_TURN_RIGHT I_JUMP I_JUMP I_JUMP
look opposite left and walk around right	I_TURN_LEFT I_TURN_LEFT I_LOOK I_TURN_RIGHT I_WALK I_TURN_RIGHT I_WALK I_TURN_RIGHT I_WALK I_TURN_RIGHT I_WALK
walk around right twice and turn right thrice	I_TURN_RIGHT I_WALK I_TURN_RIGHT I_WALK I_TURN_RIGHT I_WALK I_TURN_RIGHT I_WALK I_TURN_RIGHT I_WALK I_TURN_RIGHT I_WALK I_TURN_RIGHT I_WALK I_TURN_RIGHT I_WALK I_TURN_RIGHT I_TURN_RIGHT I_TURN_RIGHT
jump opposite right and look twice	I_TURN_RIGHT I_TURN_RIGHT I_JUMP I_LOOK I_LOOK
walk opposite right thrice and jump right thrice	I_TURN_RIGHT I_TURN_RIGHT I_WALK I_TURN_RIGHT I_TURN_RIGHT I_WALK I_TURN_RIGHT I_TURN_RIGHT I_WALK I_TURN_RIGHT I_JUMP I_TURN_RIGHT I_JUMP I_TURN_RIGHT I_JUMP
look around left thrice and look around left	I_TURN_LEFT I_LOOK I_TURN_LEFT I_LOOK I_TURN_LEFT I_LOOK I_TURN_LEFT I_LOOK I_TURN_LEFT I_LOOK I_TURN_LEFT I_LOOK I_TURN_LEFT I_LOOK I_TURN_LEFT I_LOOK I_TURN_LEFT I_LOOK I_TURN_LEFT I_LOOK I_TURN_LEFT I_LOOK I_TURN_LEFT I_LOOK I_TURN_LEFT I_LOOK I_TURN_LEFT I_LOOK I_TURN_LEFT I_LOOK I_TURN_LEFT I_LOOK
walk right twice and turn around right twice	I_TURN_RIGHT I_WALK I_TURN_RIGHT I_WALK I_TURN_RIGHT I_TURN_RIGHT I_TURN_RIGHT I_TURN_RIGHT I_TURN_RIGHT I_TURN_RIGHT I_TURN_RIGHT I_TURN_RIGHT
walk right twice after walk thrice	I_WALK I_WALK I_WALK I_TURN_RIGHT I_WALK I_TURN_RIGHT I_WALK
jump opposite right twice and walk around right twice	I_TURN_RIGHT I_TURN_RIGHT I_JUMP I_TURN_RIGHT I_TURN_RIGHT I_JUMP I_TURN_RIGHT I_WALK I_TURN_RIGHT I_WALK I_TURN_RIGHT I_WALK I_TURN_RIGHT I_WALK I_TURN_RIGHT I_WALK I_TURN_RIGHT I_WALK I_TURN_RIGHT I_WALK I_TURN_RIGHT I_WALK
run left thrice and turn around left thrice	I_TURN_LEFT I_RUN I_TURN_LEFT I_RUN I_TURN_LEFT I_RUN I_TURN_LEFT I_TURN_LEFT I_TURN_LEFT I_TURN_LEFT I_TURN_LEFT I_TURN_LEFT I_TURN_LEFT I_TURN_LEFT I_TURN_LEFT I_TURN_LEFT I_TURN_LEFT I_TURN_LEFT
jump around left twice after run around left twice	I_TURN_LEFT I_RUN I_TURN_LEFT I_RUN I_TURN_LEFT I_RUN I_TURN_LEFT I_RUN I_TURN_LEFT I_RUN I_TURN_LEFT I_RUN I_TURN_LEFT I_RUN I_TURN_LEFT I_RUN I_TURN_LEFT I_JUMP I_TURN_LEFT I_JUMP I_TURN_LEFT I_JUMP I_TURN_LEFT I_JUMP I_TURN_LEFT I_JUMP I_TURN_LEFT I_JUMP I_TURN_LEFT I_JUMP I_TURN_LEFT I_JUMP
walk around left after look right thrice	I_TURN_RIGHT I_LOOK I_TURN_RIGHT I_LOOK I_TURN_RIGHT I_LOOK I_TURN_LEFT I_WALK I_TURN_LEFT I_WALK I_TURN_LEFT I_WALK I_TURN_LEFT I_WALK
walk opposite left thrice and walk left twice	I_TURN_LEFT I_TURN_LEFT I_WALK I_TURN_LEFT I_TURN_LEFT I_WALK I_TURN_LEFT I_TURN_LEFT I_WALK I_TURN_LEFT I_WALK I_TURN_LEFT I_WALK
turn around right thrice after run left thrice	I_TURN_LEFT I_RUN I_TURN_LEFT I_RUN I_TURN_LEFT I_RUN I_TURN_RIGHT I_TURN_RIGHT I_TURN_RIGHT I_TURN_RIGHT I_TURN_RIGHT I_TURN_RIGHT I_TURN_RIGHT I_TURN_RIGHT I_TURN_RIGHT I_TURN_RIGHT I_TURN_RIGHT I_TURN_RIGHT
walk twice after jump twice	I_JUMP I_JUMP I_WALK I_WALK
jump right thrice after jump thrice	I_JUMP I_JUMP I_JUMP I_TURN_RIGHT I_JUMP I_TURN_RIGHT I_JUMP I_TURN_RIGHT I_JUMP
run around left and turn left thrice	I_TURN_LEFT I_RUN I_TURN_LEFT I_RUN I_TURN_LEFT I_RUN I_TURN_LEFT I_RUN I_TURN_LEFT I_TURN_LEFT I_TURN_LEFT
walk opposite right after jump opposite left twice	I_TURN_LEFT I_TURN_LEFT I_JUMP I_TURN_LEFT I_TURN_LEFT I_JUMP I_TURN_RIGHT I_TURN_RIGHT I_WALK
turn around left thrice and look left twice	I_TURN_LEFT I_TURN_LEFT I_TURN_LEFT I_TURN_LEFT I_TURN_LEFT I_TURN_LEFT I_TURN_LEFT I_TURN_LEFT I_TURN_LEFT I_TURN_LEFT I_TURN_LEFT I_TURN_LEFT I_TURN_LEFT I_LOOK I_TURN_LEFT I_LOOK
run opposite right twice after jump twice	I_JUMP I_JUMP I_TURN_RIGHT I_TURN_RIGHT I_RUN I_TURN_RIGHT I_TURN_RIGHT I_RUN
jump opposite left thrice after turn around left twice	I_TURN_LEFT I_TURN_LEFT I_TURN_LEFT I_TURN_LEFT I_TURN_LEFT I_TURN_LEFT I_TURN_LEFT I_TURN_LEFT I_TURN_LEFT I_TURN_LEFT I_JUMP I_TURN_LEFT I_TURN_LEFT I_JUMP I_TURN_LEFT I_TURN_LEFT I_JUMP
run left and walk opposite right	I_TURN_LEFT I_RUN I_TURN_RIGHT I_TURN_RIGHT I_WALK
turn right after look left thrice	I_TURN_LEFT I_LOOK I_TURN_LEFT I_LOOK I_TURN_LEFT I_LOOK I_TURN_RIGHT
walk right after look left thrice	I_TURN_LEFT I_LOOK I_TURN_LEFT I_LOOK I_TURN_LEFT I_LOOK I_TURN_RIGHT I_WALK
look opposite left thrice and turn left	I_TURN_LEFT I_TURN_LEFT I_LOOK I_TURN_LEFT I_TURN_LEFT I_LOOK I_TURN_LEFT I_TURN_LEFT I_LOOK I_TURN_LEFT
walk around right twice after walk opposite right thrice	I_TURN_RIGHT I_TURN_RIGHT I_WALK I_TURN_RIGHT I_TURN_RIGHT I_WALK I_TURN_RIGHT I_TURN_RIGHT I_WALK I_TURN_RIGHT I_WALK I_TURN_RIGHT I_WALK I_TURN_RIGHT I_WALK I_TURN_RIGHT I_WALK I_TURN_RIGHT I_WALK I_TURN_RIGHT I_WALK I_TURN_RIGHT I_WALK I_TURN_RIGHT I_WALK
look around right twice and run opposite right	I_TURN_RIGHT I_LOOK I_TURN_RIGHT I_LOOK I_TURN_RIGHT I_LOOK I_TURN_RIGHT I_LOOK I_TURN_RIGHT I_LOOK I_TURN_RIGHT I_LOOK I_TURN_RIGHT I_LOOK I_TURN_RIGHT I_LOOK I_TURN_RIGHT I_TURN_RIGHT I_RUN
jump around right twice and walk opposite left thrice	I_TURN_RIGHT I_JUMP I_TURN_RIGHT I_JUMP I_TURN_RIGHT I_JUMP I_TURN_RIGHT I_JUMP I_TURN_RIGHT I_JUMP I_TURN_RIGHT I_JUMP I_TURN_RIGHT I_JUMP I_TURN_RIGHT I_JUMP I_TURN_LEFT I_TURN_LEFT I_WALK I_TURN_LEFT I_TURN_LEFT I_WALK I_TURN_LEFT I_TURN_LEFT I_WALK
turn around left twice after walk around right twice	I_TURN_RIGHT I_WALK I_TURN_RIGHT I_WALK I_TURN_RIGHT I_WALK I_TURN_RIGHT I_WALK I_TURN_RIGHT I_WALK I_TURN_RIGHT I_WALK I_TURN_RIGHT I_WALK I_TURN_RIGHT I_WALK I_TURN_LEFT I_TURN_LEFT I_TURN_LEFT I_TURN_LEFT I_TURN_LEFT I_TURN_LEFT I_TURN_LEFT I_TURN_LEFT
look opposite right twice after look around right twice	I_TURN_RIGHT I_LOOK I_TURN_RIGHT I_LOOK I_TURN_RIGHT I_LOOK I_TURN_RIGHT I_LOOK I_TURN_RIGHT I_LOOK I_TURN_RIGHT I_LOOK I_TURN_RIGHT I_LOOK I_TURN_RIGHT I_LOOK I_TURN_RIGHT I_TURN_RIGHT I_LOOK I_TURN_RIGHT I_TURN_RIGHT I_LOOK
walk thrice and run around left thrice	I_WALK I_WALK I_WALK I_TURN_LEFT I_RUN I_TURN_LEFT I_RUN I_TURN_LEFT I_RUN I_TURN_LEFT I_RUN I_TURN_LEFT I_RUN I_TURN_LEFT I_RUN I_TURN_LEFT I_RUN I_TURN_LEFT I_RUN I_TURN_LEFT I_RUN I_TURN_LEFT I_RUN I_TURN_LEFT I_RUN I_TURN_LEFT I_RUN
look opposite left twice after turn left twice	I_TURN_LEFT I_TURN_LEFT I_TURN_LEFT I_TURN_LEFT I_LOOK I_TURN_LEFT I_TURN_LEFT I_LOOK
look around left twice after run right thrice	I_TURN_RIGHT I_RUN I_TURN_RIGHT I_RUN I_TURN_RIGHT I_RUN I_TURN_LEFT I_LOOK I_TURN_LEFT I_LOOK I_TURN_LEFT I_LOOK I_TURN_LEFT I_LOOK I_TURN_LEFT I_LOOK I_TURN_LEFT I_LOOK I_TURN_LEFT I_LOOK I_TURN_LEFT I_LOOK
jump right twice and look around right	I_TURN_RIGHT I_JUMP I_TURN_RIGHT I_JUMP I_TURN_RIGHT I_LOOK I_TURN_RIGHT I_LOOK I_TURN_RIGHT I_LOOK I_TURN_RIGHT I_LOOK
turn around left twice and turn around left thrice	I_TURN_LEFT I_TURN_LEFT I_TURN_LEFT I_TURN_LEFT I_TURN_LEFT I_TURN_LEFT I_TURN_LEFT I_TURN_LEFT I_TURN_LEFT I_TURN_LEFT I_TURN_LEFT I_TURN_LEFT I_TURN_LEFT I_TURN_LEFT I_TURN_LEFT I_TURN_LEFT I_TURN_LEFT I_TURN_LEFT I_TURN_LEFT I_TURN_LEFT
jump opposite left twice and jump right twice	I_TURN_LEFT I_TURN_LEFT I_JUMP I_TURN_LEFT I_TURN_LEFT I_JUMP I_TURN_RIGHT I_JUMP I_TURN_RIGHT I_JUMP
walk thrice and turn opposite right	I_WALK I_WALK I_WALK I_TURN_RIGHT I_TURN_RIGHT
walk left twice and look around right thrice	I_TURN_LEFT I_WALK I_TURN_LEFT I_WALK I_TURN_RIGHT I_LOOK I_TURN_RIGHT I_LOOK I_TURN_RIGHT I_LOOK I_TURN_RIGHT I_LOOK I_TURN_RIGHT I_LOOK I_TURN_RIGHT I_LOOK I_TURN_RIGHT I_LOOK I_TURN_RIGHT I_LOOK I_TURN_RIGHT I_LOOK I_TURN_RIGHT I_LOOK I_TURN_RIGHT I_LOOK I_TURN_RIGHT I_LOOK
turn around right and jump right twice	I_TURN_RIGHT I_TURN_RIGHT I_TURN_RIGHT I_TURN_RIGHT I_TURN_RIGHT I_JUMP I_TURN_RIGHT I_JUMP
turn around left twice and run right thrice	I_TURN_LEFT I_TURN_LEFT I_TURN_LEFT I_TURN_LEFT I_TURN_LEFT I_TURN_LEFT I_TURN_LEFT I_TURN_LEFT I_TURN_RIGHT I_RUN I_TURN_RIGHT I_RUN I_TURN_RIGHT I_RUN
walk around left and jump twice	I_TURN_LEFT I_WALK I_TURN_LEFT I_WALK I_TURN_LEFT I_WALK I_TURN_LEFT I_WALK I_JUMP I_JUMP
turn left thrice and look right thrice	I_TURN_LEFT I_TURN_LEFT I_TURN_LEFT I_TURN_RIGHT I_LOOK I_TURN_RIGHT I_LOOK I_TURN_RIGHT I_LOOK
jump left thrice and walk around left thrice	I_TURN_LEFT I_JUMP I_TURN_LEFT I_JUMP I_TURN_LEFT I_JUMP I_TURN_LEFT I_WALK I_TURN_LEFT I_WALK I_TURN_LEFT I_WALK I_TURN_LEFT I_WALK I_TURN_LEFT I_WALK I_TURN_LEFT I_WALK I_TURN_LEFT I_WALK I_TURN_LEFT I_WALK I_TURN_LEFT I_WALK I_TURN_LEFT I_WALK I_TURN_LEFT I_WALK I_TURN_LEFT I_WALK
jump opposite left after walk right	I_TURN_RIGHT I_WALK I_TURN_LEFT I_TURN_LEFT I_JUMP
look left twice and walk twice	I_TURN_LEFT I_LOOK I_TURN_LEFT I_LOOK I_WALK I_WALK
look right and walk opposite right thrice	I_TURN_RIGHT I_LOOK I_TURN_RIGHT I_TURN_RIGHT I_WALK I_TURN_RIGHT I_TURN_RIGHT I_WALK I_TURN_RIGHT I_TURN_RIGHT I_WALK
run around right twice and jump around left thrice	I_TURN_RIGHT I_RUN I_TURN_RIGHT I_RUN I_TURN_RIGHT I_RUN I_TURN_RIGHT I_RUN I_TURN_RIGHT I_RUN I_TURN_RIGHT I_RUN I_TURN_RIGHT I_RUN I_TURN_RIGHT I_RUN I_TURN_LEFT I_JUMP I_TURN_LEFT I_JUMP I_TURN_LEFT I_JUMP I_TURN_LEFT I_JUMP I_TURN_LEFT I_JUMP I_TURN_LEFT I_JUMP I_TURN_LEFT I_JUMP I_TURN_LEFT I_JUMP I_TURN_LEFT I_JUMP I_TURN_LEFT I_JUMP I_TURN_LEFT I_JUMP I_TURN_LEFT I_JUMP
look thrice and walk opposite right thrice	I_LOOK I_LOOK I_LOOK I_TURN_RIGHT I_TURN_RIGHT I_WALK I_TURN_RIGHT I_TURN_RIGHT I_WALK I_TURN_RIGHT I_TURN_RIGHT I_WALK
look left and jump around left thrice	I_TURN_LEFT I_LOOK I_TURN_LEFT I_JUMP I_TURN_LEFT I_JUMP I_TURN_LEFT I_JUMP I_TURN_LEFT I_JUMP I_TURN_LEFT I_JUMP I_TURN_LEFT I_JUMP I_TURN_LEFT I_JUMP I_TURN_LEFT I_JUMP I_TURN_LEFT I_JUMP I_TURN_LEFT I_JUMP I_TURN_LEFT I_JUMP I_TURN_LEFT I_JUMP
look opposite right twice and walk around left	I_TURN_RIGHT I_TURN_RIGHT I_LOOK I_TURN_RIGHT I_TURN_RIGHT I_LOOK I_TURN_LEFT I_WALK I_TURN_LEFT I_WALK I_TURN_LEFT I_WALK I_TURN_LEFT I_WALK
turn around right twice after turn opposite right thrice	I_TURN_RIGHT I_TURN_RIGHT I_TURN_RIGHT I_TURN_RIGHT I_TURN_RIGHT I_TURN_RIGHT I_TURN_RIGHT I_TURN_RIGHT I_TURN_RIGHT I_TURN_RIGHT I_TURN_RIGHT I_TURN_RIGHT I_TURN_RIGHT I_TURN_RIGHT
turn around left twice after jump left thrice	I_TURN_LEFT I_JUMP I_TURN_LEFT I_JUMP I_TURN_LEFT I_JUMP I_TURN_LEFT I_TURN_LEFT I_TURN_LEFT I_TURN_LEFT I_TURN_LEFT I_TURN_LEFT I_TURN_LEFT I_TURN_LEFT
walk left thrice after run thrice	I_RUN I_RUN I_RUN I_TURN_LEFT I_WALK I_TURN_LEFT I_WALK I_TURN_LEFT I_WALK
walk left twice and walk left thrice	I_TURN_LEFT I_WALK I_TURN_LEFT I_WALK I_TURN_LEFT I_WALK I_TURN_LEFT I_WALK I_TURN_LEFT I_WALK
jump around left and turn around left	I_TURN_LEFT I_JUMP I_TURN_LEFT I_JUMP I_TURN_LEFT I_JUMP I_TURN_LEFT I_JUMP I_TURN_LEFT I_TURN_LEFT I_TURN_LEFT I_TURN_LEFT
jump left after turn around left twice	I_TURN_LEFT I_TURN_LEFT I_TURN_LEFT I_TURN_LEFT I_TURN_LEFT I_TURN_LEFT I_TURN_LEFT I_TURN_LEFT I_TURN_LEFT I_JUMP
look around right and walk	I_TURN_RIGHT I_LOOK I_TURN_RIGHT I_LOOK I_TURN_RIGHT I_LOOK I_TURN_RIGHT I_LOOK I_WALK
look opposite right thrice and look left	I_TURN_RIGHT I_TURN_RIGHT I_LOOK I_TURN_RIGHT I_TURN_RIGHT I_LOOK I_TURN_RIGHT I_TURN_RIGHT I_LOOK I_TURN_LEFT I_LOOK
walk around left and run around left thrice	I_TURN_LEFT I_WALK I_TURN_LEFT I_WALK I_TURN_LEFT I_WALK I_TURN_LEFT I_WALK I_TURN_LEFT I_RUN I_TURN_LEFT I_RUN I_TURN_LEFT I_RUN I_TURN_LEFT I_RUN I_TURN_LEFT I_RUN I_TURN_LEFT I_RUN I_TURN_LEFT I_RUN I_TURN_LEFT I_RUN I_TURN_LEFT I_RUN I_TURN_LEFT I_RUN I_TURN_LEFT I_RUN I_TURN_LEFT I_RUN
look around right twice and run opposite left thrice	I_TURN_RIGHT I_LOOK I_TURN_RIGHT I_LOOK I_TURN_RIGHT I_LOOK I_TURN_RIGHT I_LOOK I_TURN_RIGHT I_LOOK I_TURN_RIGHT I_LOOK I_TURN_RIGHT I_LOOK I_TURN_RIGHT I_LOOK I_TURN_LEFT I_TURN_LEFT I_RUN I_TURN_LEFT I_TURN_LEFT I_RUN I_TURN_LEFT I_TURN_LEFT I_RUN
jump around right and jump around right twice	I_TURN_RIGHT I_JUMP I_TURN_RIGHT I_JUMP I_TURN_RIGHT I_JUMP I_TURN_RIGHT I_JUMP I_TURN_RIGHT I_JUMP I_TURN_RIGHT I_JUMP I_TURN_RIGHT I_JUMP I_TURN_RIGHT I_JUMP I_TURN_RIGHT I_JUMP I_TURN_RIGHT I_JUMP I_TURN_RIGHT I_JUMP I_TURN_RIGHT I_JUMP
walk around right after jump left twice	I_TURN_LEFT I_JUMP I_TURN_LEFT I_JUMP I_TURN_RIGHT I_WALK I_TURN_RIGHT I_WALK I_TURN_RIGHT I_WALK I_TURN_RIGHT I_WALK
run after run	I_RUN I_RUN
turn left twice and look thrice	I_TURN_LEFT I_TURN_LEFT I_LOOK I_LOOK I_LOOK
look opposite right thrice after run thrice	I_RUN I_RUN I_RUN I_TURN_RIGHT I_TURN_RIGHT I_LOOK I_TURN_RIGHT I_TURN_RIGHT I_LOOK I_TURN_RIGHT I_TURN_RIGHT I_LOOK
walk opposite right thrice after walk opposite right thrice	I_TURN_RIGHT I_TURN_RIGHT I_WALK I_TURN_RIGHT I_TURN_RIGHT I_WALK I_TURN_RIGHT I_TURN_RIGHT I_WALK I_TURN_RIGHT I_TURN_RIGHT I_WALK I_TURN_RIGHT I_TURN_RIGHT I_WALK I_TURN_RIGHT I_TURN_RIGHT I_WALK
turn left thrice and look around left	I_TURN_LEFT I_TURN_LEFT I_TURN_LEFT I_TURN_LEFT I_LOOK I_TURN_LEFT I_LOOK I_TURN_LEFT I_LOOK I_TURN_LEFT I_LOOK
walk around right twice and run thrice	I_TURN_RIGHT I_WALK I_TURN_RIGHT I_WALK I_TURN_RIGHT I_WALK I_TURN_RIGHT I_WALK I_TURN_RIGHT I_WALK I_TURN_RIGHT I_WALK I_TURN_RIGHT I_WALK I_TURN_RIGHT I_WALK I_RUN I_RUN I_RUN
turn around left after turn left twice	I_TURN_LEFT I_TURN_LEFT I_TURN_LEFT I_TURN_LEFT I_TURN_LEFT I_TURN_LEFT
walk opposite right thrice after jump right twice	I_TURN_RIGHT I_JUMP I_TURN_RIGHT I_JUMP I_TURN_RIGHT I_TURN_RIGHT I_WALK I_TURN_RIGHT I_TURN_RIGHT I_WALK I_TURN_RIGHT I_TURN_RIGHT I_WALK
look around left after jump opposite right thrice	I_TURN_RIGHT I_TURN_RIGHT I_JUMP I_TURN_RIGHT I_TURN_RIGHT I_JUMP I_TURN_RIGHT I_TURN_RIGHT I_JUMP I_TURN_LEFT I_LOOK I_TURN_LEFT I_LOOK I_TURN_LEFT I_LOOK I_TURN_LEFT I_LOOK
turn around left twice after look around left thrice	I_TURN_LEFT I_LOOK I_TURN_LEFT I_LOOK I_TURN_LEFT I_LOOK I_TURN_LEFT I_LOOK I_TURN_LEFT I_LOOK I_TURN_LEFT I_LOOK I_TURN_LEFT I_LOOK I_TURN_LEFT I_LOOK I_TURN_LEFT I_LOOK I_TURN_LEFT I_LOOK I_TURN_LEFT I_LOOK I_TURN_LEFT I_LOOK I_TURN_LEFT I_TURN_LEFT I_TURN_LEFT I_TURN_LEFT I_TURN_LEFT I_TURN_LEFT I_TURN_LEFT I_TURN_LEFT
walk around right thrice after run left thrice	I_TURN_LEFT I_RUN I_TURN_LEFT I_RUN I_TURN_LEFT I_RUN I_TURN_RIGHT I_WALK I_TURN_RIGHT I_WALK I_TURN_RIGHT I_WALK I_TURN_RIGHT I_WALK I_TURN_RIGHT I_WALK I_TURN_RIGHT I_WALK I_TURN_RIGHT I_WALK I_TURN_RIGHT I_WALK I_TURN_RIGHT I_WALK I_TURN_RIGHT I_WALK I_TURN_RIGHT I_WALK I_TURN_RIGHT I_WALK
run left after turn left	I_TURN_LEFT I_TURN_LEFT I_RUN
look opposite left twice and run left thrice	I_TURN_LEFT I_TURN_LEFT I_LOOK I_TURN_LEFT I_TURN_LEFT I_LOOK I_TURN_LEFT I_RUN I_TURN_LEFT I_RUN I_TURN_LEFT I_RUN
look around left thrice after run opposite left	I_TURN_LEFT I_TURN_LEFT I_RUN I_TURN_LEFT I_LOOK I_TURN_LEFT I_LOOK I_TURN_LEFT I_LOOK I_TURN_LEFT I_LOOK I_TURN_LEFT I_LOOK I_TURN_LEFT I_LOOK I_TURN_LEFT I_LOOK I_TURN_LEFT I_LOOK I_TURN_LEFT I_LOOK I_TURN_LEFT I_LOOK I_TURN_LEFT I_LOOK I_TURN_LEFT I_LOOK
look around left twice after look thrice	I_LOOK I_LOOK I_LOOK I_TURN_LEFT I_LOOK I_TURN_LEFT I_LOOK I_TURN_LEFT I_LOOK I_TURN_LEFT I_LOOK I_TURN_LEFT I_LOOK I_TURN_LEFT I_LOOK I_TURN_LEFT I_LOOK I_TURN_LEFT I_LOOK
walk opposite right thrice after look left twice	I_TURN_LEFT I_LOOK I_TURN_LEFT I_LOOK I_TURN_RIGHT I_TURN_RIGHT I_WALK I_TURN_RIGHT I_TURN_RIGHT I_WALK I_TURN_RIGHT I_TURN_RIGHT I_WALK
walk right twice after look opposite right	I_TURN_RIGHT I_TURN_RIGHT I_LOOK I_TURN_RIGHT I_WALK I_TURN_RIGHT I_WALK
jump around left thrice and walk opposite right twice	I_TURN_LEFT I_JUMP I_TURN_LEFT I_JUMP I_TURN_LEFT I_JUMP I_TURN_LEFT I_JUMP I_TURN_LEFT I_JUMP I_TURN_LEFT I_JUMP I_TURN_LEFT I_JUMP I_TURN_LEFT I_JUMP I_TURN_LEFT I_JUMP I_TURN_LEFT I_JUMP I_TURN_LEFT I_JUMP I_TURN_LEFT I_JUMP I_TURN_RIGHT I_TURN_RIGHT I_WALK I_TURN_RIGHT I_TURN_RIGHT I_WALK
run opposite right thrice and run opposite right twice	I_TURN_RIGHT I_TURN_RIGHT I_RUN I_TURN_RIGHT I_TURN_RIGHT I_RUN I_TURN_RIGHT I_TURN_RIGHT I_RUN I_TURN_RIGHT I_TURN_RIGHT I_RUN I_TURN_RIGHT I_TURN_RIGHT I_RUN
walk around left thrice after run around right thrice	I_TURN_RIGHT I_RUN I_TURN_RIGHT I_RUN I_TURN_RIGHT I_RUN I_TURN_RIGHT I_RUN I_TURN_RIGHT I_RUN I_TURN_RIGHT I_RUN I_TURN_RIGHT I_RUN I_TURN_RIGHT I_RUN I_TURN_RIGHT I_RUN I_TURN_RIGHT I_RUN I_TURN_RIGHT I_RUN I_TURN_RIGHT I_RUN I_TURN_LEFT I_WALK I_TURN_LEFT I_WALK I_TURN_LEFT I_WALK I_TURN_LEFT I_WALK I_TURN_LEFT I_WALK I_TURN_LEFT I_WALK I_TURN_LEFT I_WALK I_TURN_LEFT I_WALK I_TURN_LEFT I_WALK I_TURN_LEFT I_WALK I_TURN_LEFT I_WALK I_TURN_LEFT I_WALK
look around left thrice after run around right twice	I_TURN_RIGHT I_RUN I_TURN_RIGHT I_RUN I_TURN_RIGHT I_RUN I_TURN_RIGHT I_RUN I_TURN_RIGHT I_RUN I_TURN_RIGHT I_RUN I_TURN_RIGHT I_RUN I_TURN_RIGHT I_RUN I_TURN_LEFT I_LOOK I_TURN_LEFT I_LOOK I_TURN_LEFT I_LOOK I_TURN_LEFT I_LOOK I_TURN_LEFT I_LOOK I_TURN_LEFT I_LOOK I_TURN_LEFT I_LOOK I_TURN_LEFT I_LOOK I_TURN_LEFT I_LOOK I_TURN_LEFT I_LOOK I_TURN_LEFT I_LOOK I_TURN_LEFT I_LOOK
walk left thrice and turn left	I_TURN_LEFT I_WALK I_TURN_LEFT I_WALK I_TURN_LEFT I_WALK I_TURN_LEFT
walk around right thrice and run around left thrice	I_TURN_RIGHT I_WALK I_TURN_RIGHT I_WALK I_TURN_RIGHT I_WALK I_TURN_RIGHT I_WALK I_TURN_RIGHT I_WALK I_TURN_RIGHT I_WALK I_TURN_RIGHT I_WALK I_TURN_RIGHT I_WALK I_TURN_RIGHT I_WALK I_TURN_RIGHT I_WALK I_TURN_RIGHT I_WALK I_TURN_RIGHT I_WALK I_TURN_LEFT I_RUN I_TURN_LEFT I_RUN I_TURN_LEFT I_RUN I_TURN_LEFT I_RUN I_TURN_LEFT I_RUN I_TURN_LEFT I_RUN I_TURN_LEFT I_RUN I_TURN_LEFT I_RUN I_TURN_LEFT I_RUN I_TURN_LEFT I_RUN I_TURN_LEFT I_RUN I_TURN_LEFT I_RUN
jump opposite right twice and turn left thrice	I_TURN_RIGHT I_TURN_RIGHT I_JUMP I_TURN_RIGHT I_TURN_RIGHT I_JUMP I_TURN_LEFT I_TURN_LEFT I_TURN_LEFT
look opposite right thrice and walk right thrice	I_TURN_RIGHT I_TURN_RIGHT I_LOOK I_TURN_RIGHT I_TURN_RIGHT I_LOOK I_TURN_RIGHT I_TURN_RIGHT I_LOOK I_TURN_RIGHT I_WALK I_TURN_RIGHT I_WALK I_TURN_RIGHT I_WALK
turn opposite left twice after walk right twice	I_TURN_RIGHT I_WALK I_TURN_RIGHT I_WALK I_TURN_LEFT I_TURN_LEFT I_TURN_LEFT I_TURN_LEFT
look opposite right twice after jump opposite right	I_TURN_RIGHT I_TURN_RIGHT I_JUMP I_TURN_RIGHT I_TURN_RIGHT I_LOOK I_TURN_RIGHT I_TURN_RIGHT I_LOOK
run right after jump left thrice	I_TURN_LEFT I_JUMP I_TURN_LEFT I_JUMP I_TURN_LEFT I_JUMP I_TURN_RIGHT I_RUN
walk after look right twice	I_TURN_RIGHT I_LOOK I_TURN_RIGHT I_LOOK I_WALK
look left thrice after turn right twice	I_TURN_RIGHT I_TURN_RIGHT I_TURN_LEFT I_LOOK I_TURN_LEFT I_LOOK I_TURN_LEFT I_LOOK
walk around right twice and turn opposite right thrice	I_TURN_RIGHT I_WALK I_TURN_RIGHT I_WALK I_TURN_RIGHT I_WALK I_TURN_RIGHT I_WALK I_TURN_RIGHT I_WALK I_TURN_RIGHT I_WALK I_TURN_RIGHT I_WALK I_TURN_RIGHT I_WALK I_TURN_RIGHT I_TURN_RIGHT I_TURN_RIGHT I_TURN_RIGHT I_TURN_RIGHT I_TURN_RIGHT
turn around left twice and walk around left	I_TURN_LEFT I_TURN_LEFT I_TURN_LEFT I_TURN_LEFT I_TURN_LEFT I_TURN_LEFT I_TURN_LEFT I_TURN_LEFT I_TURN_LEFT I_WALK I_TURN_LEFT I_WALK I_TURN_LEFT I_WALK I_TURN_LEFT I_WALK
turn opposite left thrice and look around right	I_TURN_LEFT I_TURN_LEFT I_TURN_LEFT I_TURN_LEFT I_TURN_LEFT I_TURN_LEFT I_TURN_RIGHT I_LOOK I_TURN_RIGHT I_LOOK I_TURN_RIGHT I_LOOK I_TURN_RIGHT I_LOOK
look around left twice after turn opposite right	I_TURN_RIGHT I_TURN_RIGHT I_TURN_LEFT I_LOOK I_TURN_LEFT I_LOOK I_TURN_LEFT I_LOOK I_TURN_LEFT I_LOOK I_TURN_LEFT I_LOOK I_TURN_LEFT I_LOOK I_TURN_LEFT I_LOOK I_TURN_LEFT I_LOOK
walk right twice and jump around left twice	I_TURN_RIGHT I_WALK I_TURN_RIGHT I_WALK I_TURN_LEFT I_JUMP I_TURN_LEFT I_JUMP I_TURN_LEFT I_JUMP I_TURN_LEFT I_JUMP I_TURN_LEFT I_JUMP I_TURN_LEFT I_JUMP I_TURN_LEFT I_JUMP I_TURN_LEFT I_JUMP
jump right twice and run right twice	I_TURN_RIGHT I_JUMP I_TURN_RIGHT I_JUMP I_TURN_RIGHT I_RUN I_TURN_RIGHT I_RUN
run right twice and look	I_TURN_RIGHT I_RUN I_TURN_RIGHT I_RUN I_LOOK
look around left thrice and look right	I_TURN_LEFT I_LOOK I_TURN_LEFT I_LOOK I_TURN_LEFT I_LOOK I_TURN_LEFT I_LOOK I_TURN_LEFT I_LOOK I_TURN_LEFT I_LOOK I_TURN_LEFT I_LOOK I_TURN_LEFT I_LOOK I_TURN_LEFT I_LOOK I_TURN_LEFT I_LOOK I_TURN_LEFT I_LOOK I_TURN_LEFT I_LOOK I_TURN_RIGHT I_LOOK
look opposite left twice and jump around right twice	I_TURN_LEFT I_TURN_LEFT I_LOOK I_TURN_LEFT I_TURN_LEFT I_LOOK I_TURN_RIGHT I_JUMP I_TURN_RIGHT I_JUMP I_TURN_RIGHT I_JUMP I_TURN_RIGHT I_JUMP I_TURN_RIGHT I_JUMP I_TURN_RIGHT I_JUMP I_TURN_RIGHT I_JUMP I_TURN_RIGHT I_JUMP
run twice and look thrice	I_RUN I_RUN I_LOOK I_LOOK I_LOOK
jump right and run around left	I_TURN_RIGHT I_JUMP I_TURN_LEFT I_RUN I_TURN_LEFT I_RUN I_TURN_LEFT I_RUN I_TURN_LEFT I_RUN
run thrice after turn around right	I_TURN_RIGHT I_TURN_RIGHT I_TURN_RIGHT I_TURN_RIGHT I_RUN I_RUN I_RUN
walk opposite right after jump around right twice	I_TURN_RIGHT I_JUMP I_TURN_RIGHT I_JUMP I_TURN_RIGHT I_JUMP I_TURN_RIGHT I_JUMP I_TURN_RIGHT I_JUMP I_TURN_RIGHT I_JUMP I_TURN_RIGHT I_JUMP I_TURN_RIGHT I_JUMP I_TURN_RIGHT I_TURN_RIGHT I_WALK
look twice after jump right twice	I_TURN_RIGHT I_JUMP I_TURN_RIGHT I_JUMP I_LOOK I_LOOK
look opposite left thrice after turn opposite left twice	I_TURN_LEFT I_TURN_LEFT I_TURN_LEFT I_TURN_LEFT I_TURN_LEFT I_TURN_LEFT I_LOOK I_TURN_LEFT I_TURN_LEFT I_LOOK I_TURN_LEFT I_TURN_LEFT I_LOOK
walk around left twice and run right	I_TURN_LEFT I_WALK I_TURN_LEFT I_WALK I_TURN_LEFT I_WALK I_TURN_LEFT I_WALK I_TURN_LEFT I_WALK I_TURN_LEFT I_WALK I_TURN_LEFT I_WALK I_TURN_LEFT I_WALK I_TURN_RIGHT I_RUN
run and walk around left	I_RUN I_TURN_LEFT I_WALK I_TURN_LEFT I_WALK I_TURN_LEFT I_WALK I_TURN_LEFT I_WALK
turn left thrice after jump left twice	I_TURN_LEFT I_JUMP I_TURN_LEFT I_JUMP I_TURN_LEFT I_TURN_LEFT I_TURN_LEFT
run after walk around right twice	I_TURN_RIGHT I_WALK I_TURN_RIGHT I_WALK I_TURN_RIGHT I_WALK I_TURN_RIGHT I_WALK I_TURN_RIGHT I_WALK I_TURN_RIGHT I_WALK I_TURN_RIGHT I_WALK I_TURN_RIGHT I_WALK I_RUN
walk around left thrice and run opposite left	I_TURN_LEFT I_WALK I_TURN_LEFT I_WALK I_TURN_LEFT I_WALK I_TURN_LEFT I_WALK I_TURN_LEFT I_WALK I_TURN_LEFT I_WALK I_TURN_LEFT I_WALK I_TURN_LEFT I_WALK I_TURN_LEFT I_WALK I_TURN_LEFT I_WALK I_TURN_LEFT I_WALK I_TURN_LEFT I_WALK I_TURN_LEFT I_TURN_LEFT I_RUN
turn around right thrice and look opposite left thrice	I_TURN_RIGHT I_TURN_RIGHT I_TURN_RIGHT I_TURN_RIGHT I_TURN_RIGHT I_TURN_RIGHT I_TURN_RIGHT I_TURN_RIGHT I_TURN_RIGHT I_TURN_RIGHT I_TURN_RIGHT I_TURN_RIGHT I_TURN_LEFT I_TURN_LEFT I_LOOK I_TURN_LEFT I_TURN_LEFT I_LOOK I_TURN_LEFT I_TURN_LEFT I_LOOK
turn around right and walk around left	I_TURN_RIGHT I_TURN_RIGHT I_TURN_RIGHT I_TURN_RIGHT I_TURN_LEFT I_WALK I_TURN_LEFT I_WALK I_TURN_LEFT I_WALK I_TURN_LEFT I_WALK
turn opposite right twice after jump right thrice	I_TURN_RIGHT I_JUMP I_TURN_RIGHT I_JUMP I_TURN_RIGHT I_JUMP I_TURN_RIGHT I_TURN_RIGHT I_TURN_RIGHT I_TURN_RIGHT
walk around left thrice after run left thrice	I_TURN_LEFT I_RUN I_TURN_LEFT I_RUN I_TURN_LEFT I_RUN I_TURN_LEFT I_WALK I_TURN_LEFT I_WALK I_TURN_LEFT I_WALK I_TURN_LEFT I_WALK I_TURN_LEFT I_WALK I_TURN_LEFT I_WALK I_TURN_LEFT I_WALK I_TURN_LEFT I_WALK I_TURN_LEFT I_WALK I_TURN_LEFT I_WALK I_TURN_LEFT I_WALK I_TURN_LEFT I_WALK
turn around right thrice after walk around left thrice	I_TURN_LEFT I_WALK I_TURN_LEFT I_WALK I_TURN_LEFT I_WALK I_TURN_LEFT I_WALK I_TURN_LEFT I_WALK I_TURN_LEFT I_WALK I_TURN_LEFT I_WALK I_TURN_LEFT I_WALK I_TURN_LEFT I_WALK I_TURN_LEFT I_WALK I_TURN_LEFT I_WALK I_TURN_LEFT I_WALK I_TURN_RIGHT I_TURN_RIGHT I_TURN_RIGHT I_TURN_RIGHT I_TURN_RIGHT I_TURN_RIGHT I_TURN_RIGHT I_TURN_RIGHT I_TURN_RIGHT I_TURN_RIGHT I_TURN_RIGHT I_TURN_RIGHT
look around right thrice and walk opposite left	I_TURN_RIGHT I_LOOK I_TURN_RIGHT I_LOOK I_TURN_RIGHT I_LOOK I_TURN_RIGHT I_LOOK I_TURN_RIGHT I_LOOK I_TURN_RIGHT I_LOOK I_TURN_RIGHT I_LOOK I_TURN_RIGHT I_LOOK I_TURN_RIGHT I_LOOK I_TURN_RIGHT I_LOOK I_TURN_RIGHT I_LOOK I_TURN_RIGHT I_LOOK I_TURN_LEFT I_TURN_LEFT I_WALK
walk twice after turn around left twice	I_TURN_LEFT I_TURN_LEFT I_TURN_LEFT I_TURN_LEFT I_TURN_LEFT I_TURN_LEFT I_TURN_LEFT I_TURN_LEFT I_WALK I_WALK
look around right thrice and run around right	I_TURN_RIGHT I_LOOK I_TURN_RIGHT I_LOOK I_TURN_RIGHT I_LOOK I_TURN_RIGHT I_LOOK I_TURN_RIGHT I_LOOK I_TURN_RIGHT I_LOOK I_TURN_RIGHT I_LOOK I_TURN_RIGHT I_LOOK I_TURN_RIGHT I_LOOK I_TURN_RIGHT I_LOOK I_TURN_RIGHT I_LOOK I_TURN_RIGHT I_LOOK I_TURN_RIGHT I_RUN I_TURN_RIGHT I_RUN I_TURN_RIGHT I_RUN I_TURN_RIGHT I_RUN
turn around left thrice after walk thrice	I_WALK I_WALK I_WALK I_TURN_LEFT I_TURN_LEFT I_TURN_LEFT I_TURN_LEFT I_TURN_LEFT I_TURN_LEFT I_TURN_LEFT I_TURN_LEFT I_TURN_LEFT I_TURN_LEFT I_TURN_LEFT I_TURN_LEFT
turn left after turn around right thrice	I_TURN_RIGHT I_TURN_RIGHT I_TURN_RIGHT I_TURN_RIGHT I_TURN_RIGHT I_TURN_RIGHT I_TURN_RIGHT I_TURN_RIGHT I_TURN_RIGHT I_TURN_RIGHT I_TURN_RIGHT I_TURN_RIGHT I_TURN_LEFT
turn opposite right thrice after jump around left thrice	I_TURN_LEFT I_JUMP I_TURN_LEFT I_JUMP I_TURN_LEFT I_JUMP I_TURN_LEFT I_JUMP I_TURN_LEFT I_JUMP I_TURN_LEFT I_JUMP I_TURN_LEFT I_JUMP I_TURN_LEFT I_JUMP I_TURN_LEFT I_JUMP I_TURN_LEFT I_JUMP I_TURN_LEFT I_JUMP I_TURN_LEFT I_JUMP I_TURN_RIGHT I_TURN_RIGHT I_TURN_RIGHT I_TURN_RIGHT I_TURN_RIGHT I_TURN_RIGHT
walk opposite left twice after turn left thrice	I_TURN_LEFT I_TURN_LEFT I_TURN_LEFT I_TURN_LEFT I_TURN_LEFT I_WALK I_TURN_LEFT I_TURN_LEFT I_WALK
jump opposite left thrice after walk left	I_TURN_LEFT I_WALK I_TURN_LEFT I_TURN_LEFT I_JUMP I_TURN_LEFT I_TURN_LEFT I_JUMP I_TURN_LEFT I_TURN_LEFT I_JUMP
turn left thrice and walk opposite left	I_TURN_LEFT I_TURN_LEFT I_TURN_LEFT I_TURN_LEFT I_TURN_LEFT I_WALK
run around left thrice and look opposite left thrice	I_TURN_LEFT I_RUN I_TURN_LEFT I_RUN I_TURN_LEFT I_RUN I_TURN_LEFT I_RUN I_TURN_LEFT I_RUN I_TURN_LEFT I_RUN I_TURN_LEFT I_RUN I_TURN_LEFT I_RUN I_TURN_LEFT I_RUN I_TURN_LEFT I_RUN I_TURN_LEFT I_RUN I_TURN_LEFT I_RUN I_TURN_LEFT I_TURN_LEFT I_LOOK I_TURN_LEFT I_TURN_LEFT I_LOOK I_TURN_LEFT I_TURN_LEFT I_LOOK
turn right twice after run around left thrice	I_TURN_LEFT I_RUN I_TURN_LEFT I_RUN I_TURN_LEFT I_RUN I_TURN_LEFT I_RUN I_TURN_LEFT I_RUN I_TURN_LEFT I_RUN I_TURN_LEFT I_RUN I_TURN_LEFT I_RUN I_TURN_LEFT I_RUN I_TURN_LEFT I_RUN I_TURN_LEFT I_RUN I_TURN_LEFT I_RUN I_TURN_RIGHT I_TURN_RIGHT
turn around left and turn opposite left twice	I_TURN_LEFT I_TURN_LEFT I_TURN_LEFT I_TURN_LEFT I_TURN_LEFT I_TURN_LEFT I_TURN_LEFT I_TURN_LEFT
turn right thrice after jump around right thrice	I_TURN_RIGHT I_JUMP I_TURN_RIGHT I_JUMP I_TURN_RIGHT I_JUMP I_TURN_RIGHT I_JUMP I_TURN_RIGHT I_JUMP I_TURN_RIGHT I_JUMP I_TURN_RIGHT I_JUMP I_TURN_RIGHT I_JUMP I_TURN_RIGHT I_JUMP I_TURN_RIGHT I_JUMP I_TURN_RIGHT I_JUMP I_TURN_RIGHT I_JUMP I_TURN_RIGHT I_TURN_RIGHT I_TURN_RIGHT
jump opposite right twice and look right thrice	I_TURN_RIGHT I_TURN_RIGHT I_JUMP I_TURN_RIGHT I_TURN_RIGHT I_JUMP I_TURN_RIGHT I_LOOK I_TURN_RIGHT I_LOOK I_TURN_RIGHT I_LOOK
turn left twice after jump opposite left thrice	I_TURN_LEFT I_TURN_LEFT I_JUMP I_TURN_LEFT I_TURN_LEFT I_JUMP I_TURN_LEFT I_TURN_LEFT I_JUMP I_TURN_LEFT I_TURN_LEFT
walk and run opposite left	I_WALK I_TURN_LEFT I_TURN_LEFT I_RUN
jump left and run opposite left thrice	I_TURN_LEFT I_JUMP I_TURN_LEFT I_TURN_LEFT I_RUN I_TURN_LEFT I_TURN_LEFT I_RUN I_TURN_LEFT I_TURN_LEFT I_RUN
jump around left after look around right thrice	I_TURN_RIGHT I_LOOK I_TURN_RIGHT I_LOOK I_TURN_RIGHT I_LOOK I_TURN_RIGHT I_LOOK I_TURN_RIGHT I_LOOK I_TURN_RIGHT I_LOOK I_TURN_RIGHT I_LOOK I_TURN_RIGHT I_LOOK I_TURN_RIGHT I_LOOK I_TURN_RIGHT I_LOOK I_TURN_RIGHT I_LOOK I_TURN_RIGHT I_LOOK I_TURN_LEFT I_JUMP I_TURN_LEFT I_JUMP I_TURN_LEFT I_JUMP I_TURN_LEFT I_JUMP
walk left twice and turn opposite right twice	I_TURN_LEFT I_WALK I_TURN_LEFT I_WALK I_TURN_RIGHT I_TURN_RIGHT I_TURN_RIGHT I_TURN_RIGHT
walk thrice and run opposite right	I_WALK I_WALK I_WALK I_TURN_RIGHT I_TURN_RIGHT I_RUN
run opposite right twice and turn opposite left twice	I_TURN_RIGHT I_TURN_RIGHT I_RUN I_TURN_RIGHT I_TURN_RIGHT I_RUN I_TURN_LEFT I_TURN_LEFT I_TURN_LEFT I_TURN_LEFT
jump left thrice after look around left thrice	I_TURN_LEFT I_LOOK I_TURN_LEFT I_LOOK I_TURN_LEFT I_LOOK I_TURN_LEFT I_LOOK I_TURN_LEFT I_LOOK I_TURN_LEFT I_LOOK I_TURN_LEFT I_LOOK I_TURN_LEFT I_LOOK I_TURN_LEFT I_LOOK I_TURN_LEFT I_LOOK I_TURN_LEFT I_LOOK I_TURN_LEFT I_LOOK I_TURN_LEFT I_JUMP I_TURN_LEFT I_JUMP I_TURN_LEFT I_JUMP
jump around right thrice after walk opposite right thrice	I_TURN_RIGHT I_TURN_RIGHT I_WALK I_TURN_RIGHT I_TURN_RIGHT I_WALK I_TURN_RIGHT I_TURN_RIGHT I_WALK I_TURN_RIGHT I_JUMP I_TURN_RIGHT I_JUMP I_TURN_RIGHT I_JUMP I_TURN_RIGHT I_JUMP I_TURN_RIGHT I_JUMP I_TURN_RIGHT I_JUMP I_TURN_RIGHT I_JUMP I_TURN_RIGHT I_JUMP I_TURN_RIGHT I_JUMP I_TURN_RIGHT I_JUMP I_TURN_RIGHT I_JUMP I_TURN_RIGHT I_JUMP
jump opposite right thrice and turn opposite left	I_TURN_RIGHT I_TURN_RIGHT I_JUMP I_TURN_RIGHT I_TURN_RIGHT I_JUMP I_TURN_RIGHT I_TURN_RIGHT I_JUMP I_TURN_LEFT I_TURN_LEFT
run opposite left and run left	I_TURN_LEFT I_TURN_LEFT I_RUN I_TURN_LEFT I_RUN
turn opposite right thrice and jump around left twice	I_TURN_RIGHT I_TURN_RIGHT I_TURN_RIGHT I_TURN_RIGHT I_TURN_RIGHT I_TURN_RIGHT I_TURN_LEFT I_JUMP I_TURN_LEFT I_JUMP I_TURN_LEFT I_JUMP I_TURN_LEFT I_JUMP I_TURN_LEFT I_JUMP I_TURN_LEFT I_JUMP I_TURN_LEFT I_JUMP I_TURN_LEFT I_JUMP
turn around left twice after walk opposite left twice	I_TURN_LEFT I_TURN_LEFT I_WALK I_TURN_LEFT I_TURN_LEFT I_WALK I_TURN_LEFT I_TURN_LEFT I_TURN_LEFT I_TURN_LEFT I_TURN_LEFT I_TURN_LEFT I_TURN_LEFT I_TURN_LEFT
walk around right thrice after run left	I_TURN_LEFT I_RUN I_TURN_RIGHT I_WALK I_TURN_RIGHT I_WALK I_TURN_RIGHT I_WALK I_TURN_RIGHT I_WALK I_TURN_RIGHT I_WALK I_TURN_RIGHT I_WALK I_TURN_RIGHT I_WALK I_TURN_RIGHT I_WALK I_TURN_RIGHT I_WALK I_TURN_RIGHT I_WALK I_TURN_RIGHT I_WALK I_TURN_RIGHT I_WALK
look thrice after jump around left twice	I_TURN_LEFT I_JUMP I_TURN_LEFT I_JUMP I_TURN_LEFT I_JUMP I_TURN_LEFT I_JUMP I_TURN_LEFT I_JUMP I_TURN_LEFT I_JUMP I_TURN_LEFT I_JUMP I_TURN_LEFT I_JUMP I_LOOK I_LOOK I_LOOK
walk around left twice and walk twice	I_TURN_LEFT I_WALK I_TURN_LEFT I_WALK I_TURN_LEFT I_WALK I_TURN_LEFT I_WALK I_TURN_LEFT I_WALK I_TURN_LEFT I_WALK I_TURN_LEFT I_WALK I_TURN_LEFT I_WALK I_WALK I_WALK
run right twice after jump opposite right thrice	I_TURN_RIGHT I_TURN_RIGHT I_JUMP I_TURN_RIGHT I_TURN_RIGHT I_JUMP I_TURN_RIGHT I_TURN_RIGHT I_JUMP I_TURN_RIGHT I_RUN I_TURN_RIGHT I_RUN
turn opposite right thrice and walk left twice	I_TURN_RIGHT I_TURN_RIGHT I_TURN_RIGHT I_TURN_RIGHT I_TURN_RIGHT I_TURN_RIGHT I_TURN_LEFT I_WALK I_TURN_LEFT I_WALK
walk around left twice and walk opposite right	I_TURN_LEFT I_WALK I_TURN_LEFT I_WALK I_TURN_LEFT I_WALK I_TURN_LEFT I_WALK I_TURN_LEFT I_WALK I_TURN_LEFT I_WALK I_TURN_LEFT I_WALK I_TURN_LEFT I_WALK I_TURN_RIGHT I_TURN_RIGHT I_WALK
jump around left twice and jump opposite left twice	I_TURN_LEFT I_JUMP I_TURN_LEFT I_JUMP I_TURN_LEFT I_JUMP I_TURN_LEFT I_JUMP I_TURN_LEFT I_JUMP I_TURN_LEFT I_JUMP I_TURN_LEFT I_JUMP I_TURN_LEFT I_JUMP I_TURN_LEFT I_TURN_LEFT I_JUMP I_TURN_LEFT I_TURN_LEFT I_JUMP
walk around left thrice and turn around left thrice	I_TURN_LEFT I_WALK I_TURN_LEFT I_WALK I_TURN_LEFT I_WALK I_TURN_LEFT I_WALK I_TURN_LEFT I_WALK I_TURN_LEFT I_WALK I_TURN_LEFT I_WALK I_TURN_LEFT I_WALK I_TURN_LEFT I_WALK I_TURN_LEFT I_WALK I_TURN_LEFT I_WALK I_TURN_LEFT I_WALK I_TURN_LEFT I_TURN_LEFT I_TURN_LEFT I_TURN_LEFT I_TURN_LEFT I_TURN_LEFT I_TURN_LEFT I_TURN_LEFT I_TURN_LEFT I_TURN_LEFT I_TURN_LEFT I_TURN_LEFT
jump thrice after walk opposite left thrice	I_TURN_LEFT I_TURN_LEFT I_WALK I_TURN_LEFT I_TURN_LEFT I_WALK I_TURN_LEFT I_TURN_LEFT I_WALK I_JUMP I_JUMP I_JUMP
jump around left after turn opposite right	I_TURN_RIGHT I_TURN_RIGHT I_TURN_LEFT I_JUMP I_TURN_LEFT I_JUMP I_TURN_LEFT I_JUMP I_TURN_LEFT I_JUMP
run around right thrice after jump around left thrice	I_TURN_LEFT I_JUMP I_TURN_LEFT I_JUMP I_TURN_LEFT I_JUMP I_TURN_LEFT I_JUMP I_TURN_LEFT I_JUMP I_TURN_LEFT I_JUMP I_TURN_LEFT I_JUMP I_TURN_LEFT I_JUMP I_TURN_LEFT I_JUMP I_TURN_LEFT I_JUMP I_TURN_LEFT I_JUMP I_TURN_LEFT I_JUMP I_TURN_RIGHT I_RUN I_TURN_RIGHT I_RUN I_TURN_RIGHT I_RUN I_TURN_RIGHT I_RUN I_TURN_RIGHT I_RUN I_TURN_RIGHT I_RUN I_TURN_RIGHT I_RUN I_TURN_RIGHT I_RUN I_TURN_RIGHT I_RUN I_TURN_RIGHT I_RUN I_TURN_RIGHT I_RUN I_TURN_RIGHT I_RUN
walk around right after turn left thrice	I_TURN_LEFT I_TURN_LEFT I_TURN_LEFT I_TURN_RIGHT I_WALK I_TURN_RIGHT I_WALK I_TURN_RIGHT I_WALK I_TURN_RIGHT I_WALK
look right after turn around right thrice	I_TURN_RIGHT I_TURN_RIGHT I_TURN_RIGHT I_TURN_RIGHT I_TURN_RIGHT I_TURN_RIGHT I_TURN_RIGHT I_TURN_RIGHT I_TURN_RIGHT I_TURN_RIGHT I_TURN_RIGHT I_TURN_RIGHT I_TURN_RIGHT I_LOOK
look around right thrice after jump	I_JUMP I_TURN_RIGHT I_LOOK I_TURN_RIGHT I_LOOK I_TURN_RIGHT I_LOOK I_TURN_RIGHT I_LOOK I_TURN_RIGHT I_LOOK I_TURN_RIGHT I_LOOK I_TURN_RIGHT I_LOOK I_TURN_RIGHT I_LOOK I_TURN_RIGHT I_LOOK I_TURN_RIGHT I_LOOK I_TURN_RIGHT I_LOOK I_TURN_RIGHT I_LOOK
jump thrice and walk opposite right	I_JUMP I_JUMP I_JUMP I_TURN_RIGHT I_TURN_RIGHT I_WALK
jump opposite left twice and walk around left thrice	I_TURN_LEFT I_TURN_LEFT I_JUMP I_TURN_LEFT I_TURN_LEFT I_JUMP I_TURN_LEFT I_WALK I_TURN_LEFT I_WALK I_TURN_LEFT I_WALK I_TURN_LEFT I_WALK I_TURN_LEFT I_WALK I_TURN_LEFT I_WALK I_TURN_LEFT I_WALK I_TURN_LEFT I_WALK I_TURN_LEFT I_WALK I_TURN_LEFT I_WALK I_TURN_LEFT I_WALK I_TURN_LEFT I_WALK
run around left twice after look around left thrice	I_TURN_LEFT I_LOOK I_TURN_LEFT I_LOOK I_TURN_LEFT I_LOOK I_TURN_LEFT I_LOOK I_TURN_LEFT I_LOOK I_TURN_LEFT I_LOOK I_TURN_LEFT I_LOOK I_TURN_LEFT I_LOOK I_TURN_LEFT I_LOOK I_TURN_LEFT I_LOOK I_TURN_LEFT I_LOOK I_TURN_LEFT I_LOOK I_TURN_LEFT I_RUN I_TURN_LEFT I_RUN I_TURN_LEFT I_RUN I_TURN_LEFT I_RUN I_TURN_LEFT I_RUN I_TURN_LEFT I_RUN I_TURN_LEFT I_RUN I_TURN_LEFT I_RUN
run right twice after turn around right thrice	I_TURN_RIGHT I_TURN_RIGHT I_TURN_RIGHT I_TURN_RIGHT I_TURN_RIGHT I_TURN_RIGHT I_TURN_RIGHT I_TURN_RIGHT I_TURN_RIGHT I_TURN_RIGHT I_TURN_RIGHT I_TURN_RIGHT I_TURN_RIGHT I_RUN I_TURN_RIGHT I_RUN
jump opposite right after turn around left thrice	I_TURN_LEFT I_TURN_LEFT I_TURN_LEFT I_TURN_LEFT I_TURN_LEFT I_TURN_LEFT I_TURN_LEFT I_TURN_LEFT I_TURN_LEFT I_TURN_LEFT I_TURN_LEFT I_TURN_LEFT I_TURN_RIGHT I_TURN_RIGHT I_JUMP
look opposite right twice and walk around right thrice	I_TURN_RIGHT I_TURN_RIGHT I_LOOK I_TURN_RIGHT I_TURN_RIGHT I_LOOK I_TURN_RIGHT I_WALK I_TURN_RIGHT I_WALK I_TURN_RIGHT I_WALK I_TURN_RIGHT I_WALK I_TURN_RIGHT I_WALK I_TURN_RIGHT I_WALK I_TURN_RIGHT I_WALK I_TURN_RIGHT I_WALK I_TURN_RIGHT I_WALK I_TURN_RIGHT I_WALK I_TURN_RIGHT I_WALK I_TURN_RIGHT I_WALK
look right thrice and look opposite left twice	I_TURN_RIGHT I_LOOK I_TURN_RIGHT I_LOOK I_TURN_RIGHT I_LOOK I_TURN_LEFT I_TURN_LEFT I_LOOK I_TURN_LEFT I_TURN_LEFT I_LOOK
walk right after run around right	I_TURN_RIGHT I_RUN I_TURN_RIGHT I_RUN I_TURN_RIGHT I_RUN I_TURN_RIGHT I_RUN I_TURN_RIGHT I_WALK
turn around right and look twice	I_TURN_RIGHT I_TURN_RIGHT I_TURN_RIGHT I_TURN_RIGHT I_LOOK I_LOOK
walk around left and turn left thrice	I_TURN_LEFT I_WALK I_TURN_LEFT I_WALK I_TURN_LEFT I_WALK I_TURN_LEFT I_WALK I_TURN_LEFT I_TURN_LEFT I_TURN_LEFT
jump around right and walk twice	I_TURN_RIGHT I_JUMP I_TURN_RIGHT I_JUMP I_TURN_RIGHT I_JUMP I_TURN_RIGHT I_JUMP I_WALK I_WALK
walk around left thrice after run opposite right	I_TURN_RIGHT I_TURN_RIGHT I_RUN I_TURN_LEFT I_WALK I_TURN_LEFT I_WALK I_TURN_LEFT I_WALK I_TURN_LEFT I_WALK I_TURN_LEFT I_WALK I_TURN_LEFT I_WALK I_TURN_LEFT I_WALK I_TURN_LEFT I_WALK I_TURN_LEFT I_WALK I_TURN_LEFT I_WALK I_TURN_LEFT I_WALK I_TURN_LEFT I_WALK
run opposite right thrice after walk opposite left thrice	I_TURN_LEFT I_TURN_LEFT I_WALK I_TURN_LEFT I_TURN_LEFT I_WALK I_TURN_LEFT I_TURN_LEFT I_WALK I_TURN_RIGHT I_TURN_RIGHT I_RUN I_TURN_RIGHT I_TURN_RIGHT I_RUN I_TURN_RIGHT I_TURN_RIGHT I_RUN
walk opposite left after walk around left thrice	I_TURN_LEFT I_WALK I_TURN_LEFT I_WALK I_TURN_LEFT I_WALK I_TURN_LEFT I_WALK I_TURN_LEFT I_WALK I_TURN_LEFT I_WALK I_TURN_LEFT I_WALK I_TURN_LEFT I_WALK I_TURN_LEFT I_WALK I_TURN_LEFT I_WALK I_TURN_LEFT I_WALK I_TURN_LEFT I_WALK I_TURN_LEFT I_TURN_LEFT I_WALK
look opposite right twice after look right thrice	I_TURN_RIGHT I_LOOK I_TURN_RIGHT I_LOOK I_TURN_RIGHT I_LOOK I_TURN_RIGHT I_TURN_RIGHT I_LOOK I_TURN_RIGHT I_TURN_RIGHT I_LOOK
look left thrice after walk around right	I_TURN_RIGHT I_WALK I_TURN_RIGHT I_WALK I_TURN_RIGHT I_WALK I_TURN_RIGHT I_WALK I_TURN_LEFT I_LOOK I_TURN_LEFT I_LOOK I_TURN_LEFT I_LOOK
turn opposite right thrice after turn opposite left thrice	I_TURN_LEFT I_TURN_LEFT I_TURN_LEFT I_TURN_LEFT I_TURN_LEFT I_TURN_LEFT I_TURN_RIGHT I_TURN_RIGHT I_TURN_RIGHT I_TURN_RIGHT I_TURN_RIGHT I_TURN_RIGHT
turn around right twice and walk opposite left	I_TURN_RIGHT I_TURN_RIGHT I_TURN_RIGHT I_TURN_RIGHT I_TURN_RIGHT I_TURN_RIGHT I_TURN_RIGHT I_TURN_RIGHT I_TURN_LEFT I_TURN_LEFT I_WALK
jump around left thrice after look opposite left	I_TURN_LEFT I_TURN_LEFT I_LOOK I_TURN_LEFT I_JUMP I_TURN_LEFT I_JUMP I_TURN_LEFT I_JUMP I_TURN_LEFT I_JUMP I_TURN_LEFT I_JUMP I_TURN_LEFT I_JUMP I_TURN_LEFT I_JUMP I_TURN_LEFT I_JUMP I_TURN_LEFT I_JUMP I_TURN_LEFT I_JUMP I_TURN_LEFT I_JUMP I_TURN_LEFT I_JUMP
run around right twice and look left twice	I_TURN_RIGHT I_RUN I_TURN_RIGHT I_RUN I_TURN_RIGHT I_RUN I_TURN_RIGHT I_RUN I_TURN_RIGHT I_RUN I_TURN_RIGHT I_RUN I_TURN_RIGHT I_RUN I_TURN_RIGHT I_RUN I_TURN_LEFT I_LOOK I_TURN_LEFT I_LOOK
jump left twice after jump right twice	I_TURN_RIGHT I_JUMP I_TURN_RIGHT I_JUMP I_TURN_LEFT I_JUMP I_TURN_LEFT I_JUMP
jump around right after walk	I_WALK I_TURN_RIGHT I_JUMP I_TURN_RIGHT I_JUMP I_TURN_RIGHT I_JUMP I_TURN_RIGHT I_JUMP
look thrice and turn opposite left	I_LOOK I_LOOK I_LOOK I_TURN_LEFT I_TURN_LEFT
jump right thrice after run left thrice	I_TURN_LEFT I_RUN I_TURN_LEFT I_RUN I_TURN_LEFT I_RUN I_TURN_RIGHT I_JUMP I_TURN_RIGHT I_JUMP I_TURN_RIGHT I_JUMP
jump left twice and jump around right	I_TURN_LEFT I_JUMP I_TURN_LEFT I_JUMP I_TURN_RIGHT I_JUMP I_TURN_RIGHT I_JUMP I_TURN_RIGHT I_JUMP I_TURN_RIGHT I_JUMP
turn opposite right after turn opposite right twice	I_TURN_RIGHT I_TURN_RIGHT I_TURN_RIGHT I_TURN_RIGHT I_TURN_RIGHT I_TURN_RIGHT
turn opposite right twice after walk right	I_TURN_RIGHT I_WALK I_TURN_RIGHT I_TURN_RIGHT I_TURN_RIGHT I_TURN_RIGHT
turn opposite left twice after run left twice	I_TURN_LEFT I_RUN I_TURN_LEFT I_RUN I_TURN_LEFT I_TURN_LEFT I_TURN_LEFT I_TURN_LEFT
jump opposite left thrice and turn around right twice	I_TURN_LEFT I_TURN_LEFT I_JUMP I_TURN_LEFT I_TURN_LEFT I_JUMP I_TURN_LEFT I_TURN_LEFT I_JUMP I_TURN_RIGHT I_TURN_RIGHT I_TURN_RIGHT I_TURN_RIGHT I_TURN_RIGHT I_TURN_RIGHT I_TURN_RIGHT I_TURN_RIGHT
look opposite left after run right thrice	I_TURN_RIGHT I_RUN I_TURN_RIGHT I_RUN I_TURN_RIGHT I_RUN I_TURN_LEFT I_TURN_LEFT I_LOOK
turn around right and run around right	I_TURN_RIGHT I_TURN_RIGHT I_TURN_RIGHT I_TURN_RIGHT I_TURN_RIGHT I_RUN I_TURN_RIGHT I_RUN I_TURN_RIGHT I_RUN I_TURN_RIGHT I_RUN
run left and jump left	I_TURN_LEFT I_RUN I_TURN_LEFT I_JUMP
look opposite left twice and walk right twice	I_TURN_LEFT I_TURN_LEFT I_LOOK I_TURN_LEFT I_TURN_LEFT I_LOOK I_TURN_RIGHT I_WALK I_TURN_RIGHT I_WALK
look around left thrice after turn right twice	I_TURN_RIGHT I_TURN_RIGHT I_TURN_LEFT I_LOOK I_TURN_LEFT I_LOOK I_TURN_LEFT I_LOOK I_TURN_LEFT I_LOOK I_TURN_LEFT I_LOOK I_TURN_LEFT I_LOOK I_TURN_LEFT I_LOOK I_TURN_LEFT I_LOOK I_TURN_LEFT I_LOOK I_TURN_LEFT I_LOOK I_TURN_LEFT I_LOOK I_TURN_LEFT I_LOOK
jump left thrice and jump around right twice	I_TURN_LEFT I_JUMP I_TURN_LEFT I_JUMP I_TURN_LEFT I_JUMP I_TURN_RIGHT I_JUMP I_TURN_RIGHT I_JUMP I_TURN_RIGHT I_JUMP I_TURN_RIGHT I_JUMP I_TURN_RIGHT I_JUMP I_TURN_RIGHT I_JUMP I_TURN_RIGHT I_JUMP I_TURN_RIGHT I_JUMP
turn left twice after look right twice	I_TURN_RIGHT I_LOOK I_TURN_RIGHT I_LOOK I_TURN_LEFT I_TURN_LEFT
turn opposite left thrice and run opposite right thrice	I_TURN_LEFT I_TURN_LEFT I_TURN_LEFT I_TURN_LEFT I_TURN_LEFT I_TURN_LEFT I_TURN_RIGHT I_TURN_RIGHT I_RUN I_TURN_RIGHT I_TURN_RIGHT I_RUN I_TURN_RIGHT I_TURN_RIGHT I_RUN
jump opposite right after walk opposite left twice	I_TURN_LEFT I_TURN_LEFT I_WALK I_TURN_LEFT I_TURN_LEFT I_WALK I_TURN_RIGHT I_TURN_RIGHT I_JUMP
turn opposite left after look right twice	I_TURN_RIGHT I_LOOK I_TURN_RIGHT I_LOOK I_TURN_LEFT I_TURN_LEFT
walk opposite left after jump left thrice	I_TURN_LEFT I_JUMP I_TURN_LEFT I_JUMP I_TURN_LEFT I_JUMP I_TURN_LEFT I_TURN_LEFT I_WALK
walk opposite right and turn around left thrice	I_TURN_RIGHT I_TURN_RIGHT I_WALK I_TURN_LEFT I_TURN_LEFT I_TURN_LEFT I_TURN_LEFT I_TURN_LEFT I_TURN_LEFT I_TURN_LEFT I_TURN_LEFT I_TURN_LEFT I_TURN_LEFT I_TURN_LEFT I_TURN_LEFT
walk left thrice after turn right twice	I_TURN_RIGHT I_TURN_RIGHT I_TURN_LEFT I_WALK I_TURN_LEFT I_WALK I_TURN_LEFT I_WALK
jump twice and walk left	I_JUMP I_JUMP I_TURN_LEFT I_WALK
walk opposite right twice and look right twice	I_TURN_RIGHT I_TURN_RIGHT I_WALK I_TURN_RIGHT I_TURN_RIGHT I_WALK I_TURN_RIGHT I_LOOK I_TURN_RIGHT I_LOOK
look opposite left twice after jump around right twice	I_TURN_RIGHT I_JUMP I_TURN_RIGHT I_JUMP I_TURN_RIGHT I_JUMP I_TURN_RIGHT I_JUMP I_TURN_RIGHT I_JUMP I_TURN_RIGHT I_JUMP I_TURN_RIGHT I_JUMP I_TURN_RIGHT I_JUMP I_TURN_LEFT I_TURN_LEFT I_LOOK I_TURN_LEFT I_TURN_LEFT I_LOOK
run opposite left twice after jump opposite left thrice	I_TURN_LEFT I_TURN_LEFT I_JUMP I_TURN_LEFT I_TURN_LEFT I_JUMP I_TURN_LEFT I_TURN_LEFT I_JUMP I_TURN_LEFT I_TURN_LEFT I_RUN I_TURN_LEFT I_TURN_LEFT I_RUN
run around right twice and turn opposite left	I_TURN_RIGHT I_RUN I_TURN_RIGHT I_RUN I_TURN_RIGHT I_RUN I_TURN_RIGHT I_RUN I_TURN_RIGHT I_RUN I_TURN_RIGHT I_RUN I_TURN_RIGHT I_RUN I_TURN_RIGHT I_RUN I_TURN_LEFT I_TURN_LEFT
turn around right twice after look opposite left thrice	I_TURN_LEFT I_TURN_LEFT I_LOOK I_TURN_LEFT I_TURN_LEFT I_LOOK I_TURN_LEFT I_TURN_LEFT I_LOOK I_TURN_RIGHT I_TURN_RIGHT I_TURN_RIGHT I_TURN_RIGHT I_TURN_RIGHT I_TURN_RIGHT I_TURN_RIGHT I_TURN_RIGHT
turn around right thrice after walk around left	I_TURN_LEFT I_WALK I_TURN_LEFT I_WALK I_TURN_LEFT I_WALK I_TURN_LEFT I_WALK I_TURN_RIGHT I_TURN_RIGHT I_TURN_RIGHT I_TURN_RIGHT I_TURN_RIGHT I_TURN_RIGHT I_TURN_RIGHT I_TURN_RIGHT I_TURN_RIGHT I_TURN_RIGHT I_TURN_RIGHT I_TURN_RIGHT
jump left thrice and turn opposite left twice	I_TURN_LEFT I_JUMP I_TURN_LEFT I_JUMP I_TURN_LEFT I_JUMP I_TURN_LEFT I_TURN_LEFT I_TURN_LEFT I_TURN_LEFT
run right thrice and turn opposite right	I_TURN_RIGHT I_RUN I_TURN_RIGHT I_RUN I_TURN_RIGHT I_RUN I_TURN_RIGHT I_TURN_RIGHT
look around left twice after run left twice	I_TURN_LEFT I_RUN I_TURN_LEFT I_RUN I_TURN_LEFT I_LOOK I_TURN_LEFT I_LOOK I_TURN_LEFT I_LOOK I_TURN_LEFT I_LOOK I_TURN_LEFT I_LOOK I_TURN_LEFT I_LOOK I_TURN_LEFT I_LOOK I_TURN_LEFT I_LOOK
run right after turn left thrice	I_TURN_LEFT I_TURN_LEFT I_TURN_LEFT I_TURN_RIGHT I_RUN
run around left thrice after walk opposite left	I_TURN_LEFT I_TURN_LEFT I_WALK I_TURN_LEFT I_RUN I_TURN_LEFT I_RUN I_TURN_LEFT I_RUN I_TURN_LEFT I_RUN I_TURN_LEFT I_RUN I_TURN_LEFT I_RUN I_TURN_LEFT I_RUN I_TURN_LEFT I_RUN I_TURN_LEFT I_RUN I_TURN_LEFT I_RUN I_TURN_LEFT I_RUN I_TURN_LEFT I_RUN
look opposite left thrice and look right	I_TURN_LEFT I_TURN_LEFT I_LOOK I_TURN_LEFT I_TURN_LEFT I_LOOK I_TURN_LEFT I_TURN_LEFT I_LOOK I_TURN_RIGHT I_LOOK
run around left twice and turn around left thrice	I_TURN_LEFT I_RUN I_TURN_LEFT I_RUN I_TURN_LEFT I_RUN I_TURN_LEFT I_RUN I_TURN_LEFT I_RUN I_TURN_LEFT I_RUN I_TURN_LEFT I_RUN I_TURN_LEFT I_RUN I_TURN_LEFT I_TURN_LEFT I_TURN_LEFT I_TURN_LEFT I_TURN_LEFT I_TURN_LEFT I_TURN_LEFT I_TURN_LEFT I_TURN_LEFT I_TURN_LEFT I_TURN_LEFT I_TURN_LEFT
look opposite right after jump opposite left thrice	I_TURN_LEFT I_TURN_LEFT I_JUMP I_TURN_LEFT I_TURN_LEFT I_JUMP I_TURN_LEFT I_TURN_LEFT I_JUMP I_TURN_RIGHT I_TURN_RIGHT I_LOOK
run thrice after jump around left twice	I_TURN_LEFT I_JUMP I_TURN_LEFT I_JUMP I_TURN_LEFT I_JUMP I_TURN_LEFT I_JUMP I_TURN_LEFT I_JUMP I_TURN_LEFT I_JUMP I_TURN_LEFT I_JUMP I_TURN_LEFT I_JUMP I_RUN I_RUN I_RUN
turn right thrice and look around right	I_TURN_RIGHT I_TURN_RIGHT I_TURN_RIGHT I_TURN_RIGHT I_LOOK I_TURN_RIGHT I_LOOK I_TURN_RIGHT I_LOOK I_TURN_RIGHT I_LOOK
jump left after jump left twice	I_TURN_LEFT I_JUMP I_TURN_LEFT I_JUMP I_TURN_LEFT I_JUMP
jump right and turn around left thrice	I_TURN_RIGHT I_JUMP I_TURN_LEFT I_TURN_LEFT I_TURN_LEFT I_TURN_LEFT I_TURN_LEFT I_TURN_LEFT I_TURN_LEFT I_TURN_LEFT I_TURN_LEFT I_TURN_LEFT I_TURN_LEFT I_TURN_LEFT
look around left twice after walk around left	I_TURN_LEFT I_WALK I_TURN_LEFT I_WALK I_TURN_LEFT I_WALK I_TURN_LEFT I_WALK I_TURN_LEFT I_LOOK I_TURN_LEFT I_LOOK I_TURN_LEFT I_LOOK I_TURN_LEFT I_LOOK I_TURN_LEFT I_LOOK I_TURN_LEFT I_LOOK I_TURN_LEFT I_LOOK I_TURN_LEFT I_LOOK
run twice and walk opposite right twice	I_RUN I_RUN I_TURN_RIGHT I_TURN_RIGHT I_WALK I_TURN_RIGHT I_TURN_RIGHT I_WALK
run left and run around left	I_TURN_LEFT I_RUN I_TURN_LEFT I_RUN I_TURN_LEFT I_RUN I_TURN_LEFT I_RUN I_TURN_LEFT I_RUN
walk around left and look around left thrice	I_TURN_LEFT I_WALK I_TURN_LEFT I_WALK I_TURN_LEFT I_WALK I_TURN_LEFT I_WALK I_TURN_LEFT I_LOOK I_TURN_LEFT I_LOOK I_TURN_LEFT I_LOOK I_TURN_LEFT I_LOOK I_TURN_LEFT I_LOOK I_TURN_LEFT I_LOOK I_TURN_LEFT I_LOOK I_TURN_LEFT I_LOOK I_TURN_LEFT I_LOOK I_TURN_LEFT I_LOOK I_TURN_LEFT I_LOOK I_TURN_LEFT I_LOOK
turn opposite right twice and walk opposite left twice	I_TURN_RIGHT I_TURN_RIGHT I_TURN_RIGHT I_TURN_RIGHT I_TURN_LEFT I_TURN_LEFT I_WALK I_TURN_LEFT I_TURN_LEFT I_WALK
look opposite right twice after jump right	I_TURN_RIGHT I_JUMP I_TURN_RIGHT I_TURN_RIGHT I_LOOK I_TURN_RIGHT I_TURN_RIGHT I_LOOK
run left after look around right twice	I_TURN_RIGHT I_LOOK I_TURN_RIGHT I_LOOK I_TURN_RIGHT I_LOOK I_TURN_RIGHT I_LOOK I_TURN_RIGHT I_LOOK I_TURN_RIGHT I_LOOK I_TURN_RIGHT I_LOOK I_TURN_RIGHT I_LOOK I_TURN_LEFT I_RUN
walk around left after walk right twice	I_TURN_RIGHT I_WALK I_TURN_RIGHT I_WALK I_TURN_LEFT I_WALK I_TURN_LEFT I_WALK I_TURN_LEFT I_WALK I_TURN_LEFT I_WALK
look left thrice after run opposite right	I_TURN_RIGHT I_TURN_RIGHT I_RUN I_TURN_LEFT I_LOOK I_TURN_LEFT I_LOOK I_TURN_LEFT I_LOOK
look around left after look left thrice	I_TURN_LEFT I_LOOK I_TURN_LEFT I_LOOK I_TURN_LEFT I_LOOK I_TURN_LEFT I_LOOK I_TURN_LEFT I_LOOK I_TURN_LEFT I_LOOK I_TURN_LEFT I_LOOK
run opposite right thrice and jump around right twice	I_TURN_RIGHT I_TURN_RIGHT I_RUN I_TURN_RIGHT I_TURN_RIGHT I_RUN I_TURN_RIGHT I_TURN_RIGHT I_RUN I_TURN_RIGHT I_JUMP I_TURN_RIGHT I_JUMP I_TURN_RIGHT I_JUMP I_TURN_RIGHT I_JUMP I_TURN_RIGHT I_JUMP I_TURN_RIGHT I_JUMP I_TURN_RIGHT I_JUMP I_TURN_RIGHT I_JUMP
walk thrice after walk left twice	I_TURN_LEFT I_WALK I_TURN_LEFT I_WALK I_WALK I_WALK I_WALK
look left thrice and jump left twice	I_TURN_LEFT I_LOOK I_TURN_LEFT I_LOOK I_TURN_LEFT I_LOOK I_TURN_LEFT I_JUMP I_TURN_LEFT I_JUMP
turn right and look opposite left	I_TURN_RIGHT I_TURN_LEFT I_TURN_LEFT I_LOOK
run right after turn left	I_TURN_LEFT I_TURN_RIGHT I_RUN
walk right thrice and run left thrice	I_TURN_RIGHT I_WALK I_TURN_RIGHT I_WALK I_TURN_RIGHT I_WALK I_TURN_LEFT I_RUN I_TURN_LEFT I_RUN I_TURN_LEFT I_RUN
jump right twice and run opposite right thrice	I_TURN_RIGHT I_JUMP I_TURN_RIGHT I_JUMP I_TURN_RIGHT I_TURN_RIGHT I_RUN I_TURN_RIGHT I_TURN_RIGHT I_RUN I_TURN_RIGHT I_TURN_RIGHT I_RUN
jump around right twice after turn opposite left twice	I_TURN_LEFT I_TURN_LEFT I_TURN_LEFT I_TURN_LEFT I_TURN_RIGHT I_JUMP I_TURN_RIGHT I_JUMP I_TURN_RIGHT I_JUMP I_TURN_RIGHT I_JUMP I_TURN_RIGHT I_JUMP I_TURN_RIGHT I_JUMP I_TURN_RIGHT I_JUMP I_TURN_RIGHT I_JUMP
walk around right twice and jump twice	I_TURN_RIGHT I_WALK I_TURN_RIGHT I_WALK I_TURN_RIGHT I_WALK I_TURN_RIGHT I_WALK I_TURN_RIGHT I_WALK I_TURN_RIGHT I_WALK I_TURN_RIGHT I_WALK I_TURN_RIGHT I_WALK I_JUMP I_JUMP
turn opposite left twice after walk right thrice	I_TURN_RIGHT I_WALK I_TURN_RIGHT I_WALK I_TURN_RIGHT I_WALK I_TURN_LEFT I_TURN_LEFT I_TURN_LEFT I_TURN_LEFT
turn opposite right twice and jump opposite right	I_TURN_RIGHT I_TURN_RIGHT I_TURN_RIGHT I_TURN_RIGHT I_TURN_RIGHT I_TURN_RIGHT I_JUMP
jump thrice after look opposite left	I_TURN_LEFT I_TURN_LEFT I_LOOK I_JUMP I_JUMP I_JUMP
run around left thrice after jump left twice	I_TURN_LEFT I_JUMP I_TURN_LEFT I_JUMP I_TURN_LEFT I_RUN I_TURN_LEFT I_RUN I_TURN_LEFT I_RUN I_TURN_LEFT I_RUN I_TURN_LEFT I_RUN I_TURN_LEFT I_RUN I_TURN_LEFT I_RUN I_TURN_LEFT I_RUN I_TURN_LEFT I_RUN I_TURN_LEFT I_RUN I_TURN_LEFT I_RUN I_TURN_LEFT I_RUN
run opposite left after walk around right	I_TURN_RIGHT I_WALK I_TURN_RIGHT I_WALK I_TURN_RIGHT I_WALK I_TURN_RIGHT I_WALK I_TURN_LEFT I_TURN_LEFT I_RUN
jump left thrice and run	I_TURN_LEFT I_JUMP I_TURN_LEFT I_JUMP I_TURN_LEFT I_JUMP I_RUN
look opposite right twice after look around left thrice	I_TURN_LEFT I_LOOK I_TURN_LEFT I_LOOK I_TURN_LEFT I_LOOK I_TURN_LEFT I_LOOK I_TURN_LEFT I_LOOK I_TURN_LEFT I_LOOK I_TURN_LEFT I_LOOK I_TURN_LEFT I_LOOK I_TURN_LEFT I_LOOK I_TURN_LEFT I_LOOK I_TURN_LEFT I_LOOK I_TURN_LEFT I_LOOK I_TURN_RIGHT I_TURN_RIGHT I_LOOK I_TURN_RIGHT I_TURN_RIGHT I_LOOK
run left thrice and run thrice	I_TURN_LEFT I_RUN I_TURN_LEFT I_RUN I_TURN_LEFT I_RUN I_RUN I_RUN I_RUN
look around right thrice and look opposite left	I_TURN_RIGHT I_LOOK I_TURN_RIGHT I_LOOK I_TURN_RIGHT I_LOOK I_TURN_RIGHT I_LOOK I_TURN_RIGHT I_LOOK I_TURN_RIGHT I_LOOK I_TURN_RIGHT I_LOOK I_TURN_RIGHT I_LOOK I_TURN_RIGHT I_LOOK I_TURN_RIGHT I_LOOK I_TURN_RIGHT I_LOOK I_TURN_RIGHT I_LOOK I_TURN_LEFT I_TURN_LEFT I_LOOK
walk opposite left and look opposite right	I_TURN_LEFT I_TURN_LEFT I_WALK I_TURN_RIGHT I_TURN_RIGHT I_LOOK
walk opposite left after jump right thrice	I_TURN_RIGHT I_JUMP I_TURN_RIGHT I_JUMP I_TURN_RIGHT I_JUMP I_TURN_LEFT I_TURN_LEFT I_WALK
jump opposite right twice after run twice	I_RUN I_RUN I_TURN_RIGHT I_TURN_RIGHT I_JUMP I_TURN_RIGHT I_TURN_RIGHT I_JUMP
look opposite right twice after walk around left twice	I_TURN_LEFT I_WALK I_TURN_LEFT I_WALK I_TURN_LEFT I_WALK I_TURN_LEFT I_WALK I_TURN_LEFT I_WALK I_TURN_LEFT I_WALK I_TURN_LEFT I_WALK I_TURN_LEFT I_WALK I_TURN_RIGHT I_TURN_RIGHT I_LOOK I_TURN_RIGHT I_TURN_RIGHT I_LOOK
walk opposite right and jump opposite right twice	I_TURN_RIGHT I_TURN_RIGHT I_WALK I_TURN_RIGHT I_TURN_RIGHT I_JUMP I_TURN_RIGHT I_TURN_RIGHT I_JUMP
run opposite left after jump around right thrice	I_TURN_RIGHT I_JUMP I_TURN_RIGHT I_JUMP I_TURN_RIGHT I_JUMP I_TURN_RIGHT I_JUMP I_TURN_RIGHT I_JUMP I_TURN_RIGHT I_JUMP I_TURN_RIGHT I_JUMP I_TURN_RIGHT I_JUMP I_TURN_RIGHT I_JUMP I_TURN_RIGHT I_JUMP I_TURN_RIGHT I_JUMP I_TURN_RIGHT I_JUMP I_TURN_LEFT I_TURN_LEFT I_RUN
turn around left and look opposite right thrice	I_TURN_LEFT I_TURN_LEFT I_TURN_LEFT I_TURN_LEFT I_TURN_RIGHT I_TURN_RIGHT I_LOOK I_TURN_RIGHT I_TURN_RIGHT I_LOOK I_TURN_RIGHT I_TURN_RIGHT I_LOOK
run around right thrice after run around right	I_TURN_RIGHT I_RUN I_TURN_RIGHT I_RUN I_TURN_RIGHT I_RUN I_TURN_RIGHT I_RUN I_TURN_RIGHT I_RUN I_TURN_RIGHT I_RUN I_TURN_RIGHT I_RUN I_TURN_RIGHT I_RUN I_TURN_RIGHT I_RUN I_TURN_RIGHT I_RUN I_TURN_RIGHT I_RUN I_TURN_RIGHT I_RUN I_TURN_RIGHT I_RUN I_TURN_RIGHT I_RUN I_TURN_RIGHT I_RUN I_TURN_RIGHT I_RUN
run around left twice after walk around right	I_TURN_RIGHT I_WALK I_TURN_RIGHT I_WALK I_TURN_RIGHT I_WALK I_TURN_RIGHT I_WALK I_TURN_LEFT I_RUN I_TURN_LEFT I_RUN I_TURN_LEFT I_RUN I_TURN_LEFT I_RUN I_TURN_LEFT I_RUN I_TURN_LEFT I_RUN I_TURN_LEFT I_RUN I_TURN_LEFT I_RUN
turn around right twice after run right thrice	I_TURN_RIGHT I_RUN I_TURN_RIGHT I_RUN I_TURN_RIGHT I_RUN I_TURN_RIGHT I_TURN_RIGHT I_TURN_RIGHT I_TURN_RIGHT I_TURN_RIGHT I_TURN_RIGHT I_TURN_RIGHT I_TURN_RIGHT
jump opposite right twice after run right twice	I_TURN_RIGHT I_RUN I_TURN_RIGHT I_RUN I_TURN_RIGHT I_TURN_RIGHT I_JUMP I_TURN_RIGHT I_TURN_RIGHT I_JUMP
run left thrice and turn left twice	I_TURN_LEFT I_RUN I_TURN_LEFT I_RUN I_TURN_LEFT I_RUN I_TURN_LEFT I_TURN_LEFT
turn left thrice after walk thrice	I_WALK I_WALK I_WALK I_TURN_LEFT I_TURN_LEFT I_TURN_LEFT
look thrice and run opposite left thrice	I_LOOK I_LOOK I_LOOK I_TURN_LEFT I_TURN_LEFT I_RUN I_TURN_LEFT I_TURN_LEFT I_RUN I_TURN_LEFT I_TURN_LEFT I_RUN
run thrice after walk left twice	I_TURN_LEFT I_WALK I_TURN_LEFT I_WALK I_RUN I_RUN I_RUN
run opposite left twice after look right	I_TURN_RIGHT I_LOOK I_TURN_LEFT I_TURN_LEFT I_RUN I_TURN_LEFT I_TURN_LEFT I_RUN
turn left thrice and run opposite right	I_TURN_LEFT I_TURN_LEFT I_TURN_LEFT I_TURN_RIGHT I_TURN_RIGHT I_RUN
walk opposite right thrice after look opposite right	I_TURN_RIGHT I_TURN_RIGHT I_LOOK I_TURN_RIGHT I_TURN_RIGHT I_WALK I_TURN_RIGHT I_TURN_RIGHT I_WALK I_TURN_RIGHT I_TURN_RIGHT I_WALK
walk opposite right thrice and run opposite right thrice	I_TURN_RIGHT I_TURN_RIGHT I_WALK I_TURN_RIGHT I_TURN_RIGHT I_WALK I_TURN_RIGHT I_TURN_RIGHT I_WALK I_TURN_RIGHT I_TURN_RIGHT I_RUN I_TURN_RIGHT I_TURN_RIGHT I_RUN I_TURN_RIGHT I_TURN_RIGHT I_RUN
run right and run opposite left thrice	I_TURN_RIGHT I_RUN I_TURN_LEFT I_TURN_LEFT I_RUN I_TURN_LEFT I_TURN_LEFT I_RUN I_TURN_LEFT I_TURN_LEFT I_RUN
jump and turn opposite right twice	I_JUMP I_TURN_RIGHT I_TURN_RIGHT I_TURN_RIGHT I_TURN_RIGHT
jump around left twice after turn left	I_TURN_LEFT I_TURN_LEFT I_JUMP I_TURN_LEFT I_JUMP I_TURN_LEFT I_JUMP I_TURN_LEFT I_JUMP I_TURN_LEFT I_JUMP I_TURN_LEFT I_JUMP I_TURN_LEFT I_JUMP I_TURN_LEFT I_JUMP
look twice and run around right thrice	I_LOOK I_LOOK I_TURN_RIGHT I_RUN I_TURN_RIGHT I_RUN I_TURN_RIGHT I_RUN I_TURN_RIGHT I_RUN I_TURN_RIGHT I_RUN I_TURN_RIGHT I_RUN I_TURN_RIGHT I_RUN I_TURN_RIGHT I_RUN I_TURN_RIGHT I_RUN I_TURN_RIGHT I_RUN I_TURN_RIGHT I_RUN I_TURN_RIGHT I_RUN
walk right twice after run around left twice	I_TURN_LEFT I_RUN I_TURN_LEFT I_RUN I_TURN_LEFT I_RUN I_TURN_LEFT I_RUN I_TURN_LEFT I_RUN I_TURN_LEFT I_RUN I_TURN_LEFT I_RUN I_TURN_LEFT I_RUN I_TURN_RIGHT I_WALK I_TURN_RIGHT I_WALK
jump opposite right thrice after look thrice	I_LOOK I_LOOK I_LOOK I_TURN_RIGHT I_TURN_RIGHT I_JUMP I_TURN_RIGHT I_TURN_RIGHT I_JUMP I_TURN_RIGHT I_TURN_RIGHT I_JUMP
run after turn around left	I_TURN_LEFT I_TURN_LEFT I_TURN_LEFT I_TURN_LEFT I_RUN
look left after run right twice	I_TURN_RIGHT I_RUN I_TURN_RIGHT I_RUN I_TURN_LEFT I_LOOK
run left thrice after run around right	I_TURN_RIGHT I_RUN I_TURN_RIGHT I_RUN I_TURN_RIGHT I_RUN I_TURN_RIGHT I_RUN I_TURN_LEFT I_RUN I_TURN_LEFT I_RUN I_TURN_LEFT I_RUN
run right twice and walk	I_TURN_RIGHT I_RUN I_TURN_RIGHT I_RUN I_WALK
jump around right twice and jump right thrice	I_TURN_RIGHT I_JUMP I_TURN_RIGHT I_JUMP I_TURN_RIGHT I_JUMP I_TURN_RIGHT I_JUMP I_TURN_RIGHT I_JUMP I_TURN_RIGHT I_JUMP I_TURN_RIGHT I_JUMP I_TURN_RIGHT I_JUMP I_TURN_RIGHT I_JUMP I_TURN_RIGHT I_JUMP I_TURN_RIGHT I_JUMP
look left twice and jump	I_TURN_LEFT I_LOOK I_TURN_LEFT I_LOOK I_JUMP
run around left thrice after jump left	I_TURN_LEFT I_JUMP I_TURN_LEFT I_RUN I_TURN_LEFT I_RUN I_TURN_LEFT I_RUN I_TURN_LEFT I_RUN I_TURN_LEFT I_RUN I_TURN_LEFT I_RUN I_TURN_LEFT I_RUN I_TURN_LEFT I_RUN I_TURN_LEFT I_RUN I_TURN_LEFT I_RUN I_TURN_LEFT I_RUN I_TURN_LEFT I_RUN
run right twice and look twice	I_TURN_RIGHT I_RUN I_TURN_RIGHT I_RUN I_LOOK I_LOOK
turn left thrice after look around left thrice	I_TURN_LEFT I_LOOK I_TURN_LEFT I_LOOK I_TURN_LEFT I_LOOK I_TURN_LEFT I_LOOK I_TURN_LEFT I_LOOK I_TURN_LEFT I_LOOK I_TURN_LEFT I_LOOK I_TURN_LEFT I_LOOK I_TURN_LEFT I_LOOK I_TURN_LEFT I_LOOK I_TURN_LEFT I_LOOK I_TURN_LEFT I_LOOK I_TURN_LEFT I_TURN_LEFT I_TURN_LEFT
run twice and turn right twice	I_RUN I_RUN I_TURN_RIGHT I_TURN_RIGHT
run opposite right and jump right twice	I_TURN_RIGHT I_TURN_RIGHT I_RUN I_TURN_RIGHT I_JUMP I_TURN_RIGHT I_JUMP
run around left twice and turn around left twice	I_TURN_LEFT I_RUN I_TURN_LEFT I_RUN I_TURN_LEFT I_RUN I_TURN_LEFT I_RUN I_TURN_LEFT I_RUN I_TURN_LEFT I_RUN I_TURN_LEFT I_RUN I_TURN_LEFT I_RUN I_TURN_LEFT I_TURN_LEFT I_TURN_LEFT I_TURN_LEFT I_TURN_LEFT I_TURN_LEFT I_TURN_LEFT I_TURN_LEFT
turn right thrice after turn left twice	I_TURN_LEFT I_TURN_LEFT I_TURN_RIGHT I_TURN_RIGHT I_TURN_RIGHT
look around left twice after turn left twice	I_TURN_LEFT I_TURN_LEFT I_TURN_LEFT I_LOOK I_TURN_LEFT I_LOOK I_TURN_LEFT I_LOOK I_TURN_LEFT I_LOOK I_TURN_LEFT I_LOOK I_TURN_LEFT I_LOOK I_TURN_LEFT I_LOOK I_TURN_LEFT I_LOOK
turn left twice and turn left thrice	I_TURN_LEFT I_TURN_LEFT I_TURN_LEFT I_TURN_LEFT I_TURN_LEFT
walk left twice after look around left thrice	I_TURN_LEFT I_LOOK I_TURN_LEFT I_LOOK I_TURN_LEFT I_LOOK I_TURN_LEFT I_LOOK I_TURN_LEFT I_LOOK I_TURN_LEFT I_LOOK I_TURN_LEFT I_LOOK I_TURN_LEFT I_LOOK I_TURN_LEFT I_LOOK I_TURN_LEFT I_LOOK I_TURN_LEFT I_LOOK I_TURN_LEFT I_LOOK I_TURN_LEFT I_WALK I_TURN_LEFT I_WALK
run around right twice after jump opposite left thrice	I_TURN_LEFT I_TURN_LEFT I_JUMP I_TURN_LEFT I_TURN_LEFT I_JUMP I_TURN_LEFT I_TURN_LEFT I_JUMP I_TURN_RIGHT I_RUN I_TURN_RIGHT I_RUN I_TURN_RIGHT I_RUN I_TURN_RIGHT I_RUN I_TURN_RIGHT I_RUN I_TURN_RIGHT I_RUN I_TURN_RIGHT I_RUN I_TURN_RIGHT I_RUN
walk around right after turn opposite left twice	I_TURN_LEFT I_TURN_LEFT I_TURN_LEFT I_TURN_LEFT I_TURN_RIGHT I_WALK I_TURN_RIGHT I_WALK I_TURN_RIGHT I_WALK I_TURN_RIGHT I_WALK
turn right and jump opposite left thrice	I_TURN_RIGHT I_TURN_LEFT I_TURN_LEFT I_JUMP I_TURN_LEFT I_TURN_LEFT I_JUMP I_TURN_LEFT I_TURN_LEFT I_JUMP
walk after jump opposite left twice	I_TURN_LEFT I_TURN_LEFT I_JUMP I_TURN_LEFT I_TURN_LEFT I_JUMP I_WALK
walk opposite right twice and walk around left	I_TURN_RIGHT I_TURN_RIGHT I_WALK I_TURN_RIGHT I_TURN_RIGHT I_WALK I_TURN_LEFT I_WALK I_TURN_LEFT I_WALK I_TURN_LEFT I_WALK I_TURN_LEFT I_WALK
look opposite right thrice and run opposite left twice	I_TURN_RIGHT I_TURN_RIGHT I_LOOK I_TURN_RIGHT I_TURN_RIGHT I_LOOK I_TURN_RIGHT I_TURN_RIGHT I_LOOK I_TURN_LEFT I_TURN_LEFT I_RUN I_TURN_LEFT I_TURN_LEFT I_RUN
jump right thrice and look opposite right	I_TURN_RIGHT I_JUMP I_TURN_RIGHT I_JUMP I_TURN_RIGHT I_JUMP I_TURN_RIGHT I_TURN_RIGHT I_LOOK
run opposite right twice and turn left twice	I_TURN_RIGHT I_TURN_RIGHT I_RUN I_TURN_RIGHT I_TURN_RIGHT I_RUN I_TURN_LEFT I_TURN_LEFT
jump after turn around right twice	I_TURN_RIGHT I_TURN_RIGHT I_TURN_RIGHT I_TURN_RIGHT I_TURN_RIGHT I_TURN_RIGHT I_TURN_RIGHT I_TURN_RIGHT I_JUMP
turn right thrice and look opposite left	I_TURN_RIGHT I_TURN_RIGHT I_TURN_RIGHT I_TURN_LEFT I_TURN_LEFT I_LOOK
look around left twice after run around right	I_TURN_RIGHT I_RUN I_TURN_RIGHT I_RUN I_TURN_RIGHT I_RUN I_TURN_RIGHT I_RUN I_TURN_LEFT I_LOOK I_TURN_LEFT I_LOOK I_TURN_LEFT I_LOOK I_TURN_LEFT I_LOOK I_TURN_LEFT I_LOOK I_TURN_LEFT I_LOOK I_TURN_LEFT I_LOOK I_TURN_LEFT I_LOOK
turn around right thrice after jump right thrice	I_TURN_RIGHT I_JUMP I_TURN_RIGHT I_JUMP I_TURN_RIGHT I_JUMP I_TURN_RIGHT I_TURN_RIGHT I_TURN_RIGHT I_TURN_RIGHT I_TURN_RIGHT I_TURN_RIGHT I_TURN_RIGHT I_TURN_RIGHT I_TURN_RIGHT I_TURN_RIGHT I_TURN_RIGHT I_TURN_RIGHT
turn left thrice and turn around right thrice	I_TURN_LEFT I_TURN_LEFT I_TURN_LEFT I_TURN_RIGHT I_TURN_RIGHT I_TURN_RIGHT I_TURN_RIGHT I_TURN_RIGHT I_TURN_RIGHT I_TURN_RIGHT I_TURN_RIGHT I_TURN_RIGHT I_TURN_RIGHT I_TURN_RIGHT I_TURN_RIGHT
run opposite left and turn left twice	I_TURN_LEFT I_TURN_LEFT I_RUN I_TURN_LEFT I_TURN_LEFT
jump after look right	I_TURN_RIGHT I_LOOK I_JUMP
walk around left thrice after turn around left twice	I_TURN_LEFT I_TURN_LEFT I_TURN_LEFT I_TURN_LEFT I_TURN_LEFT I_TURN_LEFT I_TURN_LEFT I_TURN_LEFT I_TURN_LEFT I_WALK I_TURN_LEFT I_WALK I_TURN_LEFT I_WALK I_TURN_LEFT I_WALK I_TURN_LEFT I_WALK I_TURN_LEFT I_WALK I_TURN_LEFT I_WALK I_TURN_LEFT I_WALK I_TURN_LEFT I_WALK I_TURN_LEFT I_WALK I_TURN_LEFT I_WALK I_TURN_LEFT I_WALK
run left thrice and turn left thrice	I_TURN_LEFT I_RUN I_TURN_LEFT I_RUN I_TURN_LEFT I_RUN I_TURN_LEFT I_TURN_LEFT I_TURN_LEFT
turn around left thrice after look right thrice	I_TURN_RIGHT I_LOOK I_TURN_RIGHT I_LOOK I_TURN_RIGHT I_LOOK I_TURN_LEFT I_TURN_LEFT I_TURN_LEFT I_TURN_LEFT I_TURN_LEFT I_TURN_LEFT I_TURN_LEFT I_TURN_LEFT I_TURN_LEFT I_TURN_LEFT I_TURN_LEFT I_TURN_LEFT
walk around left thrice after jump	I_JUMP I_TURN_LEFT I_WALK I_TURN_LEFT I_WALK I_TURN_LEFT I_WALK I_TURN_LEFT I_WALK I_TURN_LEFT I_WALK I_TURN_LEFT I_WALK I_TURN_LEFT I_WALK I_TURN_LEFT I_WALK I_TURN_LEFT I_WALK I_TURN_LEFT I_WALK I_TURN_LEFT I_WALK I_TURN_LEFT I_WALK
run opposite left twice after turn around left	I_TURN_LEFT I_TURN_LEFT I_TURN_LEFT I_TURN_LEFT I_TURN_LEFT I_TURN_LEFT I_RUN I_TURN_LEFT I_TURN_LEFT I_RUN
look around right thrice and look twice	I_TURN_RIGHT I_LOOK I_TURN_RIGHT I_LOOK I_TURN_RIGHT I_LOOK I_TURN_RIGHT I_LOOK I_TURN_RIGHT I_LOOK I_TURN_RIGHT I_LOOK I_TURN_RIGHT I_LOOK I_TURN_RIGHT I_LOOK I_TURN_RIGHT I_LOOK I_TURN_RIGHT I_LOOK I_TURN_RIGHT I_LOOK I_TURN_RIGHT I_LOOK I_LOOK I_LOOK
look opposite left thrice and jump opposite left	I_TURN_LEFT I_TURN_LEFT I_LOOK I_TURN_LEFT I_TURN_LEFT I_LOOK I_TURN_LEFT I_TURN_LEFT I_LOOK I_TURN_LEFT I_TURN_LEFT I_JUMP
turn around right twice and walk opposite right twice	I_TURN_RIGHT I_TURN_RIGHT I_TURN_RIGHT I_TURN_RIGHT I_TURN_RIGHT I_TURN_RIGHT I_TURN_RIGHT I_TURN_RIGHT I_TURN_RIGHT I_TURN_RIGHT I_WALK I_TURN_RIGHT I_TURN_RIGHT I_WALK
jump around right thrice after run right twice	I_TURN_RIGHT I_RUN I_TURN_RIGHT I_RUN I_TURN_RIGHT I_JUMP I_TURN_RIGHT I_JUMP I_TURN_RIGHT I_JUMP I_TURN_RIGHT I_JUMP I_TURN_RIGHT I_JUMP I_TURN_RIGHT I_JUMP I_TURN_RIGHT I_JUMP I_TURN_RIGHT I_JUMP I_TURN_RIGHT I_JUMP I_TURN_RIGHT I_JUMP I_TURN_RIGHT I_JUMP I_TURN_RIGHT I_JUMP
jump and run right twice	I_JUMP I_TURN_RIGHT I_RUN I_TURN_RIGHT I_RUN
look right thrice after walk opposite right twice	I_TURN_RIGHT I_TURN_RIGHT I_WALK I_TURN_RIGHT I_TURN_RIGHT I_WALK I_TURN_RIGHT I_LOOK I_TURN_RIGHT I_LOOK I_TURN_RIGHT I_LOOK
look around right thrice and turn opposite left twice	I_TURN_RIGHT I_LOOK I_TURN_RIGHT I_LOOK I_TURN_RIGHT I_LOOK I_TURN_RIGHT I_LOOK I_TURN_RIGHT I_LOOK I_TURN_RIGHT I_LOOK I_TURN_RIGHT I_LOOK I_TURN_RIGHT I_LOOK I_TURN_RIGHT I_LOOK I_TURN_RIGHT I_LOOK I_TURN_RIGHT I_LOOK I_TURN_RIGHT I_LOOK I_TURN_LEFT I_TURN_LEFT I_TURN_LEFT I_TURN_LEFT
turn opposite left and turn right thrice	I_TURN_LEFT I_TURN_LEFT I_TURN_RIGHT I_TURN_RIGHT I_TURN_RIGHT
look right thrice after look around right	I_TURN_RIGHT I_LOOK I_TURN_RIGHT I_LOOK I_TURN_RIGHT I_LOOK I_TURN_RIGHT I_LOOK I_TURN_RIGHT I_LOOK I_TURN_RIGHT I_LOOK I_TURN_RIGHT I_LOOK
run around left thrice after walk opposite right	I_TURN_RIGHT I_TURN_RIGHT I_WALK I_TURN_LEFT I_RUN I_TURN_LEFT I_RUN I_TURN_LEFT I_RUN I_TURN_LEFT I_RUN I_TURN_LEFT I_RUN I_TURN_LEFT I_RUN I_TURN_LEFT I_RUN I_TURN_LEFT I_RUN I_TURN_LEFT I_RUN I_TURN_LEFT I_RUN I_TURN_LEFT I_RUN I_TURN_LEFT I_RUN
turn around left after walk around left	I_TURN_LEFT I_WALK I_TURN_LEFT I_WALK I_TURN_LEFT I_WALK I_TURN_LEFT I_WALK I_TURN_LEFT I_TURN_LEFT I_TURN_LEFT I_TURN_LEFT
turn around left after run opposite right	I_TURN_RIGHT I_TURN_RIGHT I_RUN I_TURN_LEFT I_TURN_LEFT I_TURN_LEFT I_TURN_LEFT
run left thrice after look around left	I_TURN_LEFT I_LOOK I_TURN_LEFT I_LOOK I_TURN_LEFT I_LOOK I_TURN_LEFT I_LOOK I_TURN_LEFT I_RUN I_TURN_LEFT I_RUN I_TURN_LEFT I_RUN
walk around left after turn opposite right twice	I_TURN_RIGHT I_TURN_RIGHT I_TURN_RIGHT I_TURN_RIGHT I_TURN_LEFT I_WALK I_TURN_LEFT I_WALK I_TURN_LEFT I_WALK I_TURN_LEFT I_WALK
jump around left thrice after walk twice	I_WALK I_WALK I_TURN_LEFT I_JUMP I_TURN_LEFT I_JUMP I_TURN_LEFT I_JUMP I_TURN_LEFT I_JUMP I_TURN_LEFT I_JUMP I_TURN_LEFT I_JUMP I_TURN_LEFT I_JUMP I_TURN_LEFT I_JUMP I_TURN_LEFT I_JUMP I_TURN_LEFT I_JUMP I_TURN_LEFT I_JUMP I_TURN_LEFT I_JUMP
run thrice and jump opposite right thrice	I_RUN I_RUN I_RUN I_TURN_RIGHT I_TURN_RIGHT I_JUMP I_TURN_RIGHT I_TURN_RIGHT I_JUMP I_TURN_RIGHT I_TURN_RIGHT I_JUMP
look around left and turn opposite right thrice	I_TURN_LEFT I_LOOK I_TURN_LEFT I_LOOK I_TURN_LEFT I_LOOK I_TURN_LEFT I_LOOK I_TURN_RIGHT I_TURN_RIGHT I_TURN_RIGHT I_TURN_RIGHT I_TURN_RIGHT I_TURN_RIGHT
turn around left twice after look opposite right	I_TURN_RIGHT I_TURN_RIGHT I_LOOK I_TURN_LEFT I_TURN_LEFT I_TURN_LEFT I_TURN_LEFT I_TURN_LEFT I_TURN_LEFT I_TURN_LEFT I_TURN_LEFT
run right and turn right twice	I_TURN_RIGHT I_RUN I_TURN_RIGHT I_TURN_RIGHT
turn around left thrice after walk left	I_TURN_LEFT I_WALK I_TURN_LEFT I_TURN_LEFT I_TURN_LEFT I_TURN_LEFT I_TURN_LEFT I_TURN_LEFT I_TURN_LEFT I_TURN_LEFT I_TURN_LEFT I_TURN_LEFT I_TURN_LEFT I_TURN_LEFT
walk around left twice after turn opposite left twice	I_TURN_LEFT I_TURN_LEFT I_TURN_LEFT I_TURN_LEFT I_TURN_LEFT I_WALK I_TURN_LEFT I_WALK I_TURN_LEFT I_WALK I_TURN_LEFT I_WALK I_TURN_LEFT I_WALK I_TURN_LEFT I_WALK I_TURN_LEFT I_WALK I_TURN_LEFT I_WALK
turn right thrice after run twice	I_RUN I_RUN I_TURN_RIGHT I_TURN_RIGHT I_TURN_RIGHT
run left twice after walk opposite right thrice	I_TURN_RIGHT I_TURN_RIGHT I_WALK I_TURN_RIGHT I_TURN_RIGHT I_WALK I_TURN_RIGHT I_TURN_RIGHT I_WALK I_TURN_LEFT I_RUN I_TURN_LEFT I_RUN
walk right thrice after jump right	I_TURN_RIGHT I_JUMP I_TURN_RIGHT I_WALK I_TURN_RIGHT I_WALK I_TURN_RIGHT I_WALK
walk left thrice and turn right thrice	I_TURN_LEFT I_WALK I_TURN_LEFT I_WALK I_TURN_LEFT I_WALK I_TURN_RIGHT I_TURN_RIGHT I_TURN_RIGHT
walk right after jump around left	I_TURN_LEFT I_JUMP I_TURN_LEFT I_JUMP I_TURN_LEFT I_JUMP I_TURN_LEFT I_JUMP I_TURN_RIGHT I_WALK
turn around left and jump opposite right	I_TURN_LEFT I_TURN_LEFT I_TURN_LEFT I_TURN_LEFT I_TURN_RIGHT I_TURN_RIGHT I_JUMP
jump thrice and walk opposite left thrice	I_JUMP I_JUMP I_JUMP I_TURN_LEFT I_TURN_LEFT I_WALK I_TURN_LEFT I_TURN_LEFT I_WALK I_TURN_LEFT I_TURN_LEFT I_WALK
run around left twice and run opposite left twice	I_TURN_LEFT I_RUN I_TURN_LEFT I_RUN I_TURN_LEFT I_RUN I_TURN_LEFT I_RUN I_TURN_LEFT I_RUN I_TURN_LEFT I_RUN I_TURN_LEFT I_RUN I_TURN_LEFT I_RUN I_TURN_LEFT I_TURN_LEFT I_RUN I_TURN_LEFT I_TURN_LEFT I_RUN
turn opposite right thrice after walk opposite left thrice	I_TURN_LEFT I_TURN_LEFT I_WALK I_TURN_LEFT I_TURN_LEFT I_WALK I_TURN_LEFT I_TURN_LEFT I_WALK I_TURN_RIGHT I_TURN_RIGHT I_TURN_RIGHT I_TURN_RIGHT I_TURN_RIGHT I_TURN_RIGHT
turn opposite right and look opposite right thrice	I_TURN_RIGHT I_TURN_RIGHT I_TURN_RIGHT I_TURN_RIGHT I_LOOK I_TURN_RIGHT I_TURN_RIGHT I_LOOK I_TURN_RIGHT I_TURN_RIGHT I_LOOK
walk opposite right thrice and look opposite left twice	I_TURN_RIGHT I_TURN_RIGHT I_WALK I_TURN_RIGHT I_TURN_RIGHT I_WALK I_TURN_RIGHT I_TURN_RIGHT I_WALK I_TURN_LEFT I_TURN_LEFT I_LOOK I_TURN_LEFT I_TURN_LEFT I_LOOK
walk left thrice and look	I_TURN_LEFT I_WALK I_TURN_LEFT I_WALK I_TURN_LEFT I_WALK I_LOOK
jump opposite left thrice after run opposite right thrice	I_TURN_RIGHT I_TURN_RIGHT I_RUN I_TURN_RIGHT I_TURN_RIGHT I_RUN I_TURN_RIGHT I_TURN_RIGHT I_RUN I_TURN_LEFT I_TURN_LEFT I_JUMP I_TURN_LEFT I_TURN_LEFT I_JUMP I_TURN_LEFT I_TURN_LEFT I_JUMP
look opposite right after jump	I_JUMP I_TURN_RIGHT I_TURN_RIGHT I_LOOK
run left thrice after run around right thrice	I_TURN_RIGHT I_RUN I_TURN_RIGHT I_RUN I_TURN_RIGHT I_RUN I_TURN_RIGHT I_RUN I_TURN_RIGHT I_RUN I_TURN_RIGHT I_RUN I_TURN_RIGHT I_RUN I_TURN_RIGHT I_RUN I_TURN_RIGHT I_RUN I_TURN_RIGHT I_RUN I_TURN_RIGHT I_RUN I_TURN_RIGHT I_RUN I_TURN_LEFT I_RUN I_TURN_LEFT I_RUN I_TURN_LEFT I_RUN
run opposite left thrice and walk right twice	I_TURN_LEFT I_TURN_LEFT I_RUN I_TURN_LEFT I_TURN_LEFT I_RUN I_TURN_LEFT I_TURN_LEFT I_RUN I_TURN_RIGHT I_WALK I_TURN_RIGHT I_WALK
walk around right thrice after turn left	I_TURN_LEFT I_TURN_RIGHT I_WALK I_TURN_RIGHT I_WALK I_TURN_RIGHT I_WALK I_TURN_RIGHT I_WALK I_TURN_RIGHT I_WALK I_TURN_RIGHT I_WALK I_TURN_RIGHT I_WALK I_TURN_RIGHT I_WALK I_TURN_RIGHT I_WALK I_TURN_RIGHT I_WALK I_TURN_RIGHT I_WALK I_TURN_RIGHT I_WALK
run around right twice after walk twice	I_WALK I_WALK I_TURN_RIGHT I_RUN I_TURN_RIGHT I_RUN I_TURN_RIGHT I_RUN I_TURN_RIGHT I_RUN I_TURN_RIGHT I_RUN I_TURN_RIGHT I_RUN I_TURN_RIGHT I_RUN I_TURN_RIGHT I_RUN
turn opposite left thrice and turn opposite right thrice	I_TURN_LEFT I_TURN_LEFT I_TURN_LEFT I_TURN_LEFT I_TURN_LEFT I_TURN_LEFT I_TURN_RIGHT I_TURN_RIGHT I_TURN_RIGHT I_TURN_RIGHT I_TURN_RIGHT I_TURN_RIGHT
walk left thrice and jump left	I_TURN_LEFT I_WALK I_TURN_LEFT I_WALK I_TURN_LEFT I_WALK I_TURN_LEFT I_JUMP
run twice after look opposite left twice	I_TURN_LEFT I_TURN_LEFT I_LOOK I_TURN_LEFT I_TURN_LEFT I_LOOK I_RUN I_RUN
walk right after turn around left	I_TURN_LEFT I_TURN_LEFT I_TURN_LEFT I_TURN_LEFT I_TURN_RIGHT I_WALK
walk opposite right after turn around left thrice	I_TURN_LEFT I_TURN_LEFT I_TURN_LEFT I_TURN_LEFT I_TURN_LEFT I_TURN_LEFT I_TURN_LEFT I_TURN_LEFT I_TURN_LEFT I_TURN_LEFT I_TURN_LEFT I_TURN_LEFT I_TURN_RIGHT I_TURN_RIGHT I_WALK
jump thrice and turn around right thrice	I_JUMP I_JUMP I_JUMP I_TURN_RIGHT I_TURN_RIGHT I_TURN_RIGHT I_TURN_RIGHT I_TURN_RIGHT I_TURN_RIGHT I_TURN_RIGHT I_TURN_RIGHT I_TURN_RIGHT I_TURN_RIGHT I_TURN_RIGHT I_TURN_RIGHT
look opposite left thrice and look opposite right	I_TURN_LEFT I_TURN_LEFT I_LOOK I_TURN_LEFT I_TURN_LEFT I_LOOK I_TURN_LEFT I_TURN_LEFT I_LOOK I_TURN_RIGHT I_TURN_RIGHT I_LOOK
run opposite right thrice and walk left twice	I_TURN_RIGHT I_TURN_RIGHT I_RUN I_TURN_RIGHT I_TURN_RIGHT I_RUN I_TURN_RIGHT I_TURN_RIGHT I_RUN I_TURN_LEFT I_WALK I_TURN_LEFT I_WALK
jump thrice after run around right	I_TURN_RIGHT I_RUN I_TURN_RIGHT I_RUN I_TURN_RIGHT I_RUN I_TURN_RIGHT I_RUN I_JUMP I_JUMP I_JUMP
run right twice after turn opposite right twice	I_TURN_RIGHT I_TURN_RIGHT I_TURN_RIGHT I_TURN_RIGHT I_TURN_RIGHT I_RUN I_TURN_RIGHT I_RUN
jump around left thrice after jump left	I_TURN_LEFT I_JUMP I_TURN_LEFT I_JUMP I_TURN_LEFT I_JUMP I_TURN_LEFT I_JUMP I_TURN_LEFT I_JUMP I_TURN_LEFT I_JUMP I_TURN_LEFT I_JUMP I_TURN_LEFT I_JUMP I_TURN_LEFT I_JUMP I_TURN_LEFT I_JUMP I_TURN_LEFT I_JUMP I_TURN_LEFT I_JUMP I_TURN_LEFT I_JUMP
look opposite right thrice and jump right	I_TURN_RIGHT I_TURN_RIGHT I_LOOK I_TURN_RIGHT I_TURN_RIGHT I_LOOK I_TURN_RIGHT I_TURN_RIGHT I_LOOK I_TURN_RIGHT I_JUMP
walk left after look around right twice	I_TURN_RIGHT I_LOOK I_TURN_RIGHT I_LOOK I_TURN_RIGHT I_LOOK I_TURN_RIGHT I_LOOK I_TURN_RIGHT I_LOOK I_TURN_RIGHT I_LOOK I_TURN_RIGHT I_LOOK I_TURN_RIGHT I_LOOK I_TURN_LEFT I_WALK
look right thrice and jump right	I_TURN_RIGHT I_LOOK I_TURN_RIGHT I_LOOK I_TURN_RIGHT I_LOOK I_TURN_RIGHT I_JUMP
look around right twice and look	I_TURN_RIGHT I_LOOK I_TURN_RIGHT I_LOOK I_TURN_RIGHT I_LOOK I_TURN_RIGHT I_LOOK I_TURN_RIGHT I_LOOK I_TURN_RIGHT I_LOOK I_TURN_RIGHT I_LOOK I_TURN_RIGHT I_LOOK I_LOOK
run around right thrice and look opposite left thrice	I_TURN_RIGHT I_RUN I_TURN_RIGHT I_RUN I_TURN_RIGHT I_RUN I_TURN_RIGHT I_RUN I_TURN_RIGHT I_RUN I_TURN_RIGHT I_RUN I_TURN_RIGHT I_RUN I_TURN_RIGHT I_RUN I_TURN_RIGHT I_RUN I_TURN_RIGHT I_RUN I_TURN_RIGHT I_RUN I_TURN_RIGHT I_RUN I_TURN_LEFT I_TURN_LEFT I_LOOK I_TURN_LEFT I_TURN_LEFT I_LOOK I_TURN_LEFT I_TURN_LEFT I_LOOK
turn left after run around right twice	I_TURN_RIGHT I_RUN I_TURN_RIGHT I_RUN I_TURN_RIGHT I_RUN I_TURN_RIGHT I_RUN I_TURN_RIGHT I_RUN I_TURN_RIGHT I_RUN I_TURN_RIGHT I_RUN I_TURN_RIGHT I_RUN I_TURN_LEFT
look around right and jump right twice	I_TURN_RIGHT I_LOOK I_TURN_RIGHT I_LOOK I_TURN_RIGHT I_LOOK I_TURN_RIGHT I_LOOK I_TURN_RIGHT I_JUMP I_TURN_RIGHT I_JUMP
turn around left thrice after walk opposite right	I_TURN_RIGHT I_TURN_RIGHT I_WALK I_TURN_LEFT I_TURN_LEFT I_TURN_LEFT I_TURN_LEFT I_TURN_LEFT I_TURN_LEFT I_TURN_LEFT I_TURN_LEFT I_TURN_LEFT I_TURN_LEFT I_TURN_LEFT I_TURN_LEFT
look opposite right thrice and turn around right twice	I_TURN_RIGHT I_TURN_RIGHT I_LOOK I_TURN_RIGHT I_TURN_RIGHT I_LOOK I_TURN_RIGHT I_TURN_RIGHT I_LOOK I_TURN_RIGHT I_TURN_RIGHT I_TURN_RIGHT I_TURN_RIGHT I_TURN_RIGHT I_TURN_RIGHT I_TURN_RIGHT I_TURN_RIGHT
walk left twice and jump left twice	I_TURN_LEFT I_WALK I_TURN_LEFT I_WALK I_TURN_LEFT I_JUMP I_TURN_LEFT I_JUMP
turn opposite right twice and look around left	I_TURN_RIGHT I_TURN_RIGHT I_TURN_RIGHT I_TURN_RIGHT I_TURN_LEFT I_LOOK I_TURN_LEFT I_LOOK I_TURN_LEFT I_LOOK I_TURN_LEFT I_LOOK
walk left after run right thrice	I_TURN_RIGHT I_RUN I_TURN_RIGHT I_RUN I_TURN_RIGHT I_RUN I_TURN_LEFT I_WALK
jump twice and walk twice	I_JUMP I_JUMP I_WALK I_WALK
look left twice and jump around left	I_TURN_LEFT I_LOOK I_TURN_LEFT I_LOOK I_TURN_LEFT I_JUMP I_TURN_LEFT I_JUMP I_TURN_LEFT I_JUMP I_TURN_LEFT I_JUMP
jump opposite left and look left twice	I_TURN_LEFT I_TURN_LEFT I_JUMP I_TURN_LEFT I_LOOK I_TURN_LEFT I_LOOK
walk left twice and run left twice	I_TURN_LEFT I_WALK I_TURN_LEFT I_WALK I_TURN_LEFT I_RUN I_TURN_LEFT I_RUN
run opposite right thrice after run around left twice	I_TURN_LEFT I_RUN I_TURN_LEFT I_RUN I_TURN_LEFT I_RUN I_TURN_LEFT I_RUN I_TURN_LEFT I_RUN I_TURN_LEFT I_RUN I_TURN_LEFT I_RUN I_TURN_LEFT I_RUN I_TURN_RIGHT I_TURN_RIGHT I_RUN I_TURN_RIGHT I_TURN_RIGHT I_RUN I_TURN_RIGHT I_TURN_RIGHT I_RUN
jump twice after run opposite left thrice	I_TURN_LEFT I_TURN_LEFT I_RUN I_TURN_LEFT I_TURN_LEFT I_RUN I_TURN_LEFT I_TURN_LEFT I_RUN I_JUMP I_JUMP
turn left thrice after run around right	I_TURN_RIGHT I_RUN I_TURN_RIGHT I_RUN I_TURN_RIGHT I_RUN I_TURN_RIGHT I_RUN I_TURN_LEFT I_TURN_LEFT I_TURN_LEFT
turn around left thrice after walk left twice	I_TURN_LEFT I_WALK I_TURN_LEFT I_WALK I_TURN_LEFT I_TURN_LEFT I_TURN_LEFT I_TURN_LEFT I_TURN_LEFT I_TURN_LEFT I_TURN_LEFT I_TURN_LEFT I_TURN_LEFT I_TURN_LEFT I_TURN_LEFT I_TURN_LEFT
run right thrice after turn left thrice	I_TURN_LEFT I_TURN_LEFT I_TURN_LEFT I_TURN_RIGHT I_RUN I_TURN_RIGHT I_RUN I_TURN_RIGHT I_RUN
walk right thrice after look opposite left	I_TURN_LEFT I_TURN_LEFT I_LOOK I_TURN_RIGHT I_WALK I_TURN_RIGHT I_WALK I_TURN_RIGHT I_WALK
jump opposite left twice and walk around right twice	I_TURN_LEFT I_TURN_LEFT I_JUMP I_TURN_LEFT I_TURN_LEFT I_JUMP I_TURN_RIGHT I_WALK I_TURN_RIGHT I_WALK I_TURN_RIGHT I_WALK I_TURN_RIGHT I_WALK I_TURN_RIGHT I_WALK I_TURN_RIGHT I_WALK I_TURN_RIGHT I_WALK I_TURN_RIGHT I_WALK
run opposite left twice after look around right thrice	I_TURN_RIGHT I_LOOK I_TURN_RIGHT I_LOOK I_TURN_RIGHT I_LOOK I_TURN_RIGHT I_LOOK I_TURN_RIGHT I_LOOK I_TURN_RIGHT I_LOOK I_TURN_RIGHT I_LOOK I_TURN_RIGHT I_LOOK I_TURN_RIGHT I_LOOK I_TURN_RIGHT I_LOOK I_TURN_RIGHT I_LOOK I_TURN_RIGHT I_LOOK I_TURN_LEFT I_TURN_LEFT I_RUN I_TURN_LEFT I_TURN_LEFT I_RUN
walk right twice after walk opposite left thrice	I_TURN_LEFT I_TURN_LEFT I_WALK I_TURN_LEFT I_TURN_LEFT I_WALK I_TURN_LEFT I_TURN_LEFT I_WALK I_TURN_RIGHT I_WALK I_TURN_RIGHT I_WALK
run opposite left after walk	I_WALK I_TURN_LEFT I_TURN_LEFT I_RUN
look twice after walk around left	I_TURN_LEFT I_WALK I_TURN_LEFT I_WALK I_TURN_LEFT I_WALK I_TURN_LEFT I_WALK I_LOOK I_LOOK
turn left thrice after turn opposite right twice	I_TURN_RIGHT I_TURN_RIGHT I_TURN_RIGHT I_TURN_RIGHT I_TURN_LEFT I_TURN_LEFT I_TURN_LEFT
jump opposite right after walk right twice	I_TURN_RIGHT I_WALK I_TURN_RIGHT I_WALK I_TURN_RIGHT I_TURN_RIGHT I_JUMP
look left after run around right	I_TURN_RIGHT I_RUN I_TURN_RIGHT I_RUN I_TURN_RIGHT I_RUN I_TURN_RIGHT I_RUN I_TURN_LEFT I_LOOK
run right twice and walk left	I_TURN_RIGHT I_RUN I_TURN_RIGHT I_RUN I_TURN_LEFT I_WALK
look opposite right and jump around right thrice	I_TURN_RIGHT I_TURN_RIGHT I_LOOK I_TURN_RIGHT I_JUMP I_TURN_RIGHT I_JUMP I_TURN_RIGHT I_JUMP I_TURN_RIGHT I_JUMP I_TURN_RIGHT I_JUMP I_TURN_RIGHT I_JUMP I_TURN_RIGHT I_JUMP I_TURN_RIGHT I_JUMP I_TURN_RIGHT I_JUMP I_TURN_RIGHT I_JUMP I_TURN_RIGHT I_JUMP I_TURN_RIGHT I_JUMP
turn left twice after run around left	I_TURN_LEFT I_RUN I_TURN_LEFT I_RUN I_TURN_LEFT I_RUN I_TURN_LEFT I_RUN I_TURN_LEFT I_TURN_LEFT
walk around left after walk around left	I_TURN_LEFT I_WALK I_TURN_LEFT I_WALK I_TURN_LEFT I_WALK I_TURN_LEFT I_WALK I_TURN_LEFT I_WALK I_TURN_LEFT I_WALK I_TURN_LEFT I_WALK I_TURN_LEFT I_WALK
run around right and turn opposite right	I_TURN_RIGHT I_RUN I_TURN_RIGHT I_RUN I_TURN_RIGHT I_RUN I_TURN_RIGHT I_RUN I_TURN_RIGHT I_TURN_RIGHT
look right twice and turn around right twice	I_TURN_RIGHT I_LOOK I_TURN_RIGHT I_LOOK I_TURN_RIGHT I_TURN_RIGHT I_TURN_RIGHT I_TURN_RIGHT I_TURN_RIGHT I_TURN_RIGHT I_TURN_RIGHT I_TURN_RIGHT
walk right twice and look	I_TURN_RIGHT I_WALK I_TURN_RIGHT I_WALK I_LOOK
jump opposite left and turn left twice	I_TURN_LEFT I_TURN_LEFT I_JUMP I_TURN_LEFT I_TURN_LEFT
walk opposite right after jump left	I_TURN_LEFT I_JUMP I_TURN_RIGHT I_TURN_RIGHT I_WALK
jump opposite left thrice after run around left twice	I_TURN_LEFT I_RUN I_TURN_LEFT I_RUN I_TURN_LEFT I_RUN I_TURN_LEFT I_RUN I_TURN_LEFT I_RUN I_TURN_LEFT I_RUN I_TURN_LEFT I_RUN I_TURN_LEFT I_RUN I_TURN_LEFT I_TURN_LEFT I_JUMP I_TURN_LEFT I_TURN_LEFT I_JUMP I_TURN_LEFT I_TURN_LEFT I_JUMP
jump twice and look around right	I_JUMP I_JUMP I_TURN_RIGHT I_LOOK I_TURN_RIGHT I_LOOK I_TURN_RIGHT I_LOOK I_TURN_RIGHT I_LOOK
jump twice after walk opposite right	I_TURN_RIGHT I_TURN_RIGHT I_WALK I_JUMP I_JUMP
run after walk around right thrice	I_TURN_RIGHT I_WALK I_TURN_RIGHT I_WALK I_TURN_RIGHT I_WALK I_TURN_RIGHT I_WALK I_TURN_RIGHT I_WALK I_TURN_RIGHT I_WALK I_TURN_RIGHT I_WALK I_TURN_RIGHT I_WALK I_TURN_RIGHT I_WALK I_TURN_RIGHT I_WALK I_TURN_RIGHT I_WALK I_TURN_RIGHT I_WALK I_RUN
look opposite right twice after look opposite left twice	I_TURN_LEFT I_TURN_LEFT I_LOOK I_TURN_LEFT I_TURN_LEFT I_LOOK I_TURN_RIGHT I_TURN_RIGHT I_LOOK I_TURN_RIGHT I_TURN_RIGHT I_LOOK
jump opposite left after jump around left thrice	I_TURN_LEFT I_JUMP I_TURN_LEFT I_JUMP I_TURN_LEFT I_JUMP I_TURN_LEFT I_JUMP I_TURN_LEFT I_JUMP I_TURN_LEFT I_JUMP I_TURN_LEFT I_JUMP I_TURN_LEFT I_JUMP I_TURN_LEFT I_JUMP I_TURN_LEFT I_JUMP I_TURN_LEFT I_JUMP I_TURN_LEFT I_JUMP I_TURN_LEFT I_TURN_LEFT I_JUMP
turn right thrice and turn right	I_TURN_RIGHT I_TURN_RIGHT I_TURN_RIGHT I_TURN_RIGHT
jump thrice after look right	I_TURN_RIGHT I_LOOK I_JUMP I_JUMP I_JUMP
run around right twice and turn opposite left thrice	I_TURN_RIGHT I_RUN I_TURN_RIGHT I_RUN I_TURN_RIGHT I_RUN I_TURN_RIGHT I_RUN I_TURN_RIGHT I_RUN I_TURN_RIGHT I_RUN I_TURN_RIGHT I_RUN I_TURN_RIGHT I_RUN I_TURN_LEFT I_TURN_LEFT I_TURN_LEFT I_TURN_LEFT I_TURN_LEFT I_TURN_LEFT
turn around left thrice after run left	I_TURN_LEFT I_RUN I_TURN_LEFT I_TURN_LEFT I_TURN_LEFT I_TURN_LEFT I_TURN_LEFT I_TURN_LEFT I_TURN_LEFT I_TURN_LEFT I_TURN_LEFT I_TURN_LEFT I_TURN_LEFT I_TURN_LEFT
jump opposite left after run right twice	I_TURN_RIGHT I_RUN I_TURN_RIGHT I_RUN I_TURN_LEFT I_TURN_LEFT I_JUMP
walk opposite right twice after run left	I_TURN_LEFT I_RUN I_TURN_RIGHT I_TURN_RIGHT I_WALK I_TURN_RIGHT I_TURN_RIGHT I_WALK
look around left thrice and run twice	I_TURN_LEFT I_LOOK I_TURN_LEFT I_LOOK I_TURN_LEFT I_LOOK I_TURN_LEFT I_LOOK I_TURN_LEFT I_LOOK I_TURN_LEFT I_LOOK I_TURN_LEFT I_LOOK I_TURN_LEFT I_LOOK I_TURN_LEFT I_LOOK I_TURN_LEFT I_LOOK I_TURN_LEFT I_LOOK I_TURN_LEFT I_LOOK I_RUN I_RUN
run around right twice after look right	I_TURN_RIGHT I_LOOK I_TURN_RIGHT I_RUN I_TURN_RIGHT I_RUN I_TURN_RIGHT I_RUN I_TURN_RIGHT I_RUN I_TURN_RIGHT I_RUN I_TURN_RIGHT I_RUN I_TURN_RIGHT I_RUN I_TURN_RIGHT I_RUN
look right twice after jump	I_JUMP I_TURN_RIGHT I_LOOK I_TURN_RIGHT I_LOOK
jump twice and turn opposite left thrice	I_JUMP I_JUMP I_TURN_LEFT I_TURN_LEFT I_TURN_LEFT I_TURN_LEFT I_TURN_LEFT I_TURN_LEFT
look left thrice and walk around left	I_TURN_LEFT I_LOOK I_TURN_LEFT I_LOOK I_TURN_LEFT I_LOOK I_TURN_LEFT I_WALK I_TURN_LEFT I_WALK I_TURN_LEFT I_WALK I_TURN_LEFT I_WALK
jump opposite right thrice and turn around right thrice	I_TURN_RIGHT I_TURN_RIGHT I_JUMP I_TURN_RIGHT I_TURN_RIGHT I_JUMP I_TURN_RIGHT I_TURN_RIGHT I_JUMP I_TURN_RIGHT I_TURN_RIGHT I_TURN_RIGHT I_TURN_RIGHT I_TURN_RIGHT I_TURN_RIGHT I_TURN_RIGHT I_TURN_RIGHT I_TURN_RIGHT I_TURN_RIGHT I_TURN_RIGHT I_TURN_RIGHT
run around left twice after turn right thrice	I_TURN_RIGHT I_TURN_RIGHT I_TURN_RIGHT I_TURN_LEFT I_RUN I_TURN_LEFT I_RUN I_TURN_LEFT I_RUN I_TURN_LEFT I_RUN I_TURN_LEFT I_RUN I_TURN_LEFT I_RUN I_TURN_LEFT I_RUN I_TURN_LEFT I_RUN
run opposite right thrice and look around left thrice	I_TURN_RIGHT I_TURN_RIGHT I_RUN I_TURN_RIGHT I_TURN_RIGHT I_RUN I_TURN_RIGHT I_TURN_RIGHT I_RUN I_TURN_LEFT I_LOOK I_TURN_LEFT I_LOOK I_TURN_LEFT I_LOOK I_TURN_LEFT I_LOOK I_TURN_LEFT I_LOOK I_TURN_LEFT I_LOOK I_TURN_LEFT I_LOOK I_TURN_LEFT I_LOOK I_TURN_LEFT I_LOOK I_TURN_LEFT I_LOOK I_TURN_LEFT I_LOOK I_TURN_LEFT I_LOOK
turn around right twice and look right thrice	I_TURN_RIGHT I_TURN_RIGHT I_TURN_RIGHT I_TURN_RIGHT I_TURN_RIGHT I_TURN_RIGHT I_TURN_RIGHT I_TURN_RIGHT I_TURN_RIGHT I_LOOK I_TURN_RIGHT I_LOOK I_TURN_RIGHT I_LOOK
run around right thrice after run left thrice	I_TURN_LEFT I_RUN I_TURN_LEFT I_RUN I_TURN_LEFT I_RUN I_TURN_RIGHT I_RUN I_TURN_RIGHT I_RUN I_TURN_RIGHT I_RUN I_TURN_RIGHT I_RUN I_TURN_RIGHT I_RUN I_TURN_RIGHT I_RUN I_TURN_RIGHT I_RUN I_TURN_RIGHT I_RUN I_TURN_RIGHT I_RUN I_TURN_RIGHT I_RUN I_TURN_RIGHT I_RUN I_TURN_RIGHT I_RUN
jump twice and turn around left	I_JUMP I_JUMP I_TURN_LEFT I_TURN_LEFT I_TURN_LEFT I_TURN_LEFT
look right after walk thrice	I_WALK I_WALK I_WALK I_TURN_RIGHT I_LOOK
run left twice after turn left thrice	I_TURN_LEFT I_TURN_LEFT I_TURN_LEFT I_TURN_LEFT I_RUN I_TURN_LEFT I_RUN
run around right thrice after run thrice	I_RUN I_RUN I_RUN I_TURN_RIGHT I_RUN I_TURN_RIGHT I_RUN I_TURN_RIGHT I_RUN I_TURN_RIGHT I_RUN I_TURN_RIGHT I_RUN I_TURN_RIGHT I_RUN I_TURN_RIGHT I_RUN I_TURN_RIGHT I_RUN I_TURN_RIGHT I_RUN I_TURN_RIGHT I_RUN I_TURN_RIGHT I_RUN I_TURN_RIGHT I_RUN
turn opposite right thrice after turn opposite left twice	I_TURN_LEFT I_TURN_LEFT I_TURN_LEFT I_TURN_LEFT I_TURN_RIGHT I_TURN_RIGHT I_TURN_RIGHT I_TURN_RIGHT I_TURN_RIGHT I_TURN_RIGHT
run thrice and turn around left twice	I_RUN I_RUN I_RUN I_TURN_LEFT I_TURN_LEFT I_TURN_LEFT I_TURN_LEFT I_TURN_LEFT I_TURN_LEFT I_TURN_LEFT I_TURN_LEFT
turn around left and turn opposite left	I_TURN_LEFT I_TURN_LEFT I_TURN_LEFT I_TURN_LEFT I_TURN_LEFT I_TURN_LEFT
walk opposite right twice and turn opposite left	I_TURN_RIGHT I_TURN_RIGHT I_WALK I_TURN_RIGHT I_TURN_RIGHT I_WALK I_TURN_LEFT I_TURN_LEFT
run around left thrice after run left twice	I_TURN_LEFT I_RUN I_TURN_LEFT I_RUN I_TURN_LEFT I_RUN I_TURN_LEFT I_RUN I_TURN_LEFT I_RUN I_TURN_LEFT I_RUN I_TURN_LEFT I_RUN I_TURN_LEFT I_RUN I_TURN_LEFT I_RUN I_TURN_LEFT I_RUN I_TURN_LEFT I_RUN I_TURN_LEFT I_RUN I_TURN_LEFT I_RUN I_TURN_LEFT I_RUN
walk opposite right twice after turn around left	I_TURN_LEFT I_TURN_LEFT I_TURN_LEFT I_TURN_LEFT I_TURN_RIGHT I_TURN_RIGHT I_WALK I_TURN_RIGHT I_TURN_RIGHT I_WALK
walk right thrice and walk around left thrice	I_TURN_RIGHT I_WALK I_TURN_RIGHT I_WALK I_TURN_RIGHT I_WALK I_TURN_LEFT I_WALK I_TURN_LEFT I_WALK I_TURN_LEFT I_WALK I_TURN_LEFT I_WALK I_TURN_LEFT I_WALK I_TURN_LEFT I_WALK I_TURN_LEFT I_WALK I_TURN_LEFT I_WALK I_TURN_LEFT I_WALK I_TURN_LEFT I_WALK I_TURN_LEFT I_WALK I_TURN_LEFT I_WALK
walk opposite right after turn around left	I_TURN_LEFT I_TURN_LEFT I_TURN_LEFT I_TURN_LEFT I_TURN_RIGHT I_TURN_RIGHT I_WALK
jump opposite right twice and walk right	I_TURN_RIGHT I_TURN_RIGHT I_JUMP I_TURN_RIGHT I_TURN_RIGHT I_JUMP I_TURN_RIGHT I_WALK
turn right thrice and look opposite left thrice	I_TURN_RIGHT I_TURN_RIGHT I_TURN_RIGHT I_TURN_LEFT I_TURN_LEFT I_LOOK I_TURN_LEFT I_TURN_LEFT I_LOOK I_TURN_LEFT I_TURN_LEFT I_LOOK
run around right after turn opposite left twice	I_TURN_LEFT I_TURN_LEFT I_TURN_LEFT I_TURN_LEFT I_TURN_RIGHT I_RUN I_TURN_RIGHT I_RUN I_TURN_RIGHT I_RUN I_TURN_RIGHT I_RUN
walk around right and jump around left twice	I_TURN_RIGHT I_WALK I_TURN_RIGHT I_WALK I_TURN_RIGHT I_WALK I_TURN_RIGHT I_WALK I_TURN_LEFT I_JUMP I_TURN_LEFT I_JUMP I_TURN_LEFT I_JUMP I_TURN_LEFT I_JUMP I_TURN_LEFT I_JUMP I_TURN_LEFT I_JUMP I_TURN_LEFT I_JUMP I_TURN_LEFT I_JUMP
turn right after jump opposite left	I_TURN_LEFT I_TURN_LEFT I_JUMP I_TURN_RIGHT
run right after run twice	I_RUN I_RUN I_TURN_RIGHT I_RUN
run around left thrice after walk around left twice	I_TURN_LEFT I_WALK I_TURN_LEFT I_WALK I_TURN_LEFT I_WALK I_TURN_LEFT I_WALK I_TURN_LEFT I_WALK I_TURN_LEFT I_WALK I_TURN_LEFT I_WALK I_TURN_LEFT I_WALK I_TURN_LEFT I_RUN I_TURN_LEFT I_RUN I_TURN_LEFT I_RUN I_TURN_LEFT I_RUN I_TURN_LEFT I_RUN I_TURN_LEFT I_RUN I_TURN_LEFT I_RUN I_TURN_LEFT I_RUN I_TURN_LEFT I_RUN I_TURN_LEFT I_RUN I_TURN_LEFT I_RUN I_TURN_LEFT I_RUN
walk right and jump left thrice	I_TURN_RIGHT I_WALK I_TURN_LEFT I_JUMP I_TURN_LEFT I_JUMP I_TURN_LEFT I_JUMP
look twice after walk opposite right twice	I_TURN_RIGHT I_TURN_RIGHT I_WALK I_TURN_RIGHT I_TURN_RIGHT I_WALK I_LOOK I_LOOK
turn right thrice and run around right thrice	I_TURN_RIGHT I_TURN_RIGHT I_TURN_RIGHT I_TURN_RIGHT I_RUN I_TURN_RIGHT I_RUN I_TURN_RIGHT I_RUN I_TURN_RIGHT I_RUN I_TURN_RIGHT I_RUN I_TURN_RIGHT I_RUN I_TURN_RIGHT I_RUN I_TURN_RIGHT I_RUN I_TURN_RIGHT I_RUN I_TURN_RIGHT I_RUN I_TURN_RIGHT I_RUN I_TURN_RIGHT I_RUN
look around left thrice and walk around left twice	I_TURN_LEFT I_LOOK I_TURN_LEFT I_LOOK I_TURN_LEFT I_LOOK I_TURN_LEFT I_LOOK I_TURN_LEFT I_LOOK I_TURN_LEFT I_LOOK I_TURN_LEFT I_LOOK I_TURN_LEFT I_LOOK I_TURN_LEFT I_LOOK I_TURN_LEFT I_LOOK I_TURN_LEFT I_LOOK I_TURN_LEFT I_LOOK I_TURN_LEFT I_WALK I_TURN_LEFT I_WALK I_TURN_LEFT I_WALK I_TURN_LEFT I_WALK I_TURN_LEFT I_WALK I_TURN_LEFT I_WALK I_TURN_LEFT I_WALK I_TURN_LEFT I_WALK
turn right thrice after jump opposite right	I_TURN_RIGHT I_TURN_RIGHT I_JUMP I_TURN_RIGHT I_TURN_RIGHT I_TURN_RIGHT
jump right twice after walk opposite left	I_TURN_LEFT I_TURN_LEFT I_WALK I_TURN_RIGHT I_JUMP I_TURN_RIGHT I_JUMP
walk opposite left thrice after run opposite left thrice	I_TURN_LEFT I_TURN_LEFT I_RUN I_TURN_LEFT I_TURN_LEFT I_RUN I_TURN_LEFT I_TURN_LEFT I_RUN I_TURN_LEFT I_TURN_LEFT I_WALK I_TURN_LEFT I_TURN_LEFT I_WALK I_TURN_LEFT I_TURN_LEFT I_WALK
walk left thrice after jump opposite right	I_TURN_RIGHT I_TURN_RIGHT I_JUMP I_TURN_LEFT I_WALK I_TURN_LEFT I_WALK I_TURN_LEFT I_WALK
run left after jump twice	I_JUMP I_JUMP I_TURN_LEFT I_RUN
look right thrice after run opposite left twice	I_TURN_LEFT I_TURN_LEFT I_RUN I_TURN_LEFT I_TURN_LEFT I_RUN I_TURN_RIGHT I_LOOK I_TURN_RIGHT I_LOOK I_TURN_RIGHT I_LOOK
look around right and jump opposite right	I_TURN_RIGHT I_LOOK I_TURN_RIGHT I_LOOK I_TURN_RIGHT I_LOOK I_TURN_RIGHT I_LOOK I_TURN_RIGHT I_TURN_RIGHT I_JUMP
run right thrice after turn right	I_TURN_RIGHT I_TURN_RIGHT I_RUN I_TURN_RIGHT I_RUN I_TURN_RIGHT I_RUN
look opposite right twice and run opposite left twice	I_TURN_RIGHT I_TURN_RIGHT I_LOOK I_TURN_RIGHT I_TURN_RIGHT I_LOOK I_TURN_LEFT I_TURN_LEFT I_RUN I_TURN_LEFT I_TURN_LEFT I_RUN
jump around right after look right twice	I_TURN_RIGHT I_LOOK I_TURN_RIGHT I_LOOK I_TURN_RIGHT I_JUMP I_TURN_RIGHT I_JUMP I_TURN_RIGHT I_JUMP I_TURN_RIGHT I_JUMP
turn left thrice after walk opposite right twice	I_TURN_RIGHT I_TURN_RIGHT I_WALK I_TURN_RIGHT I_TURN_RIGHT I_WALK I_TURN_LEFT I_TURN_LEFT I_TURN_LEFT
walk and walk opposite left	I_WALK I_TURN_LEFT I_TURN_LEFT I_WALK
turn opposite right twice and walk right twice	I_TURN_RIGHT I_TURN_RIGHT I_TURN_RIGHT I_TURN_RIGHT I_TURN_RIGHT I_WALK I_TURN_RIGHT I_WALK
walk and turn left thrice	I_WALK I_TURN_LEFT I_TURN_LEFT I_TURN_LEFT
look left thrice after look left	I_TURN_LEFT I_LOOK I_TURN_LEFT I_LOOK I_TURN_LEFT I_LOOK I_TURN_LEFT I_LOOK
jump left twice and run around right twice	I_TURN_LEFT I_JUMP I_TURN_LEFT I_JUMP I_TURN_RIGHT I_RUN I_TURN_RIGHT I_RUN I_TURN_RIGHT I_RUN I_TURN_RIGHT I_RUN I_TURN_RIGHT I_RUN I_TURN_RIGHT I_RUN I_TURN_RIGHT I_RUN I_TURN_RIGHT I_RUN
look opposite right thrice and jump left	I_TURN_RIGHT I_TURN_RIGHT I_LOOK I_TURN_RIGHT I_TURN_RIGHT I_LOOK I_TURN_RIGHT I_TURN_RIGHT I_LOOK I_TURN_LEFT I_JUMP
jump twice after run right thrice	I_TURN_RIGHT I_RUN I_TURN_RIGHT I_RUN I_TURN_RIGHT I_RUN I_JUMP I_JUMP
look around right thrice and walk around right	I_TURN_RIGHT I_LOOK I_TURN_RIGHT I_LOOK I_TURN_RIGHT I_LOOK I_TURN_RIGHT I_LOOK I_TURN_RIGHT I_LOOK I_TURN_RIGHT I_LOOK I_TURN_RIGHT I_LOOK I_TURN_RIGHT I_LOOK I_TURN_RIGHT I_LOOK I_TURN_RIGHT I_LOOK I_TURN_RIGHT I_LOOK I_TURN_RIGHT I_LOOK I_TURN_RIGHT I_WALK I_TURN_RIGHT I_WALK I_TURN_RIGHT I_WALK I_TURN_RIGHT I_WALK
run and run around left thrice	I_RUN I_TURN_LEFT I_RUN I_TURN_LEFT I_RUN I_TURN_LEFT I_RUN I_TURN_LEFT I_RUN I_TURN_LEFT I_RUN I_TURN_LEFT I_RUN I_TURN_LEFT I_RUN I_TURN_LEFT I_RUN I_TURN_LEFT I_RUN I_TURN_LEFT I_RUN I_TURN_LEFT I_RUN I_TURN_LEFT I_RUN
look around left thrice and jump twice	I_TURN_LEFT I_LOOK I_TURN_LEFT I_LOOK I_TURN_LEFT I_LOOK I_TURN_LEFT I_LOOK I_TURN_LEFT I_LOOK I_TURN_LEFT I_LOOK I_TURN_LEFT I_LOOK I_TURN_LEFT I_LOOK I_TURN_LEFT I_LOOK I_TURN_LEFT I_LOOK I_TURN_LEFT I_LOOK I_TURN_LEFT I_LOOK I_JUMP I_JUMP
run opposite right thrice after run around left thrice	I_TURN_LEFT I_RUN I_TURN_LEFT I_RUN I_TURN_LEFT I_RUN I_TURN_LEFT I_RUN I_TURN_LEFT I_RUN I_TURN_LEFT I_RUN I_TURN_LEFT I_RUN I_TURN_LEFT I_RUN I_TURN_LEFT I_RUN I_TURN_LEFT I_RUN I_TURN_LEFT I_RUN I_TURN_LEFT I_RUN I_TURN_RIGHT I_TURN_RIGHT I_RUN I_TURN_RIGHT I_TURN_RIGHT I_RUN I_TURN_RIGHT I_TURN_RIGHT I_RUN
run twice and jump left	I_RUN I_RUN I_TURN_LEFT I_JUMP
walk opposite right twice and walk right twice	I_TURN_RIGHT I_TURN_RIGHT I_WALK I_TURN_RIGHT I_TURN_RIGHT I_WALK I_TURN_RIGHT I_WALK I_TURN_RIGHT I_WALK
walk left thrice and run	I_TURN_LEFT I_WALK I_TURN_LEFT I_WALK I_TURN_LEFT I_WALK I_RUN
walk around right and look right thrice	I_TURN_RIGHT I_WALK I_TURN_RIGHT I_WALK I_TURN_RIGHT I_WALK I_TURN_RIGHT I_WALK I_TURN_RIGHT I_LOOK I_TURN_RIGHT I_LOOK I_TURN_RIGHT I_LOOK
jump opposite right twice and look opposite right thrice	I_TURN_RIGHT I_TURN_RIGHT I_JUMP I_TURN_RIGHT I_TURN_RIGHT I_JUMP I_TURN_RIGHT I_TURN_RIGHT I_LOOK I_TURN_RIGHT I_TURN_RIGHT I_LOOK I_TURN_RIGHT I_TURN_RIGHT I_LOOK
turn opposite left thrice and jump opposite left twice	I_TURN_LEFT I_TURN_LEFT I_TURN_LEFT I_TURN_LEFT I_TURN_LEFT I_TURN_LEFT I_TURN_LEFT I_TURN_LEFT I_JUMP I_TURN_LEFT I_TURN_LEFT I_JUMP
turn left and look	I_TURN_LEFT I_LOOK
walk right twice after look left thrice	I_TURN_LEFT I_LOOK I_TURN_LEFT I_LOOK I_TURN_LEFT I_LOOK I_TURN_RIGHT I_WALK I_TURN_RIGHT I_WALK
run opposite left twice and turn opposite right twice	I_TURN_LEFT I_TURN_LEFT I_RUN I_TURN_LEFT I_TURN_LEFT I_RUN I_TURN_RIGHT I_TURN_RIGHT I_TURN_RIGHT I_TURN_RIGHT
look around left thrice after jump right twice	I_TURN_RIGHT I_JUMP I_TURN_RIGHT I_JUMP I_TURN_LEFT I_LOOK I_TURN_LEFT I_LOOK I_TURN_LEFT I_LOOK I_TURN_LEFT I_LOOK I_TURN_LEFT I_LOOK I_TURN_LEFT I_LOOK I_TURN_LEFT I_LOOK I_TURN_LEFT I_LOOK I_TURN_LEFT I_LOOK I_TURN_LEFT I_LOOK I_TURN_LEFT I_LOOK I_TURN_LEFT I_LOOK
look around right thrice after jump around left twice	I_TURN_LEFT I_JUMP I_TURN_LEFT I_JUMP I_TURN_LEFT I_JUMP I_TURN_LEFT I_JUMP I_TURN_LEFT I_JUMP I_TURN_LEFT I_JUMP I_TURN_LEFT I_JUMP I_TURN_LEFT I_JUMP I_TURN_RIGHT I_LOOK I_TURN_RIGHT I_LOOK I_TURN_RIGHT I_LOOK I_TURN_RIGHT I_LOOK I_TURN_RIGHT I_LOOK I_TURN_RIGHT I_LOOK I_TURN_RIGHT I_LOOK I_TURN_RIGHT I_LOOK I_TURN_RIGHT I_LOOK I_TURN_RIGHT I_LOOK I_TURN_RIGHT I_LOOK I_TURN_RIGHT I_LOOK
walk left after run left twice	I_TURN_LEFT I_RUN I_TURN_LEFT I_RUN I_TURN_LEFT I_WALK
turn opposite left and look opposite right	I_TURN_LEFT I_TURN_LEFT I_TURN_RIGHT I_TURN_RIGHT I_LOOK
jump around left thrice and turn around right	I_TURN_LEFT I_JUMP I_TURN_LEFT I_JUMP I_TURN_LEFT I_JUMP I_TURN_LEFT I_JUMP I_TURN_LEFT I_JUMP I_TURN_LEFT I_JUMP I_TURN_LEFT I_JUMP I_TURN_LEFT I_JUMP I_TURN_LEFT I_JUMP I_TURN_LEFT I_JUMP I_TURN_LEFT I_JUMP I_TURN_LEFT I_JUMP I_TURN_RIGHT I_TURN_RIGHT I_TURN_RIGHT I_TURN_RIGHT
run around left thrice and turn opposite right	I_TURN_LEFT I_RUN I_TURN_LEFT I_RUN I_TURN_LEFT I_RUN I_TURN_LEFT I_RUN I_TURN_LEFT I_RUN I_TURN_LEFT I_RUN I_TURN_LEFT I_RUN I_TURN_LEFT I_RUN I_TURN_LEFT I_RUN I_TURN_LEFT I_RUN I_TURN_LEFT I_RUN I_TURN_LEFT I_RUN I_TURN_RIGHT I_TURN_RIGHT
look left thrice and run left thrice	I_TURN_LEFT I_LOOK I_TURN_LEFT I_LOOK I_TURN_LEFT I_LOOK I_TURN_LEFT I_RUN I_TURN_LEFT I_RUN I_TURN_LEFT I_RUN
walk around left twice and jump around left	I_TURN_LEFT I_WALK I_TURN_LEFT I_WALK I_TURN_LEFT I_WALK I_TURN_LEFT I_WALK I_TURN_LEFT I_WALK I_TURN_LEFT I_WALK I_TURN_LEFT I_WALK I_TURN_LEFT I_WALK I_TURN_LEFT I_JUMP I_TURN_LEFT I_JUMP I_TURN_LEFT I_JUMP I_TURN_LEFT I_JUMP
run around left thrice and turn around left twice	I_TURN_LEFT I_RUN I_TURN_LEFT I_RUN I_TURN_LEFT I_RUN I_TURN_LEFT I_RUN I_TURN_LEFT I_RUN I_TURN_LEFT I_RUN I_TURN_LEFT I_RUN I_TURN_LEFT I_RUN I_TURN_LEFT I_RUN I_TURN_LEFT I_RUN I_TURN_LEFT I_RUN I_TURN_LEFT I_RUN I_TURN_LEFT I_TURN_LEFT I_TURN_LEFT I_TURN_LEFT I_TURN_LEFT I_TURN_LEFT I_TURN_LEFT I_TURN_LEFT
run around right after jump right twice	I_TURN_RIGHT I_JUMP I_TURN_RIGHT I_JUMP I_TURN_RIGHT I_RUN I_TURN_RIGHT I_RUN I_TURN_RIGHT I_RUN I_TURN_RIGHT I_RUN
turn left thrice and look opposite left twice	I_TURN_LEFT I_TURN_LEFT I_TURN_LEFT I_TURN_LEFT I_TURN_LEFT I_LOOK I_TURN_LEFT I_TURN_LEFT I_LOOK
walk left twice after look around left	I_TURN_LEFT I_LOOK I_TURN_LEFT I_LOOK I_TURN_LEFT I_LOOK I_TURN_LEFT I_LOOK I_TURN_LEFT I_WALK I_TURN_LEFT I_WALK
look opposite right thrice after jump around left thrice	I_TURN_LEFT I_JUMP I_TURN_LEFT I_JUMP I_TURN_LEFT I_JUMP I_TURN_LEFT I_JUMP I_TURN_LEFT I_JUMP I_TURN_LEFT I_JUMP I_TURN_LEFT I_JUMP I_TURN_LEFT I_JUMP I_TURN_LEFT I_JUMP I_TURN_LEFT I_JUMP I_TURN_LEFT I_JUMP I_TURN_LEFT I_JUMP I_TURN_RIGHT I_TURN_RIGHT I_LOOK I_TURN_RIGHT I_TURN_RIGHT I_LOOK I_TURN_RIGHT I_TURN_RIGHT I_LOOK
jump around left thrice after walk opposite left thrice	I_TURN_LEFT I_TURN_LEFT I_WALK I_TURN_LEFT I_TURN_LEFT I_WALK I_TURN_LEFT I_TURN_LEFT I_WALK I_TURN_LEFT I_JUMP I_TURN_LEFT I_JUMP I_TURN_LEFT I_JUMP I_TURN_LEFT I_JUMP I_TURN_LEFT I_JUMP I_TURN_LEFT I_JUMP I_TURN_LEFT I_JUMP I_TURN_LEFT I_JUMP I_TURN_LEFT I_JUMP I_TURN_LEFT I_JUMP I_TURN_LEFT I_JUMP I_TURN_LEFT I_JUMP
walk right twice after run opposite left twice	I_TURN_LEFT I_TURN_LEFT I_RUN I_TURN_LEFT I_TURN_LEFT I_RUN I_TURN_RIGHT I_WALK I_TURN_RIGHT I_WALK
walk right thrice after walk around right	I_TURN_RIGHT I_WALK I_TURN_RIGHT I_WALK I_TURN_RIGHT I_WALK I_TURN_RIGHT I_WALK I_TURN_RIGHT I_WALK I_TURN_RIGHT I_WALK I_TURN_RIGHT I_WALK
jump around right twice and run around right twice	I_TURN_RIGHT I_JUMP I_TURN_RIGHT I_JUMP I_TURN_RIGHT I_JUMP I_TURN_RIGHT I_JUMP I_TURN_RIGHT I_JUMP I_TURN_RIGHT I_JUMP I_TURN_RIGHT I_JUMP I_TURN_RIGHT I_JUMP I_TURN_RIGHT I_RUN I_TURN_RIGHT I_RUN I_TURN_RIGHT I_RUN I_TURN_RIGHT I_RUN I_TURN_RIGHT I_RUN I_TURN_RIGHT I_RUN I_TURN_RIGHT I_RUN I_TURN_RIGHT I_RUN
jump opposite left thrice and look opposite left	I_TURN_LEFT I_TURN_LEFT I_JUMP I_TURN_LEFT I_TURN_LEFT I_JUMP I_TURN_LEFT I_TURN_LEFT I_JUMP I_TURN_LEFT I_TURN_LEFT I_LOOK
run opposite left twice after jump left thrice	I_TURN_LEFT I_JUMP I_TURN_LEFT I_JUMP I_TURN_LEFT I_JUMP I_TURN_LEFT I_TURN_LEFT I_RUN I_TURN_LEFT I_TURN_LEFT I_RUN
jump around right and jump right	I_TURN_RIGHT I_JUMP I_TURN_RIGHT I_JUMP I_TURN_RIGHT I_JUMP I_TURN_RIGHT I_JUMP I_TURN_RIGHT I_JUMP
walk right after run right	I_TURN_RIGHT I_RUN I_TURN_RIGHT I_WALK
walk opposite left and jump opposite right twice	I_TURN_LEFT I_TURN_LEFT I_WALK I_TURN_RIGHT I_TURN_RIGHT I_JUMP I_TURN_RIGHT I_TURN_RIGHT I_JUMP
look right and look left twice	I_TURN_RIGHT I_LOOK I_TURN_LEFT I_LOOK I_TURN_LEFT I_LOOK
jump twice and jump around right	I_JUMP I_JUMP I_TURN_RIGHT I_JUMP I_TURN_RIGHT I_JUMP I_TURN_RIGHT I_JUMP I_TURN_RIGHT I_JUMP
walk opposite left and turn left twice	I_TURN_LEFT I_TURN_LEFT I_WALK I_TURN_LEFT I_TURN_LEFT
look around left twice after look around left thrice	I_TURN_LEFT I_LOOK I_TURN_LEFT I_LOOK I_TURN_LEFT I_LOOK I_TURN_LEFT I_LOOK I_TURN_LEFT I_LOOK I_TURN_LEFT I_LOOK I_TURN_LEFT I_LOOK I_TURN_LEFT I_LOOK I_TURN_LEFT I_LOOK I_TURN_LEFT I_LOOK I_TURN_LEFT I_LOOK I_TURN_LEFT I_LOOK I_TURN_LEFT I_LOOK I_TURN_LEFT I_LOOK I_TURN_LEFT I_LOOK I_TURN_LEFT I_LOOK I_TURN_LEFT I_LOOK I_TURN_LEFT I_LOOK I_TURN_LEFT I_LOOK I_TURN_LEFT I_LOOK
look around right twice and jump opposite right thrice	I_TURN_RIGHT I_LOOK I_TURN_RIGHT I_LOOK I_TURN_RIGHT I_LOOK I_TURN_RIGHT I_LOOK I_TURN_RIGHT I_LOOK I_TURN_RIGHT I_LOOK I_TURN_RIGHT I_LOOK I_TURN_RIGHT I_LOOK I_TURN_RIGHT I_TURN_RIGHT I_JUMP I_TURN_RIGHT I_TURN_RIGHT I_JUMP I_TURN_RIGHT I_TURN_RIGHT I_JUMP
jump opposite right after walk around left twice	I_TURN_LEFT I_WALK I_TURN_LEFT I_WALK I_TURN_LEFT I_WALK I_TURN_LEFT I_WALK I_TURN_LEFT I_WALK I_TURN_LEFT I_WALK I_TURN_LEFT I_WALK I_TURN_LEFT I_WALK I_TURN_RIGHT I_TURN_RIGHT I_JUMP
walk left thrice after jump around left thrice	I_TURN_LEFT I_JUMP I_TURN_LEFT I_JUMP I_TURN_LEFT I_JUMP I_TURN_LEFT I_JUMP I_TURN_LEFT I_JUMP I_TURN_LEFT I_JUMP I_TURN_LEFT I_JUMP I_TURN_LEFT I_JUMP I_TURN_LEFT I_JUMP I_TURN_LEFT I_JUMP I_TURN_LEFT I_JUMP I_TURN_LEFT I_JUMP I_TURN_LEFT I_WALK I_TURN_LEFT I_WALK I_TURN_LEFT I_WALK
walk left twice after walk left	I_TURN_LEFT I_WALK I_TURN_LEFT I_WALK I_TURN_LEFT I_WALK
run left twice and run opposite left twice	I_TURN_LEFT I_RUN I_TURN_LEFT I_RUN I_TURN_LEFT I_TURN_LEFT I_RUN I_TURN_LEFT I_TURN_LEFT I_RUN
run right thrice and walk	I_TURN_RIGHT I_RUN I_TURN_RIGHT I_RUN I_TURN_RIGHT I_RUN I_WALK
turn right thrice and walk around left twice	I_TURN_RIGHT I_TURN_RIGHT I_TURN_RIGHT I_TURN_LEFT I_WALK I_TURN_LEFT I_WALK I_TURN_LEFT I_WALK I_TURN_LEFT I_WALK I_TURN_LEFT I_WALK I_TURN_LEFT I_WALK I_TURN_LEFT I_WALK I_TURN_LEFT I_WALK
look thrice and look opposite right	I_LOOK I_LOOK I_LOOK I_TURN_RIGHT I_TURN_RIGHT I_LOOK
look opposite right and turn right twice	I_TURN_RIGHT I_TURN_RIGHT I_LOOK I_TURN_RIGHT I_TURN_RIGHT
look opposite left twice and turn right thrice	I_TURN_LEFT I_TURN_LEFT I_LOOK I_TURN_LEFT I_TURN_LEFT I_LOOK I_TURN_RIGHT I_TURN_RIGHT I_TURN_RIGHT
jump opposite left thrice and walk right twice	I_TURN_LEFT I_TURN_LEFT I_JUMP I_TURN_LEFT I_TURN_LEFT I_JUMP I_TURN_LEFT I_TURN_LEFT I_JUMP I_TURN_RIGHT I_WALK I_TURN_RIGHT I_WALK
turn opposite right twice	I_TURN_RIGHT I_TURN_RIGHT I_TURN_RIGHT I_TURN_RIGHT
look left and run twice	I_TURN_LEFT I_LOOK I_RUN I_RUN
look left thrice and turn around right thrice	I_TURN_LEFT I_LOOK I_TURN_LEFT I_LOOK I_TURN_LEFT I_LOOK I_TURN_RIGHT I_TURN_RIGHT I_TURN_RIGHT I_TURN_RIGHT I_TURN_RIGHT I_TURN_RIGHT I_TURN_RIGHT I_TURN_RIGHT I_TURN_RIGHT I_TURN_RIGHT I_TURN_RIGHT I_TURN_RIGHT
look around right thrice and walk around left twice	I_TURN_RIGHT I_LOOK I_TURN_RIGHT I_LOOK I_TURN_RIGHT I_LOOK I_TURN_RIGHT I_LOOK I_TURN_RIGHT I_LOOK I_TURN_RIGHT I_LOOK I_TURN_RIGHT I_LOOK I_TURN_RIGHT I_LOOK I_TURN_RIGHT I_LOOK I_TURN_RIGHT I_LOOK I_TURN_RIGHT I_LOOK I_TURN_RIGHT I_LOOK I_TURN_LEFT I_WALK I_TURN_LEFT I_WALK I_TURN_LEFT I_WALK I_TURN_LEFT I_WALK I_TURN_LEFT I_WALK I_TURN_LEFT I_WALK I_TURN_LEFT I_WALK I_TURN_LEFT I_WALK
look right thrice after walk	I_WALK I_TURN_RIGHT I_LOOK I_TURN_RIGHT I_LOOK I_TURN_RIGHT I_LOOK
run twice and turn left	I_RUN I_RUN I_TURN_LEFT
walk and walk left twice	I_WALK I_TURN_LEFT I_WALK I_TURN_LEFT I_WALK
look left thrice after jump around left twice	I_TURN_LEFT I_JUMP I_TURN_LEFT I_JUMP I_TURN_LEFT I_JUMP I_TURN_LEFT I_JUMP I_TURN_LEFT I_JUMP I_TURN_LEFT I_JUMP I_TURN_LEFT I_JUMP I_TURN_LEFT I_JUMP I_TURN_LEFT I_LOOK I_TURN_LEFT I_LOOK I_TURN_LEFT I_LOOK
jump opposite left after look around left twice	I_TURN_LEFT I_LOOK I_TURN_LEFT I_LOOK I_TURN_LEFT I_LOOK I_TURN_LEFT I_LOOK I_TURN_LEFT I_LOOK I_TURN_LEFT I_LOOK I_TURN_LEFT I_LOOK I_TURN_LEFT I_LOOK I_TURN_LEFT I_TURN_LEFT I_JUMP
jump thrice after look around left thrice	I_TURN_LEFT I_LOOK I_TURN_LEFT I_LOOK I_TURN_LEFT I_LOOK I_TURN_LEFT I_LOOK I_TURN_LEFT I_LOOK I_TURN_LEFT I_LOOK I_TURN_LEFT I_LOOK I_TURN_LEFT I_LOOK I_TURN_LEFT I_LOOK I_TURN_LEFT I_LOOK I_TURN_LEFT I_LOOK I_TURN_LEFT I_LOOK I_JUMP I_JUMP I_JUMP
walk around right twice and run around right thrice	I_TURN_RIGHT I_WALK I_TURN_RIGHT I_WALK I_TURN_RIGHT I_WALK I_TURN_RIGHT I_WALK I_TURN_RIGHT I_WALK I_TURN_RIGHT I_WALK I_TURN_RIGHT I_WALK I_TURN_RIGHT I_WALK I_TURN_RIGHT I_RUN I_TURN_RIGHT I_RUN I_TURN_RIGHT I_RUN I_TURN_RIGHT I_RUN I_TURN_RIGHT I_RUN I_TURN_RIGHT I_RUN I_TURN_RIGHT I_RUN I_TURN_RIGHT I_RUN I_TURN_RIGHT I_RUN I_TURN_RIGHT I_RUN I_TURN_RIGHT I_RUN I_TURN_RIGHT I_RUN
turn opposite left and walk left thrice	I_TURN_LEFT I_TURN_LEFT I_TURN_LEFT I_WALK I_TURN_LEFT I_WALK I_TURN_LEFT I_WALK
turn around right thrice and jump opposite left twice	I_TURN_RIGHT I_TURN_RIGHT I_TURN_RIGHT I_TURN_RIGHT I_TURN_RIGHT I_TURN_RIGHT I_TURN_RIGHT I_TURN_RIGHT I_TURN_RIGHT I_TURN_RIGHT I_TURN_RIGHT I_TURN_RIGHT I_TURN_LEFT I_TURN_LEFT I_JUMP I_TURN_LEFT I_TURN_LEFT I_JUMP
look around left and turn around left	I_TURN_LEFT I_LOOK I_TURN_LEFT I_LOOK I_TURN_LEFT I_LOOK I_TURN_LEFT I_LOOK I_TURN_LEFT I_TURN_LEFT I_TURN_LEFT I_TURN_LEFT
turn around right and walk opposite right twice	I_TURN_RIGHT I_TURN_RIGHT I_TURN_RIGHT I_TURN_RIGHT I_TURN_RIGHT I_TURN_RIGHT I_WALK I_TURN_RIGHT I_TURN_RIGHT I_WALK
run left after walk right thrice	I_TURN_RIGHT I_WALK I_TURN_RIGHT I_WALK I_TURN_RIGHT I_WALK I_TURN_LEFT I_RUN
walk thrice after look around right	I_TURN_RIGHT I_LOOK I_TURN_RIGHT I_LOOK I_TURN_RIGHT I_LOOK I_TURN_RIGHT I_LOOK I_WALK I_WALK I_WALK
run around left thrice and jump around right twice	I_TURN_LEFT I_RUN I_TURN_LEFT I_RUN I_TURN_LEFT I_RUN I_TURN_LEFT I_RUN I_TURN_LEFT I_RUN I_TURN_LEFT I_RUN I_TURN_LEFT I_RUN I_TURN_LEFT I_RUN I_TURN_LEFT I_RUN I_TURN_LEFT I_RUN I_TURN_LEFT I_RUN I_TURN_LEFT I_RUN I_TURN_RIGHT I_JUMP I_TURN_RIGHT I_JUMP I_TURN_RIGHT I_JUMP I_TURN_RIGHT I_JUMP I_TURN_RIGHT I_JUMP I_TURN_RIGHT I_JUMP I_TURN_RIGHT I_JUMP I_TURN_RIGHT I_JUMP
turn opposite right after run opposite left	I_TURN_LEFT I_TURN_LEFT I_RUN I_TURN_RIGHT I_TURN_RIGHT
jump around right after jump opposite left	I_TURN_LEFT I_TURN_LEFT I_JUMP I_TURN_RIGHT I_JUMP I_TURN_RIGHT I_JUMP I_TURN_RIGHT I_JUMP I_TURN_RIGHT I_JUMP
run opposite left twice and look around left thrice	I_TURN_LEFT I_TURN_LEFT I_RUN I_TURN_LEFT I_TURN_LEFT I_RUN I_TURN_LEFT I_LOOK I_TURN_LEFT I_LOOK I_TURN_LEFT I_LOOK I_TURN_LEFT I_LOOK I_TURN_LEFT I_LOOK I_TURN_LEFT I_LOOK I_TURN_LEFT I_LOOK I_TURN_LEFT I_LOOK I_TURN_LEFT I_LOOK I_TURN_LEFT I_LOOK I_TURN_LEFT I_LOOK I_TURN_LEFT I_LOOK
walk opposite left thrice and look around right twice	I_TURN_LEFT I_TURN_LEFT I_WALK I_TURN_LEFT I_TURN_LEFT I_WALK I_TURN_LEFT I_TURN_LEFT I_WALK I_TURN_RIGHT I_LOOK I_TURN_RIGHT I_LOOK I_TURN_RIGHT I_LOOK I_TURN_RIGHT I_LOOK I_TURN_RIGHT I_LOOK I_TURN_RIGHT I_LOOK I_TURN_RIGHT I_LOOK I_TURN_RIGHT I_LOOK
run around right after run opposite left thrice	I_TURN_LEFT I_TURN_LEFT I_RUN I_TURN_LEFT I_TURN_LEFT I_RUN I_TURN_LEFT I_TURN_LEFT I_RUN I_TURN_RIGHT I_RUN I_TURN_RIGHT I_RUN I_TURN_RIGHT I_RUN I_TURN_RIGHT I_RUN
walk around right after walk right	I_TURN_RIGHT I_WALK I_TURN_RIGHT I_WALK I_TURN_RIGHT I_WALK I_TURN_RIGHT I_WALK I_TURN_RIGHT I_WALK
walk right thrice and look left thrice	I_TURN_RIGHT I_WALK I_TURN_RIGHT I_WALK I_TURN_RIGHT I_WALK I_TURN_LEFT I_LOOK I_TURN_LEFT I_LOOK I_TURN_LEFT I_LOOK
walk around left thrice and look right thrice	I_TURN_LEFT I_WALK I_TURN_LEFT I_WALK I_TURN_LEFT I_WALK I_TURN_LEFT I_WALK I_TURN_LEFT I_WALK I_TURN_LEFT I_WALK I_TURN_LEFT I_WALK I_TURN_LEFT I_WALK I_TURN_LEFT I_WALK I_TURN_LEFT I_WALK I_TURN_LEFT I_WALK I_TURN_LEFT I_WALK I_TURN_RIGHT I_LOOK I_TURN_RIGHT I_LOOK I_TURN_RIGHT I_LOOK
turn around left twice after look right twice	I_TURN_RIGHT I_LOOK I_TURN_RIGHT I_LOOK I_TURN_LEFT I_TURN_LEFT I_TURN_LEFT I_TURN_LEFT I_TURN_LEFT I_TURN_LEFT I_TURN_LEFT I_TURN_LEFT
run around right thrice and walk right twice	I_TURN_RIGHT I_RUN I_TURN_RIGHT I_RUN I_TURN_RIGHT I_RUN I_TURN_RIGHT I_RUN I_TURN_RIGHT I_RUN I_TURN_RIGHT I_RUN I_TURN_RIGHT I_RUN I_TURN_RIGHT I_RUN I_TURN_RIGHT I_RUN I_TURN_RIGHT I_RUN I_TURN_RIGHT I_RUN I_TURN_RIGHT I_RUN I_TURN_RIGHT I_WALK I_TURN_RIGHT I_WALK
walk left and jump thrice	I_TURN_LEFT I_WALK I_JUMP I_JUMP I_JUMP
run thrice after jump around right	I_TURN_RIGHT I_JUMP I_TURN_RIGHT I_JUMP I_TURN_RIGHT I_JUMP I_TURN_RIGHT I_JUMP I_RUN I_RUN I_RUN
turn right twice and jump left thrice	I_TURN_RIGHT I_TURN_RIGHT I_TURN_LEFT I_JUMP I_TURN_LEFT I_JUMP I_TURN_LEFT I_JUMP
look opposite right and turn around right	I_TURN_RIGHT I_TURN_RIGHT I_LOOK I_TURN_RIGHT I_TURN_RIGHT I_TURN_RIGHT I_TURN_RIGHT
turn opposite right and jump opposite right twice	I_TURN_RIGHT I_TURN_RIGHT I_TURN_RIGHT I_TURN_RIGHT I_JUMP I_TURN_RIGHT I_TURN_RIGHT I_JUMP
look left twice and turn left	I_TURN_LEFT I_LOOK I_TURN_LEFT I_LOOK I_TURN_LEFT
run around right thrice after turn around left twice	I_TURN_LEFT I_TURN_LEFT I_TURN_LEFT I_TURN_LEFT I_TURN_LEFT I_TURN_LEFT I_TURN_LEFT I_TURN_LEFT I_TURN_RIGHT I_RUN I_TURN_RIGHT I_RUN I_TURN_RIGHT I_RUN I_TURN_RIGHT I_RUN I_TURN_RIGHT I_RUN I_TURN_RIGHT I_RUN I_TURN_RIGHT I_RUN I_TURN_RIGHT I_RUN I_TURN_RIGHT I_RUN I_TURN_RIGHT I_RUN I_TURN_RIGHT I_RUN I_TURN_RIGHT I_RUN
look around right twice and walk left thrice	I_TURN_RIGHT I_LOOK I_TURN_RIGHT I_LOOK I_TURN_RIGHT I_LOOK I_TURN_RIGHT I_LOOK I_TURN_RIGHT I_LOOK I_TURN_RIGHT I_LOOK I_TURN_RIGHT I_LOOK I_TURN_RIGHT I_LOOK I_TURN_LEFT I_WALK I_TURN_LEFT I_WALK I_TURN_LEFT I_WALK
run left twice after walk around right	I_TURN_RIGHT I_WALK I_TURN_RIGHT I_WALK I_TURN_RIGHT I_WALK I_TURN_RIGHT I_WALK I_TURN_LEFT I_RUN I_TURN_LEFT I_RUN
run right and turn around right thrice	I_TURN_RIGHT I_RUN I_TURN_RIGHT I_TURN_RIGHT I_TURN_RIGHT I_TURN_RIGHT I_TURN_RIGHT I_TURN_RIGHT I_TURN_RIGHT I_TURN_RIGHT I_TURN_RIGHT I_TURN_RIGHT I_TURN_RIGHT I_TURN_RIGHT
run right after look around left thrice	I_TURN_LEFT I_LOOK I_TURN_LEFT I_LOOK I_TURN_LEFT I_LOOK I_TURN_LEFT I_LOOK I_TURN_LEFT I_LOOK I_TURN_LEFT I_LOOK I_TURN_LEFT I_LOOK I_TURN_LEFT I_LOOK I_TURN_LEFT I_LOOK I_TURN_LEFT I_LOOK I_TURN_LEFT I_LOOK I_TURN_LEFT I_LOOK I_TURN_RIGHT I_RUN
run right twice after walk around right twice	I_TURN_RIGHT I_WALK I_TURN_RIGHT I_WALK I_TURN_RIGHT I_WALK I_TURN_RIGHT I_WALK I_TURN_RIGHT I_WALK I_TURN_RIGHT I_WALK I_TURN_RIGHT I_WALK I_TURN_RIGHT I_WALK I_TURN_RIGHT I_RUN I_TURN_RIGHT I_RUN
look opposite right twice after jump opposite right twice	I_TURN_RIGHT I_TURN_RIGHT I_JUMP I_TURN_RIGHT I_TURN_RIGHT I_JUMP I_TURN_RIGHT I_TURN_RIGHT I_LOOK I_TURN_RIGHT I_TURN_RIGHT I_LOOK
run around right after run	I_RUN I_TURN_RIGHT I_RUN I_TURN_RIGHT I_RUN I_TURN_RIGHT I_RUN I_TURN_RIGHT I_RUN
walk around right thrice and jump right	I_TURN_RIGHT I_WALK I_TURN_RIGHT I_WALK I_TURN_RIGHT I_WALK I_TURN_RIGHT I_WALK I_TURN_RIGHT I_WALK I_TURN_RIGHT I_WALK I_TURN_RIGHT I_WALK I_TURN_RIGHT I_WALK I_TURN_RIGHT I_WALK I_TURN_RIGHT I_WALK I_TURN_RIGHT I_WALK I_TURN_RIGHT I_WALK I_TURN_RIGHT I_JUMP
walk around right after walk left thrice	I_TURN_LEFT I_WALK I_TURN_LEFT I_WALK I_TURN_LEFT I_WALK I_TURN_RIGHT I_WALK I_TURN_RIGHT I_WALK I_TURN_RIGHT I_WALK I_TURN_RIGHT I_WALK
walk opposite right thrice and turn left twice	I_TURN_RIGHT I_TURN_RIGHT I_WALK I_TURN_RIGHT I_TURN_RIGHT I_WALK I_TURN_RIGHT I_TURN_RIGHT I_WALK I_TURN_LEFT I_TURN_LEFT
look opposite right after run right	I_TURN_RIGHT I_RUN I_TURN_RIGHT I_TURN_RIGHT I_LOOK
turn around right thrice after jump opposite right	I_TURN_RIGHT I_TURN_RIGHT I_JUMP I_TURN_RIGHT I_TURN_RIGHT I_TURN_RIGHT I_TURN_RIGHT I_TURN_RIGHT I_TURN_RIGHT I_TURN_RIGHT I_TURN_RIGHT I_TURN_RIGHT I_TURN_RIGHT I_TURN_RIGHT I_TURN_RIGHT
look left twice after turn left twice	I_TURN_LEFT I_TURN_LEFT I_TURN_LEFT I_LOOK I_TURN_LEFT I_LOOK
walk around right twice and walk right thrice	I_TURN_RIGHT I_WALK I_TURN_RIGHT I_WALK I_TURN_RIGHT I_WALK I_TURN_RIGHT I_WALK I_TURN_RIGHT I_WALK I_TURN_RIGHT I_WALK I_TURN_RIGHT I_WALK I_TURN_RIGHT I_WALK I_TURN_RIGHT I_WALK I_TURN_RIGHT I_WALK I_TURN_RIGHT I_WALK
walk right twice and jump around right	I_TURN_RIGHT I_WALK I_TURN_RIGHT I_WALK I_TURN_RIGHT I_JUMP I_TURN_RIGHT I_JUMP I_TURN_RIGHT I_JUMP I_TURN_RIGHT I_JUMP
run around left thrice after walk opposite right thrice	I_TURN_RIGHT I_TURN_RIGHT I_WALK I_TURN_RIGHT I_TURN_RIGHT I_WALK I_TURN_RIGHT I_TURN_RIGHT I_WALK I_TURN_LEFT I_RUN I_TURN_LEFT I_RUN I_TURN_LEFT I_RUN I_TURN_LEFT I_RUN I_TURN_LEFT I_RUN I_TURN_LEFT I_RUN I_TURN_LEFT I_RUN I_TURN_LEFT I_RUN I_TURN_LEFT I_RUN I_TURN_LEFT I_RUN I_TURN_LEFT I_RUN I_TURN_LEFT I_RUN
turn opposite left twice and walk right thrice	I_TURN_LEFT I_TURN_LEFT I_TURN_LEFT I_TURN_LEFT I_TURN_RIGHT I_WALK I_TURN_RIGHT I_WALK I_TURN_RIGHT I_WALK
walk left and jump left twice	I_TURN_LEFT I_WALK I_TURN_LEFT I_JUMP I_TURN_LEFT I_JUMP
jump around right twice after walk opposite right thrice	I_TURN_RIGHT I_TURN_RIGHT I_WALK I_TURN_RIGHT I_TURN_RIGHT I_WALK I_TURN_RIGHT I_TURN_RIGHT I_WALK I_TURN_RIGHT I_JUMP I_TURN_RIGHT I_JUMP I_TURN_RIGHT I_JUMP I_TURN_RIGHT I_JUMP I_TURN_RIGHT I_JUMP I_TURN_RIGHT I_JUMP I_TURN_RIGHT I_JUMP I_TURN_RIGHT I_JUMP
walk after jump opposite right twice	I_TURN_RIGHT I_TURN_RIGHT I_JUMP I_TURN_RIGHT I_TURN_RIGHT I_JUMP I_WALK
look right thrice and jump left	I_TURN_RIGHT I_LOOK I_TURN_RIGHT I_LOOK I_TURN_RIGHT I_LOOK I_TURN_LEFT I_JUMP
turn opposite right thrice and run opposite left	I_TURN_RIGHT I_TURN_RIGHT I_TURN_RIGHT I_TURN_RIGHT I_TURN_RIGHT I_TURN_RIGHT I_TURN_LEFT I_TURN_LEFT I_RUN
